0 3.03099
0 3.03096
0 3.03096
2 3.03085
2 3.03085
100 3.02011
200 3.00914
300 2.99821
400 2.98733
500 2.97648
600 2.96567
700 2.9549
800 2.94417
900 2.93348
1000 2.92283
1000 2.92283
1100 2.91221
1200 2.90164
1300 2.8911
1400 2.88061
1500 2.87015
1600 2.85973
1700 2.84935
1800 2.839
1900 2.8287
2000 2.81843
2000 2.81843
2048 2.81351
2048 2.81351
2050 2.81341
2050 2.81341
2100 2.80831
2200 2.79811
2300 2.78795
2400 2.77783
2500 2.76775
2600 2.7577
2700 2.7477
2800 2.73772
2900 2.72779
3000 2.71788
3000 2.71788
3100 2.70802
3200 2.69819
3300 2.6884
3400 2.67864
3500 2.66892
3600 2.65924
3700 2.64959
3800 2.63997
3900 2.63039
4000 2.62085
4000 2.62085
4096 2.61172
4096 2.61172
4098 2.61162
4098 2.61162
4100 2.61145
4200 2.60197
4300 2.59253
4400 2.58313
4500 2.57375
4502 2.57353
4502 2.57353
4504 2.57337
4504 2.57337
4504 2.57336
4504 2.57336
4505 2.57331
4505 2.57331
4505 2.57329
4505 2.57329
4506 2.57324
4506 2.57324
4506 2.57322
4506 2.57322
4507 2.57313
4507 2.57313
4600 2.56452
4700 2.55522
4800 2.54595
4900 2.53671
5000 2.52751
5000 2.52751
5100 2.51834
5200 2.5092
5300 2.5001
5400 2.49103
5500 2.48199
5600 2.47299
5700 2.46402
5800 2.45508
5900 2.44618
6000 2.43731
6000 2.43731
6100 2.42847
6144 2.42459
6144 2.42459
6146 2.4245
6146 2.4245
6146 2.4245
6146 2.4245
6200 2.42451
6300 2.42453
6400 2.42455
6500 2.42456
6600 2.42458
6700 2.42459
6800 2.42461
6900 2.42463
7000 2.42464
7000 2.42464
7100 2.42466
7200 2.42467
7300 2.42469
7400 2.42471
7500 2.42472
7600 2.42474
7700 2.42475
7800 2.42477
7900 2.42479
8000 2.4248
8000 2.4248
8100 2.42482
8186 2.42483
8186 2.42483
8192 2.42434
8192 2.42434
8194 2.42425
8194 2.42425
8194 2.42425
8194 2.42425
8200 2.42425
8300 2.42427
8400 2.42428
8500 2.4243
8600 2.42432
8700 2.42433
8800 2.42435
8900 2.42436
9000 2.42438
9000 2.42438
9100 2.4244
9200 2.42441
9300 2.42443
9400 2.42444
9500 2.42446
9600 2.42448
9700 2.42449
9800 2.42451
9900 2.42452
10000 2.42454
10000 2.42454
10082 2.42455
10082 2.42455
10082 2.42455
10082 2.42455
10082 2.42455
10086 2.42417
10086 2.42417
10087 2.42416
10087 2.42416
10088 2.42411
10088 2.42411
10088 2.42411
10088 2.42411
10100 2.42412
10200 2.42413
10234 2.42414
10234 2.42414
10240 2.42365
10240 2.42365
10242 2.42356
10242 2.42356
10242 2.42356
10242 2.42356
10300 2.42357
10400 2.42359
10500 2.4236
10600 2.42362
10700 2.42364
10800 2.42365
10900 2.42367
11000 2.42368
11000 2.42368
11100 2.4237
11200 2.42372
11300 2.42373
11400 2.42375
11500 2.42376
11600 2.42378
11700 2.4238
11800 2.42381
11900 2.42383
12000 2.42385
12000 2.42385
12100 2.42386
12200 2.42388
12282 2.42389
12282 2.42389
12288 2.4234
12288 2.4234
12290 2.4233
12290 2.4233
12290 2.4233
12290 2.4233
12300 2.42331
12400 2.42332
12500 2.42334
12600 2.42335
12700 2.42337
12800 2.42339
12900 2.4234
13000 2.42342
13000 2.42342
13100 2.42343
13200 2.42345
13300 2.42347
13400 2.42348
13500 2.4235
13600 2.42351
13700 2.42353
13800 2.42355
13900 2.42356
14000 2.42358
14000 2.42358
14100 2.4236
14200 2.42361
14300 2.42363
14330 2.42363
14330 2.42363
14336 2.42314
14336 2.42314
14400 2.42315
14500 2.42317
14600 2.42318
14700 2.4232
14800 2.42322
14900 2.42323
15000 2.42325
15000 2.42325
15100 2.42326
15200 2.42328
15300 2.4233
15400 2.42331
15500 2.42333
15600 2.42334
15700 2.42336
15800 2.42338
15900 2.42339
16000 2.42341
16000 2.42341
16100 2.42342
16200 2.42344
16300 2.42346
16378 2.42347
16378 2.42347
16384 2.42298
16384 2.42298
16386 2.42289
16386 2.42289
16386 2.42289
16386 2.42289
16400 2.42289
16500 2.42291
16600 2.42292
16700 2.42294
16800 2.42295
16900 2.42297
17000 2.42299
17000 2.42299
17100 2.423
17200 2.42302
17300 2.42303
17400 2.42305
17500 2.42307
17600 2.42308
17700 2.4231
17800 2.42312
17900 2.42313
18000 2.42315
18000 2.42315
18100 2.42316
18200 2.42318
18300 2.4232
18400 2.42321
18426 2.42322
18426 2.42322
18432 2.42272
18432 2.42272
18434 2.42264
18434 2.42264
18434 2.42264
18434 2.42264
18500 2.42265
18600 2.42267
18700 2.42268
18800 2.4227
18900 2.42272
19000 2.42273
19000 2.42273
19100 2.42275
19200 2.42276
19300 2.42278
19400 2.4228
19500 2.42281
19600 2.42283
19700 2.42284
19800 2.42286
19900 2.42288
20000 2.42289
20000 2.42289
20082 2.42291
20082 2.42291
20082 2.42291
20082 2.42291
20082 2.42291
20086 2.42252
20086 2.42252
20087 2.42251
20087 2.42251
20088 2.42247
20088 2.42247
20088 2.42247
20088 2.42247
20100 2.42247
20200 2.42249
20300 2.4225
20400 2.42252
20474 2.42253
20474 2.42253
20480 2.42204
20480 2.42204
20482 2.42194
20482 2.42194
20482 2.42194
20482 2.42194
20500 2.42195
20600 2.42196
20700 2.42198
20800 2.42199
20900 2.42201
21000 2.42203
21000 2.42203
21100 2.42204
21200 2.42206
21300 2.42208
21400 2.42209
21500 2.42211
21600 2.42212
21700 2.42214
21800 2.42216
21900 2.42217
22000 2.42219
22000 2.42219
22100 2.4222
22200 2.42222
22300 2.42224
22400 2.42225
22500 2.42227
22522 2.42227
22522 2.42227
22528 2.42178
22528 2.42178
22600 2.42179
22700 2.42181
22800 2.42182
22900 2.42184
23000 2.42186
23000 2.42186
23100 2.42187
23200 2.42189
23300 2.4219
23400 2.42192
23500 2.42194
23600 2.42195
23700 2.42197
23800 2.42199
23900 2.422
24000 2.42202
24000 2.42202
24100 2.42203
24200 2.42205
24300 2.42207
24400 2.42208
24500 2.4221
24570 2.42211
24570 2.42211
24576 2.42162
24576 2.42162
24578 2.42153
24578 2.42153
24578 2.42153
24578 2.42153
24600 2.42153
24700 2.42155
24800 2.42156
24900 2.42158
25000 2.4216
25000 2.4216
25100 2.42161
25200 2.42163
25300 2.42164
25400 2.42166
25500 2.42168
25600 2.42169
25700 2.42171
25800 2.42173
25900 2.42174
26000 2.42176
26000 2.42176
26100 2.42177
26200 2.42179
26300 2.42181
26400 2.42182
26500 2.42184
26600 2.42185
26618 2.42186
26618 2.42186
26624 2.42137
26624 2.42137
26626 2.42128
26626 2.42128
26626 2.42128
26626 2.42128
26700 2.42129
26800 2.42131
26900 2.42133
27000 2.42134
27000 2.42134
27100 2.42136
27200 2.42138
27300 2.42139
27400 2.42141
27500 2.42142
27600 2.42144
27700 2.42146
27800 2.42147
27900 2.42149
28000 2.4215
28000 2.4215
28100 2.42152
28200 2.42154
28300 2.42155
28400 2.42157
28500 2.42158
28600 2.4216
28666 2.42161
28666 2.42161
28672 2.42112
28672 2.42112
28674 2.42103
28674 2.42103
28674 2.42103
28674 2.42103
28700 2.42103
28800 2.42105
28900 2.42107
29000 2.42108
29000 2.42108
29100 2.4211
29200 2.42112
29300 2.42113
29400 2.42115
29500 2.42116
29600 2.42118
29700 2.4212
29800 2.42121
29900 2.42123
30000 2.42124
30000 2.42124
30082 2.42126
30082 2.42126
30082 2.42126
30082 2.42126
30082 2.42126
30086 2.42087
30086 2.42087
30087 2.42086
30087 2.42086
30088 2.42082
30088 2.42082
30088 2.42082
30088 2.42082
30100 2.42082
30200 2.42084
30300 2.42085
30400 2.42087
30500 2.42089
30600 2.4209
30700 2.42092
30714 2.42092
30714 2.42092
30720 2.42043
30720 2.42043
30722 2.42035
30722 2.42035
30722 2.42035
30722 2.42035
30800 2.42036
30900 2.42037
31000 2.42039
31000 2.42039
31100 2.42041
31200 2.42042
31300 2.42044
31400 2.42045
31500 2.42047
31600 2.42049
31700 2.4205
31800 2.42052
31900 2.42054
32000 2.42055
32000 2.42055
32100 2.42057
32200 2.42058
32300 2.4206
32400 2.42062
32500 2.42063
32600 2.42065
32700 2.42066
32762 2.42067
32762 2.42067
32768 2.42018
32768 2.42018
32770 2.42009
32770 2.42009
32770 2.42009
32770 2.42009
32800 2.42009
32900 2.42011
33000 2.42013
33000 2.42013
33100 2.42014
33200 2.42016
33300 2.42017
33400 2.42019
33500 2.42021
33600 2.42022
33700 2.42024
33800 2.42026
33900 2.42027
