0 3
0 3
2 3
100 3
200 3
300 3
400 3
500 3
600 3
700 3
800 3
900 3
1000 3
1000 3
1024 3
1026 3
1100 3
1200 3
1300 3
1400 3
1500 3
1600 3
1700 3
1800 3
1900 3
2000 3
2000 3
2048 3
2050 3
2100 3
2200 3
2300 3
2400 3
2500 3
2502 3
2508 3
2508 3
2509 3
2509 3
2513 3
2514 3
2515 3
2600 3
2700 3
2800 3
2900 3
3000 3
3000 3
3072 3
3074 2.99484
3100 2.98067
3176 2.93937
3200 2.93945
3300 2.93978
3400 2.94011
3500 2.94044
3600 2.94077
3700 2.9411
3800 2.94143
3900 2.94176
4000 2.94209
4000 2.94209
4094 2.9424
4096 2.94154
4098 2.93609
4098 2.93609
4100 2.93609
4200 2.93643
4300 2.93676
4400 2.93709
4500 2.93743
4600 2.93776
4700 2.93809
4800 2.93842
4900 2.93876
5000 2.93909
5000 2.93909
5100 2.93942
5118 2.93948
5120 2.93863
5122 2.93357
5200 2.89215
5224 2.8793
5300 2.87959
5400 2.87998
5500 2.88037
5600 2.88075
5700 2.88113
5800 2.88152
5900 2.8819
6000 2.88229
6000 2.88229
6100 2.88267
6142 2.88283
6144 2.882
6146 2.87665
6146 2.87665
6200 2.87686
6300 2.87725
6400 2.87764
6500 2.87803
6600 2.87841
6700 2.8788
6800 2.87919
6900 2.87957
7000 2.87996
7000 2.87996
7100 2.88034
7166 2.8806
7168 2.87977
7170 2.87482
7200 2.85916
7272 2.82169
7300 2.82181
7400 2.82225
7500 2.82269
7600 2.82313
7700 2.82357
7800 2.824
7900 2.82444
8000 2.82488
8000 2.82488
8100 2.82531
8190 2.82571
8192 2.82489
8194 2.81965
8194 2.81965
8200 2.81968
8300 2.82012
8400 2.82056
8500 2.821
8600 2.82144
8700 2.82188
8800 2.82232
8900 2.82275
9000 2.82319
9000 2.82319
9100 2.82363
9200 2.82407
9214 2.82413
9216 2.82331
9218 2.81846
9300 2.77673
9320 2.76644
9400 2.76683
9500 2.76732
9600 2.76781
9700 2.76829
9800 2.76878
9900 2.76927
10000 2.76976
10000 2.76976
10100 2.77024
10200 2.77073
10238 2.77092
10240 2.77012
10242 2.76498
10242 2.76498
10300 2.76527
10400 2.76576
10500 2.76625
10600 2.76674
10700 2.76723
10800 2.76771
10900 2.7682
11000 2.76869
11000 2.76869
11100 2.76918
11200 2.76966
11262 2.76997
11264 2.76917
11266 2.76441
11300 2.74739
11368 2.71345
11400 2.71362
11500 2.71415
11600 2.71469
11700 2.71523
11800 2.71576
11900 2.7163
12000 2.71684
12000 2.71684
12100 2.71737
12200 2.71791
12286 2.71837
12288 2.71758
12290 2.71255
12290 2.71255
12300 2.7126
12400 2.71314
12500 2.71368
12600 2.71422
12700 2.71475
12800 2.71529
12900 2.71583
13000 2.71636
13000 2.71636
13100 2.7169
13200 2.71743
13300 2.71797
13310 2.71802
13312 2.71724
13314 2.71257
13400 2.67057
13416 2.66262
13500 2.66311
13600 2.66369
13700 2.66428
13800 2.66486
13900 2.66544
14000 2.66603
14000 2.66603
14100 2.66661
14200 2.66719
14300 2.66777
14334 2.66797
14336 2.6672
14338 2.66226
14338 2.66226
14400 2.66262
14500 2.66321
14600 2.66379
14700 2.66438
14800 2.66496
14900 2.66554
15000 2.66612
15000 2.66612
15100 2.6667
15200 2.66729
15300 2.66787
15358 2.66821
15360 2.66744
15362 2.66286
15400 2.64458
15464 2.61388
15500 2.6141
15600 2.61473
15700 2.61536
15800 2.61599
15900 2.61661
16000 2.61724
16000 2.61724
16100 2.61787
16200 2.61849
16300 2.61912
16382 2.61963
16384 2.61888
16386 2.61403
16386 2.61403
16400 2.61412
16500 2.61475
16600 2.61538
16700 2.616
16800 2.61663
16900 2.61726
17000 2.61788
17000 2.61788
17100 2.61851
17200 2.61914
17300 2.61976
17400 2.62038
17406 2.62042
17408 2.61967
17410 2.61517
17500 2.5729
17512 2.56712
17600 2.56771
17700 2.56839
17800 2.56906
17900 2.56973
18000 2.5704
18000 2.5704
18100 2.57107
18200 2.57174
18300 2.5724
18400 2.57307
18430 2.57327
18432 2.57253
18434 2.56777
18434 2.56777
18500 2.56821
18600 2.56889
18700 2.56956
18800 2.57023
18900 2.5709
19000 2.57157
19000 2.57157
19100 2.57223
19200 2.5729
19300 2.57357
19400 2.57424
19454 2.5746
19456 2.57386
19458 2.56944
19500 2.55
19560 2.52229
19600 2.52257
19700 2.52328
19800 2.52399
19900 2.52471
20000 2.52542
20000 2.52542
20100 2.52613
20200 2.52684
20300 2.52755
20400 2.52826
20478 2.52881
20480 2.52809
20482 2.52341
20482 2.52341
20500 2.52353
20600 2.52425
20700 2.52496
20800 2.52567
20900 2.52638
21000 2.52709
21000 2.52709
21100 2.5278
21200 2.52851
21300 2.52922
21400 2.52992
21500 2.53063
21502 2.53065
21504 2.52992
21506 2.52558
21600 2.48306
21608 2.47928
21700 2.47997
21800 2.48072
21900 2.48148
22000 2.48223
22000 2.48223
22100 2.48298
22200 2.48373
22300 2.48448
22400 2.48522
22500 2.48597
22526 2.48617
22528 2.48546
22530 2.48086
22530 2.48086
22600 2.48138
22700 2.48213
22800 2.48288
22900 2.48363
23000 2.48438
23000 2.48438
23100 2.48513
23200 2.48588
23300 2.48663
23400 2.48737
23500 2.48812
23550 2.48849
23552 2.48778
23554 2.48351
23600 2.46299
23656 2.43804
23700 2.43838
23800 2.43917
23900 2.43996
24000 2.44075
24000 2.44075
24100 2.44154
24200 2.44233
24300 2.44312
24400 2.4439
24500 2.44469
24574 2.44527
24576 2.44457
24578 2.44005
24578 2.44005
24600 2.44022
24700 2.44101
24800 2.4418
24900 2.44259
25000 2.44337
25000 2.44337
25100 2.44416
25200 2.44494
25300 2.44573
25400 2.44651
25500 2.4473
25598 2.44807
25600 2.44736
25600 2.44736
25602 2.44317
25700 2.40039
25704 2.39848
25800 2.39927
25900 2.4001
26000 2.40092
26000 2.40092
26100 2.40175
26200 2.40257
26300 2.4034
26400 2.40422
26500 2.40504
26600 2.40586
26622 2.40605
26624 2.40536
26626 2.40091
26626 2.40091
26700 2.40152
26800 2.40234
26900 2.40317
27000 2.40399
27000 2.40399
27100 2.40481
27200 2.40563
27300 2.40645
27400 2.40727
27500 2.40809
27600 2.40891
27646 2.40929
27648 2.4086
27650 2.40447
27700 2.38293
27752 2.36054
27800 2.36095
27900 2.36181
28000 2.36268
28000 2.36268
28100 2.36354
28200 2.36439
28300 2.36525
28400 2.36611
28500 2.36697
28600 2.36782
28670 2.36843
28672 2.36775
28674 2.36337
28674 2.36337
28700 2.36359
28800 2.36445
28900 2.36531
29000 2.36617
29000 2.36617
29100 2.36703
29200 2.36788
29300 2.36874
29400 2.36959
29500 2.37045
29600 2.3713
29694 2.3721
29696 2.37143
29698 2.36736
29700 2.36652
29800 2.32433
29800 2.32416
29900 2.32505
30000 2.32594
30000 2.32594
30100 2.32684
30200 2.32773
30300 2.32862
30400 2.32951
30500 2.3304
30600 2.33129
30700 2.33218
30718 2.33235
30720 2.33168
30722 2.32737
30722 2.32737
30800 2.32806
30900 2.32896
31000 2.32985
31000 2.32985
31100 2.33074
31200 2.33163
31300 2.33252
31400 2.3334
31500 2.33429
31600 2.33518
31700 2.33606
31742 2.33644
31744 2.33577
31746 2.33177
31800 2.30926
31848 2.28926
31900 2.28974
32000 2.29066
32000 2.29066
32100 2.29159
32200 2.29252
32300 2.29344
32400 2.29436
32500 2.29529
32600 2.29621
32700 2.29713
32766 2.29774
32768 2.29709
32770 2.29284
32770 2.29284
32800 2.29312
32900 2.29404
33000 2.29496
33000 2.29496
33100 2.29589
33200 2.29681
33300 2.29773
33400 2.29865
33500 2.29957
33600 2.30048
33700 2.3014
33790 2.30223
33792 2.30157
33794 2.29763
33800 2.29517
33896 2.25579
33900 2.25582
34000 2.25678
34000 2.25678
34100 2.25774
34200 2.25869
34300 2.25965
34400 2.26061
34500 2.26156
34600 2.26251
34700 2.26346
34800 2.26441
34814 2.26455
34816 2.26391
34818 2.25972
34818 2.25972
34900 2.26051
35000 2.26146
35000 2.26146
35100 2.26241
35200 2.26336
35300 2.26432
35400 2.26527
35500 2.26622
35600 2.26716
35700 2.26811
35800 2.26906
35838 2.26942
35840 2.26878
35842 2.26489
35900 2.24146
35944 2.22369
36000 2.22424
36000 2.22424
36100 2.22522
36200 2.22621
36300 2.2272
36400 2.22818
36500 2.22916
36600 2.23015
36700 2.23113
36773 2.23185
36773 2.23185
36800 2.126
36832 2.00088
36832 2.00082
36833 1.99914
36833 1.99914
36862 1.99949
36864 1.99892
36866 1.99524
36866 1.99524
36900 1.99564
37000 1.99684
37000 1.99684
37100 1.99803
37200 1.99923
37300 2.00042
37400 2.00162
37500 2.00281
37600 2.004
37700 2.00519
37800 2.00638
37886 2.0074
37888 2.00684
37890 2.0034
37900 1.99986
37992 1.96731
38000 1.96741
38000 1.96741
38100 1.96863
38200 1.96985
38300 1.97107
38400 1.97229
38500 1.97351
38600 1.97473
38700 1.97594
38800 1.97716
38900 1.97837
38910 1.9785
38912 1.97794
38914 1.9743
38914 1.9743
39000 1.97534
39000 1.97534
39100 1.97656
39200 1.97777
39300 1.97898
39400 1.9802
39500 1.98141
39600 1.98262
39700 1.98383
39800 1.98503
39900 1.98624
39934 1.98666
39936 1.9861
39938 1.9827
40000 1.96102
40000 1.96102
40040 1.94702
40100 1.94776
40200 1.949
40300 1.95024
40400 1.95148
40500 1.95271
40600 1.95395
40700 1.95519
40800 1.95642
40900 1.95765
40958 1.95837
40960 1.95782
40962 1.95421
40962 1.95421
41000 1.95468
41000 1.95468
41100 1.95591
41200 1.95715
41300 1.95838
41400 1.95961
41500 1.96084
41600 1.96207
41700 1.9633
41800 1.96453
41900 1.96575
41982 1.96676
41984 1.96621
41986 1.96285
42000 1.95799
42000 1.95799
42088 1.92755
42100 1.92769
42200 1.92895
42300 1.93021
42400 1.93147
42500 1.93273
42600 1.93398
42700 1.93523
42800 1.93649
42900 1.93774
43000 1.93899
43000 1.93899
43006 1.93907
43008 1.93852
43010 1.93495
43010 1.93495
43100 1.93608
43200 1.93733
43300 1.93858
43400 1.93983
43500 1.94108
43600 1.94232
43700 1.94357
43800 1.94481
43900 1.94606
44000 1.9473
44000 1.9473
44030 1.94768
44032 1.94713
44034 1.9438
44100 1.92122
44136 1.90888
44200 1.90969
44300 1.91097
44400 1.91224
44500 1.91351
44600 1.91479
44700 1.91606
44800 1.91733
44900 1.9186
45000 1.91986
45000 1.91986
45054 1.92055
45056 1.92001
45058 1.91648
45058 1.91648
45100 1.91701
45200 1.91828
45300 1.91954
45400 1.92081
45500 1.92208
45600 1.92334
45700 1.92461
45800 1.92587
45900 1.92713
46000 1.92839
46000 1.92839
46078 1.92938
46080 1.92883
46082 1.92554
46100 1.91942
46184 1.89097
46200 1.89117
46300 1.89247
46400 1.89376
46500 1.89505
46600 1.89634
46700 1.89762
46800 1.89891
46900 1.9002
47000 1.90148
47000 1.90148
47100 1.90277
47102 1.9028
47104 1.90226
47106 1.89876
47106 1.89876
47200 1.89996
47300 1.90125
47400 1.90253
47500 1.90382
47600 1.9051
47700 1.90638
47800 1.90766
47900 1.90893
48000 1.91021
48000 1.91021
48100 1.91149
48126 1.91182
48128 1.91129
48130 1.90802
48200 1.88456
48232 1.8738
48300 1.87468
48400 1.87599
48500 1.8773
48600 1.8786
48700 1.87991
48800 1.88121
48900 1.88251
49000 1.88381
49000 1.88381
49100 1.88511
49150 1.88577
49152 1.88524
49154 1.88177
49154 1.88177
49200 1.88236
49300 1.88366
49400 1.88496
49500 1.88626
49600 1.88756
49700 1.88885
49800 1.89015
49900 1.89144
50000 1.89274
50000 1.89274
50100 1.89403
50174 1.89499
50176 1.89446
50178 1.89122
50200 1.88389
50280 1.85732
50300 1.85758
50400 1.85891
50500 1.86023
50600 1.86155
50700 1.86287
50800 1.86419
50900 1.86551
51000 1.86682
51000 1.86682
51100 1.86814
51198 1.86943
51200 1.86891
51200 1.86891
51202 1.86547
51202 1.86547
51300 1.86675
51400 1.86807
51500 1.86938
51600 1.8707
51700 1.87201
51800 1.87332
51900 1.87463
52000 1.87594
52000 1.87594
52100 1.87724
52200 1.87855
52222 1.87884
52224 1.87831
52226 1.87511
52300 1.85078
52328 1.84153
52400 1.84248
52500 1.84382
52600 1.84516
52700 1.84649
52800 1.84783
52900 1.84916
53000 1.85049
53000 1.85049
53100 1.85182
53200 1.85315
53246 1.85377
53248 1.85325
53250 1.84984
53250 1.84984
53300 1.8505
53400 1.85183
53500 1.85316
53600 1.85449
53700 1.85581
53800 1.85714
53900 1.85846
54000 1.85979
54000 1.85979
54100 1.86111
54200 1.86243
54270 1.86336
54272 1.86283
54274 1.85965
54300 1.85115
54376 1.82637
54400 1.82669
54500 1.82805
54600 1.8294
54700 1.83075
54800 1.83209
54900 1.83344
55000 1.83479
55000 1.83479
55100 1.83613
55200 1.83748
55294 1.83874
55296 1.83823
55298 1.83484
55298 1.83484
55300 1.83487
55400 1.83621
55500 1.83756
55600 1.8389
55700 1.84024
55800 1.84158
55900 1.84292
56000 1.84425
56000 1.84425
56100 1.84559
56200 1.84693
56300 1.84826
56318 1.8485
56320 1.84799
56322 1.84483
56400 1.81965
56424 1.81184
56500 1.81287
56600 1.81424
56700 1.8156
56800 1.81697
56900 1.81833
57000 1.81969
57000 1.81969
57100 1.82104
57200 1.8224
57300 1.82376
57342 1.82433
57344 1.82382
57346 1.82047
57346 1.82047
57400 1.8212
57500 1.82255
57600 1.82391
57700 1.82526
57800 1.82662
57900 1.82797
58000 1.82932
58000 1.82932
58100 1.83067
58200 1.83202
58300 1.83337
58366 1.83426
58368 1.83375
58370 1.83062
58400 1.82098
58472 1.79791
58472 1.79791
58500 1.79829
58600 1.79966
58700 1.80104
58800 1.80242
58900 1.80379
59000 1.80516
59000 1.80516
59100 1.80654
59200 1.80791
59300 1.80928
59400 1.81064
59500 1.81201
59600 1.81338
59700 1.81474
59800 1.8161
59900 1.81747
60000 1.81883
60000 1.81883
60100 1.82019
60200 1.82154
60300 1.8229
60400 1.82426
60500 1.82561
60600 1.82696
60700 1.82832
60800 1.82967
60900 1.83102
61000 1.83236
61000 1.83236
61100 1.83371
61200 1.83506
61300 1.8364
61400 1.83774
61500 1.83909
61600 1.84043
61700 1.84177
61800 1.8431
61900 1.84444
62000 1.84578
62000 1.84578
62100 1.84711
62200 1.84845
62300 1.84978
62400 1.85111
62500 1.85244
62600 1.85377
62700 1.85509
62800 1.85642
62900 1.85774
63000 1.85907
63000 1.85907
63100 1.86039
63200 1.86171
63300 1.86303
63400 1.86435
63500 1.86567
63600 1.86698
63700 1.8683
63800 1.86961
63900 1.87093
64000 1.87224
64000 1.87224
64100 1.87355
64200 1.87486
64300 1.87616
64400 1.87747
64500 1.87878
64600 1.88008
64700 1.88138
64800 1.88269
64900 1.88399
65000 1.88529
65000 1.88529
65100 1.88658
65200 1.88788
65300 1.88918
65400 1.89047
65500 1.89177
65600 1.89306
65700 1.89435
65800 1.89564
65900 1.89693
66000 1.89822
66000 1.89822
66100 1.8995
66200 1.90079
66300 1.90207
66400 1.90336
66500 1.90464
66600 1.90592
66700 1.9072
66800 1.90847
66900 1.90975
67000 1.91103
67000 1.91103
67100 1.9123
67200 1.91358
67300 1.91485
67400 1.91612
67500 1.91739
67600 1.91866
67700 1.91993
67800 1.92119
67900 1.92246
68000 1.92372
68000 1.92372
68100 1.92499
68200 1.92625
68300 1.92751
68400 1.92877
68500 1.93003
68600 1.93128
68700 1.93254
68800 1.93379
68900 1.93505
69000 1.9363
69000 1.9363
69100 1.93755
69200 1.9388
69300 1.94005
69400 1.9413
69500 1.94255
69600 1.94379
69700 1.94504
69800 1.94628
69900 1.94752
70000 1.94876
70000 1.94876
70100 1.95
70200 1.95124
70300 1.95248
70400 1.95372
70500 1.95495
70600 1.95619
70700 1.95742
70800 1.95865
70900 1.95988
71000 1.96111
71000 1.96111
71100 1.96234
71200 1.96357
71300 1.9648
71400 1.96602
71500 1.96725
71600 1.96847
71700 1.96969
71800 1.97091
71900 1.97213
72000 1.97335
72000 1.97335
72100 1.97457
72200 1.97578
72300 1.977
72400 1.97821
72500 1.97943
72600 1.98064
72700 1.98185
72800 1.98306
72900 1.98427
73000 1.98547
73000 1.98547
73100 1.98668
73200 1.98789
73300 1.98909
73400 1.99029
73500 1.9915
73600 1.9927
73700 1.9939
73800 1.99509
73900 1.99629
74000 1.99749
74000 1.99749
74100 1.99868
74200 1.99988
74300 2.00107
74400 2.00226
74500 2.00345
74600 2.00464
74700 2.00583
74800 2.00702
74900 2.00821
75000 2.00939
75000 2.00939
75100 2.01058
75200 2.01176
75300 2.01294
75400 2.01412
75500 2.0153
75600 2.01648
75700 2.01766
75800 2.01884
75900 2.02001
76000 2.02119
76000 2.02119
76100 2.02236
76200 2.02353
76300 2.02471
76400 2.02588
76500 2.02705
76600 2.02821
76700 2.02938
76800 2.03055
76900 2.03171
77000 2.03288
77000 2.03288
77100 2.03404
77200 2.0352
77300 2.03636
77400 2.03752
77500 2.03868
77600 2.03984
77700 2.04099
77800 2.04215
77900 2.0433
78000 2.04446
78000 2.04446
78100 2.04561
78200 2.04676
78300 2.04791
78400 2.04906
78500 2.05021
78600 2.05135
78700 2.0525
78800 2.05364
78900 2.05479
79000 2.05593
79000 2.05593
79100 2.05707
79200 2.05821
79300 2.05935
79400 2.06049
79500 2.06163
79600 2.06277
79700 2.0639
79800 2.06503
79900 2.06617
80000 2.0673
80000 2.0673
80100 2.06843
80200 2.06956
80300 2.07069
80400 2.07182
80500 2.07295
80600 2.07407
80700 2.0752
80800 2.07632
80900 2.07744
81000 2.07857
81000 2.07857
81100 2.07969
81200 2.08081
81300 2.08193
81400 2.08304
81500 2.08416
81600 2.08528
81700 2.08639
81800 2.0875
81900 2.08862
82000 2.08973
82000 2.08973
82100 2.09084
82200 2.09195
82300 2.09306
82400 2.09417
82500 2.09527
82600 2.09638
82700 2.09748
82800 2.09859
82900 2.09969
83000 2.10079
83000 2.10079
83100 2.10189
83200 2.10299
83300 2.10409
83400 2.10519
83500 2.10628
83600 2.10738
83700 2.10847
83800 2.10957
83900 2.11066
84000 2.11175
84000 2.11175
84100 2.11284
84200 2.11393
84300 2.11502
84400 2.11611
84500 2.11719
84600 2.11828
84700 2.11936
84800 2.12045
84900 2.12153
85000 2.12261
85000 2.12261
85100 2.12369
85200 2.12477
85300 2.12585
85400 2.12693
85500 2.128
85600 2.12908
85700 2.13015
85800 2.13123
85900 2.1323
86000 2.13337
86000 2.13337
86100 2.13444
86200 2.13551
86300 2.13658
86400 2.13765
86500 2.13871
86600 2.13978
86700 2.14084
86800 2.14191
86900 2.14297
87000 2.14403
87000 2.14403
87100 2.14509
87200 2.14615
87300 2.14721
87400 2.14827
87500 2.14933
87600 2.15038
87700 2.15144
87800 2.15249
87900 2.15354
88000 2.1546
88000 2.1546
88100 2.15565
88200 2.1567
88300 2.15775
88400 2.15879
88500 2.15984
88600 2.16089
88700 2.16193
88800 2.16298
88900 2.16402
89000 2.16506
89000 2.16506
89100 2.16611
89200 2.16715
89300 2.16819
89400 2.16922
89500 2.17026
89600 2.1713
89700 2.17233
89800 2.17337
89900 2.1744
90000 2.17544
90000 2.17544
90100 2.17647
90200 2.1775
90300 2.17853
90400 2.17956
90500 2.18059
90600 2.18161
90700 2.18264
90800 2.18367
90900 2.18469
91000 2.18571
91000 2.18571
91100 2.18674
91200 2.18776
91300 2.18878
91400 2.1898
91500 2.19082
91600 2.19183
91700 2.19285
91800 2.19387
91900 2.19488
92000 2.1959
92000 2.1959
92100 2.19691
92200 2.19792
92300 2.19893
92400 2.19994
92500 2.20095
92600 2.20196
92700 2.20297
92800 2.20398
92900 2.20498
93000 2.20599
93000 2.20599
93100 2.20699
93200 2.20799
93300 2.209
93400 2.21
93500 2.211
93600 2.212
93700 2.213
93800 2.21399
93900 2.21499
94000 2.21598
94000 2.21598
94100 2.21698
94200 2.21797
94300 2.21897
94400 2.21996
94500 2.22095
94600 2.22194
94700 2.22293
94800 2.22392
94900 2.22491
95000 2.22589
95000 2.22589
95100 2.22688
95200 2.22786
95300 2.22885
95400 2.22983
95500 2.23081
95600 2.23179
95700 2.23277
95800 2.23375
95900 2.23473
96000 2.23571
96000 2.23571
96100 2.23668
96200 2.23766
96300 2.23863
96400 2.23961
96500 2.24058
96600 2.24155
96700 2.24253
96800 2.2435
96900 2.24447
97000 2.24543
97000 2.24543
97100 2.2464
97200 2.24737
97300 2.24833
97400 2.2493
97500 2.25026
97600 2.25123
97700 2.25219
97800 2.25315
97900 2.25411
98000 2.25507
98000 2.25507
98100 2.25603
98200 2.25699
98300 2.25795
98400 2.2589
98500 2.25986
98600 2.26081
98700 2.26177
98800 2.26272
98900 2.26367
99000 2.26462
99000 2.26462
99100 2.26557
99200 2.26652
99300 2.26747
99400 2.26842
99500 2.26936
99600 2.27031
99700 2.27125
99800 2.2722
99900 2.27314
100000 2.27408
100000 2.27408
100100 2.27502
100200 2.27596
100300 2.2769
100400 2.27784
100500 2.27878
100600 2.27972
100700 2.28065
100800 2.28159
100900 2.28252
101000 2.28346
101000 2.28346
101100 2.28439
101200 2.28532
101300 2.28625
101400 2.28718
101500 2.28811
101600 2.28904
101700 2.28997
101800 2.2909
101900 2.29182
102000 2.29275
102000 2.29275
102100 2.29367
102200 2.2946
102300 2.29552
102400 2.29644
102500 2.29736
102600 2.29828
102700 2.2992
102800 2.30012
102900 2.30104
103000 2.30195
103000 2.30195
103100 2.30287
103200 2.30378
103300 2.3047
103400 2.30561
103500 2.30652
103600 2.30744
103700 2.30835
103800 2.30926
103900 2.31017
104000 2.31107
104000 2.31107
104100 2.31198
104200 2.31289
104300 2.31379
104400 2.3147
104500 2.3156
104600 2.31651
104700 2.31741
104800 2.31831
104900 2.31921
105000 2.32011
105000 2.32011
105100 2.32101
105200 2.32191
105300 2.32281
105400 2.3237
105500 2.3246
105600 2.32549
105700 2.32639
105800 2.32728
105900 2.32817
106000 2.32907
106000 2.32907
106100 2.32996
106200 2.33085
106300 2.33174
106400 2.33263
106500 2.33351
106600 2.3344
106700 2.33529
106800 2.33617
106900 2.33706
107000 2.33794
107000 2.33794
107100 2.33882
107200 2.3397
107300 2.34058
107400 2.34147
107500 2.34234
107600 2.34322
107700 2.3441
107800 2.34498
107900 2.34586
108000 2.34673
108000 2.34673
108100 2.34761
108200 2.34848
108300 2.34935
108400 2.35022
108500 2.3511
108600 2.35197
108700 2.35284
108800 2.35371
108900 2.35457
109000 2.35544
109000 2.35544
109100 2.35631
109200 2.35717
109300 2.35804
109400 2.3589
109500 2.35977
109600 2.36063
109700 2.36149
109800 2.36235
109900 2.36321
110000 2.36407
110000 2.36407
110100 2.36493
110200 2.36579
110300 2.36665
110400 2.3675
110500 2.36836
110600 2.36922
110700 2.37007
110800 2.37092
110900 2.37178
111000 2.37263
111000 2.37263
111100 2.37348
111200 2.37433
111300 2.37518
111400 2.37603
111500 2.37687
111600 2.37772
111700 2.37857
111800 2.37941
111900 2.38026
112000 2.3811
112000 2.3811
112100 2.38194
112200 2.38279
112300 2.38363
112400 2.38447
112500 2.38531
112600 2.38615
112700 2.38699
112800 2.38783
112900 2.38866
113000 2.3895
113000 2.3895
113100 2.39033
113200 2.39117
113300 2.392
113400 2.39284
113500 2.39367
113600 2.3945
113700 2.39533
113800 2.39616
113900 2.39699
114000 2.39782
114000 2.39782
114100 2.39865
114200 2.39947
114300 2.4003
114400 2.40113
114500 2.40195
114600 2.40277
114700 2.4036
114800 2.40442
114900 2.40524
115000 2.40606
115000 2.40606
115100 2.40688
115200 2.4077
115300 2.40852
115400 2.40934
115500 2.41016
115600 2.41097
115700 2.41179
115800 2.4126
115900 2.41342
116000 2.41423
116000 2.41423
116100 2.41505
116200 2.41586
116300 2.41667
116400 2.41748
116500 2.41829
116600 2.4191
116700 2.41991
116800 2.42071
116900 2.42152
117000 2.42233
117000 2.42233
117100 2.42313
117200 2.42394
117300 2.42474
117400 2.42554
117500 2.42635
117600 2.42715
117700 2.42795
117800 2.42875
117900 2.42955
118000 2.43035
118000 2.43035
118100 2.43115
118200 2.43194
118300 2.43274
118400 2.43353
118500 2.43433
118600 2.43512
118700 2.43592
118800 2.43671
118900 2.4375
119000 2.43829
119000 2.43829
119100 2.43909
119200 2.43988
119300 2.44066
119400 2.44145
119500 2.44224
119600 2.44303
119700 2.44381
119800 2.4446
119900 2.44538
120000 2.44617
120000 2.44617
120100 2.44695
120200 2.44773
120300 2.44852
120400 2.4493
120500 2.45008
120600 2.45086
120700 2.45164
120800 2.45242
120900 2.45319
121000 2.45397
121000 2.45397
121100 2.45475
121200 2.45552
121300 2.4563
121400 2.45707
121500 2.45785
121600 2.45862
121700 2.45939
121800 2.46016
121900 2.46093
122000 2.4617
122000 2.4617
122100 2.46247
122200 2.46324
122300 2.46401
122400 2.46477
122500 2.46554
122600 2.46631
122700 2.46707
122800 2.46784
122900 2.4686
123000 2.46936
123000 2.46936
123100 2.47012
123200 2.47089
123300 2.47165
123400 2.47241
123500 2.47317
123600 2.47393
123700 2.47468
123800 2.47544
123900 2.4762
124000 2.47695
124000 2.47695
124100 2.47771
124200 2.47846
124300 2.47922
124400 2.47997
124500 2.48072
124600 2.48147
124700 2.48222
124800 2.48298
124900 2.48373
125000 2.48447
125000 2.48447
125100 2.48522
125200 2.48597
125300 2.48672
125400 2.48746
125500 2.48821
125600 2.48895
125700 2.4897
125800 2.49044
125900 2.49118
126000 2.49193
126000 2.49193
126100 2.49267
126200 2.49341
126300 2.49415
126400 2.49489
126500 2.49563
126600 2.49636
126700 2.4971
126800 2.49784
126900 2.49857
127000 2.49931
127000 2.49931
127100 2.50005
127200 2.50078
127300 2.50151
127400 2.50225
127500 2.50298
127600 2.50371
127700 2.50444
127800 2.50517
127900 2.5059
128000 2.50663
128000 2.50663
128100 2.50735
128200 2.50808
128300 2.50881
128400 2.50953
128500 2.51026
128600 2.51098
128700 2.51171
128800 2.51243
128900 2.51315
129000 2.51388
129000 2.51388
129100 2.5146
129200 2.51532
129300 2.51604
129400 2.51676
129500 2.51748
129600 2.51819
129700 2.51891
129800 2.51963
129900 2.52034
130000 2.52106
130000 2.52106
130100 2.52177
130200 2.52249
130300 2.5232
130400 2.52392
130500 2.52463
130600 2.52534
130700 2.52605
130800 2.52676
130900 2.52747
131000 2.52818
131000 2.52818
131100 2.52889
131200 2.52959
131300 2.5303
131400 2.53101
131500 2.53171
131600 2.53242
131700 2.53312
131800 2.53383
131900 2.53453
132000 2.53523
132000 2.53523
132100 2.53593
132200 2.53663
132300 2.53733
132400 2.53803
132500 2.53873
132600 2.53943
132700 2.54013
132800 2.54083
132900 2.54152
133000 2.54222
133000 2.54222
133100 2.54291
133200 2.54361
133300 2.5443
133400 2.545
133500 2.54569
133600 2.54638
133700 2.54707
133800 2.54776
133900 2.54845
134000 2.54914
134000 2.54914
134100 2.54983
134200 2.55052
134300 2.55121
134400 2.5519
134500 2.55258
134600 2.55327
134700 2.55395
134800 2.55464
134900 2.55532
135000 2.556
135000 2.556
135100 2.55669
135200 2.55737
135300 2.55805
135400 2.55873
135500 2.55941
135600 2.56009
135700 2.56077
135800 2.56145
135900 2.56213
136000 2.5628
136000 2.5628
136100 2.56348
136200 2.56415
136300 2.56483
136400 2.5655
136500 2.56618
136600 2.56685
136700 2.56752
136800 2.5682
136900 2.56887
137000 2.56954
137000 2.56954
137100 2.57021
137200 2.57088
137300 2.57155
137400 2.57222
137500 2.57288
137600 2.57355
137700 2.57422
137800 2.57488
137900 2.57555
138000 2.57621
138000 2.57621
138100 2.57688
138200 2.57754
138300 2.5782
138400 2.57887
138500 2.57953
138600 2.58019
138700 2.58085
138800 2.58151
138900 2.58217
139000 2.58283
139000 2.58283
139100 2.58348
139200 2.58414
139300 2.5848
139400 2.58546
139500 2.58611
139600 2.58677
139700 2.58742
139800 2.58807
139900 2.58873
140000 2.58938
140000 2.58938
140100 2.59003
140200 2.59068
140300 2.59133
140400 2.59198
140500 2.59263
140600 2.59328
140700 2.59393
140800 2.59458
140900 2.59523
141000 2.59587
141000 2.59587
141100 2.59652
141200 2.59716
141300 2.59781
141400 2.59845
141500 2.5991
141600 2.59974
141700 2.60038
141800 2.60103
141900 2.60167
142000 2.60231
142000 2.60231
142100 2.60295
142200 2.60359
142300 2.60423
142400 2.60486
142500 2.6055
142600 2.60614
142700 2.60678
142800 2.60741
142900 2.60805
143000 2.60868
143000 2.60868
143100 2.60932
143200 2.60995
143300 2.61058
143400 2.61122
143500 2.61185
143600 2.61248
143700 2.61311
143800 2.61374
143900 2.61437
144000 2.615
144000 2.615
144100 2.61563
144200 2.61626
144300 2.61688
144400 2.61751
144500 2.61814
144600 2.61876
144700 2.61939
144800 2.62001
144900 2.62063
145000 2.62126
145000 2.62126
145100 2.62188
145200 2.6225
145300 2.62312
145400 2.62375
145500 2.62437
145600 2.62499
145700 2.62561
145800 2.62622
145900 2.62684
146000 2.62746
146000 2.62746
146100 2.62808
146200 2.62869
146300 2.62931
146400 2.62992
146500 2.63054
146600 2.63115
146700 2.63177
146800 2.63238
146900 2.63299
147000 2.6336
147000 2.6336
147100 2.63422
147200 2.63483
147300 2.63544
147400 2.63605
147500 2.63666
147600 2.63726
147700 2.63787
147800 2.63848
147900 2.63909
148000 2.63969
148000 2.63969
148100 2.6403
148200 2.6409
148300 2.64151
148400 2.64211
148500 2.64272
148600 2.64332
148700 2.64392
148800 2.64452
148900 2.64513
149000 2.64573
149000 2.64573
149100 2.64633
149200 2.64693
149300 2.64753
149400 2.64812
149500 2.64872
149600 2.64932
149700 2.64992
149800 2.65051
149900 2.65111
150000 2.65171
150000 2.65171
150100 2.6523
150200 2.65289
150300 2.65349
150400 2.65408
150500 2.65467
150600 2.65527
150700 2.65586
150800 2.65645
150900 2.65704
151000 2.65763
151000 2.65763
151100 2.65822
151200 2.65881
151300 2.6594
151400 2.65998
151500 2.66057
151600 2.66116
151700 2.66174
151800 2.66233
151900 2.66291
152000 2.6635
152000 2.6635
152100 2.66408
152200 2.66467
152300 2.66525
152400 2.66583
152500 2.66641
152600 2.66699
152700 2.66757
152800 2.66815
152900 2.66873
153000 2.66931
153000 2.66931
153100 2.66989
153200 2.67047
153300 2.67105
153400 2.67163
153500 2.6722
153600 2.67278
153700 2.67335
153800 2.67393
153900 2.6745
154000 2.67508
154000 2.67508
154100 2.67565
154200 2.67622
154300 2.67679
154400 2.67737
154500 2.67794
154600 2.67851
154700 2.67908
154800 2.67965
154900 2.68022
155000 2.68079
155000 2.68079
155100 2.68135
155200 2.68192
155300 2.68249
155400 2.68306
155500 2.68362
155600 2.68419
155700 2.68475
155800 2.68532
155900 2.68588
156000 2.68644
156000 2.68644
156100 2.68701
156200 2.68757
156300 2.68813
156400 2.68869
156500 2.68925
156600 2.68981
156700 2.69037
156800 2.69093
156900 2.69149
157000 2.69205
157000 2.69205
157100 2.69261
157200 2.69316
157300 2.69372
157400 2.69428
157500 2.69483
157600 2.69539
157700 2.69594
157800 2.6965
157900 2.69705
158000 2.6976
158000 2.6976
158100 2.69816
158200 2.69871
158300 2.69926
158400 2.69981
158500 2.70036
158600 2.70091
158700 2.70146
158800 2.70201
158900 2.70256
159000 2.70311
159000 2.70311
159100 2.70366
159200 2.7042
159300 2.70475
159400 2.7053
159500 2.70584
159600 2.70639
159700 2.70693
159800 2.70747
159900 2.70802
160000 2.70856
160000 2.70856
160100 2.7091
160200 2.70965
160300 2.71019
160400 2.71073
160500 2.71127
160600 2.71181
160700 2.71235
160800 2.71289
160900 2.71343
161000 2.71397
161000 2.71397
161100 2.7145
161200 2.71504
161300 2.71558
161400 2.71611
161500 2.71665
161600 2.71718
161700 2.71772
161800 2.71825
161900 2.71879
162000 2.71932
162000 2.71932
162100 2.71985
162200 2.72038
162300 2.72092
162400 2.72145
162500 2.72198
162600 2.72251
162700 2.72304
162800 2.72357
162900 2.7241
163000 2.72462
163000 2.72462
163100 2.72515
163200 2.72568
163300 2.72621
163400 2.72673
163500 2.72726
163600 2.72778
163700 2.72831
163800 2.72883
163900 2.72936
164000 2.72988
164000 2.72988
164100 2.7304
164200 2.73093
164300 2.73145
164400 2.73197
164500 2.73249
164600 2.73301
164700 2.73353
164800 2.73405
164900 2.73457
165000 2.73509
165000 2.73509
165100 2.73561
165200 2.73613
165300 2.73664
165400 2.73716
165500 2.73768
165600 2.73819
165700 2.73871
165800 2.73922
165900 2.73974
166000 2.74025
166000 2.74025
166100 2.74077
166200 2.74128
166300 2.74179
166400 2.7423
166500 2.74281
166600 2.74333
166700 2.74384
166800 2.74435
166900 2.74486
167000 2.74537
167000 2.74537
167100 2.74587
167200 2.74638
167300 2.74689
167400 2.7474
167500 2.74791
167600 2.74841
167700 2.74892
167800 2.74942
167900 2.74993
168000 2.75043
168000 2.75043
168100 2.75094
168200 2.75144
168300 2.75194
168400 2.75245
168500 2.75295
168600 2.75345
168700 2.75395
168800 2.75445
168900 2.75495
169000 2.75545
169000 2.75545
169100 2.75595
169200 2.75645
169300 2.75695
169400 2.75745
169500 2.75795
169600 2.75844
169700 2.75894
169800 2.75944
169900 2.75993
170000 2.76043
170000 2.76043
170100 2.76092
170200 2.76142
170300 2.76191
170400 2.76241
170500 2.7629
170600 2.76339
170700 2.76388
170800 2.76438
170900 2.76487
171000 2.76536
171000 2.76536
171100 2.76585
171200 2.76634
171300 2.76683
171400 2.76732
171500 2.76781
171600 2.76829
171700 2.76878
171800 2.76927
171900 2.76976
172000 2.77024
172000 2.77024
172100 2.77073
172200 2.77121
172300 2.7717
172400 2.77218
172500 2.77267
172600 2.77315
172700 2.77364
172800 2.77412
172900 2.7746
173000 2.77508
173000 2.77508
173100 2.77556
173200 2.77605
173300 2.77653
173400 2.77701
173500 2.77749
173600 2.77797
173700 2.77844
173800 2.77892
173900 2.7794
174000 2.77988
174000 2.77988
174100 2.78036
174200 2.78083
174300 2.78131
174400 2.78178
174500 2.78226
174600 2.78273
174700 2.78321
174800 2.78368
174900 2.78416
175000 2.78463
175000 2.78463
175100 2.7851
175200 2.78558
175300 2.78605
175400 2.78652
175500 2.78699
175600 2.78746
175700 2.78793
175800 2.7884
175900 2.78887
176000 2.78934
176000 2.78934
176100 2.78981
176200 2.79028
176300 2.79074
176400 2.79121
176500 2.79168
176600 2.79214
176700 2.79261
176800 2.79307
176900 2.79354
177000 2.794
177000 2.794
177100 2.79447
177200 2.79493
177300 2.7954
177400 2.79586
177500 2.79632
177600 2.79678
177700 2.79724
177800 2.79771
177900 2.79817
178000 2.79863
178000 2.79863
178100 2.79909
178200 2.79955
178300 2.80001
178400 2.80046
178500 2.80092
178600 2.80138
178700 2.80184
178800 2.80229
178900 2.80275
179000 2.80321
179000 2.80321
179100 2.80366
179200 2.80412
179300 2.80457
179400 2.80503
179500 2.80548
179600 2.80594
179700 2.80639
179800 2.80684
179900 2.80729
180000 2.80775
180000 2.80775
180100 2.8082
180200 2.80865
180300 2.8091
180400 2.80955
180500 2.81
180600 2.81045
180700 2.8109
180800 2.81135
180900 2.81179
181000 2.81224
181000 2.81224
181100 2.81269
181200 2.81314
181300 2.81358
181400 2.81403
181500 2.81448
181600 2.81492
181700 2.81537
181800 2.81581
181900 2.81625
182000 2.8167
182000 2.8167
182100 2.81714
182200 2.81758
182300 2.81803
182400 2.81847
182500 2.81891
182600 2.81935
182700 2.81979
182800 2.82023
182900 2.82067
183000 2.82111
183000 2.82111
183100 2.82155
183200 2.82199
183300 2.82243
183400 2.82287
183500 2.82331
183600 2.82374
183700 2.82418
183800 2.82462
183900 2.82505
184000 2.82549
184000 2.82549
184100 2.82592
184200 2.82636
184300 2.82679
184400 2.82723
184500 2.82766
184600 2.82809
184700 2.82853
184800 2.82896
184900 2.82939
185000 2.82982
185000 2.82982
185100 2.83025
185200 2.83069
185300 2.83112
185400 2.83155
185500 2.83198
185600 2.8324
185700 2.83283
185800 2.83326
185900 2.83369
186000 2.83412
186000 2.83412
186100 2.83455
186200 2.83497
186300 2.8354
186400 2.83583
186500 2.83625
186600 2.83668
186700 2.8371
186800 2.83753
186900 2.83795
187000 2.83837
187000 2.83837
187100 2.8388
187200 2.83922
187300 2.83964
187400 2.84007
187500 2.84049
187600 2.84091
187700 2.84133
187800 2.84175
187900 2.84217
188000 2.84259
188000 2.84259
188100 2.84301
188200 2.84343
188300 2.84385
188400 2.84427
188500 2.84469
188600 2.8451
188700 2.84552
188800 2.84594
188900 2.84635
189000 2.84677
189000 2.84677
189100 2.84719
189200 2.8476
189300 2.84802
189400 2.84843
189500 2.84884
189600 2.84926
189700 2.84967
189800 2.85008
189900 2.8505
190000 2.85091
190000 2.85091
190100 2.85132
190200 2.85173
190300 2.85214
190400 2.85256
190500 2.85297
190600 2.85338
190700 2.85379
190800 2.85419
190900 2.8546
191000 2.85501
191000 2.85501
191100 2.85542
191200 2.85583
191300 2.85624
191400 2.85664
191500 2.85705
191600 2.85746
191700 2.85786
191800 2.85827
191900 2.85867
192000 2.85908
192000 2.85908
192100 2.85948
192200 2.85989
192300 2.86029
192400 2.86069
192500 2.8611
192600 2.8615
192700 2.8619
192800 2.8623
192900 2.8627
193000 2.86311
193000 2.86311
193100 2.86351
193200 2.86391
193300 2.86431
193400 2.86471
193500 2.86511
193600 2.8655
193700 2.8659
193800 2.8663
193900 2.8667
194000 2.8671
194000 2.8671
194100 2.86749
194200 2.86789
194300 2.86829
194400 2.86868
194500 2.86908
194600 2.86947
194700 2.86987
194800 2.87026
194900 2.87066
195000 2.87105
195000 2.87105
195100 2.87144
195200 2.87184
195300 2.87223
195400 2.87262
195500 2.87301
195600 2.87341
195700 2.8738
195800 2.87419
195900 2.87458
196000 2.87497
196000 2.87497
196100 2.87536
196200 2.87575
196300 2.87614
196400 2.87653
196500 2.87691
196600 2.8773
196700 2.87769
196800 2.87808
196900 2.87846
197000 2.87885
197000 2.87885
197100 2.87924
197200 2.87962
197300 2.88001
197400 2.88039
197500 2.88078
197600 2.88116
197700 2.88155
197800 2.88193
197900 2.88232
198000 2.8827
198000 2.8827
198100 2.88308
198200 2.88346
198300 2.88385
198400 2.88423
198500 2.88461
198600 2.88499
198700 2.88537
198800 2.88575
198900 2.88613
199000 2.88651
199000 2.88651
199100 2.88689
199200 2.88727
199300 2.88765
199400 2.88802
199500 2.8884
199600 2.88878
199700 2.88916
199800 2.88953
199900 2.88991
200000 2.89029
200000 2.89029
200100 2.89066
200200 2.89104
200300 2.89141
200400 2.89179
200500 2.89216
200600 2.89254
200700 2.89291
200800 2.89328
200900 2.89366
201000 2.89403
201000 2.89403
201100 2.8944
201200 2.89477
201300 2.89515
201400 2.89552
201500 2.89589
201600 2.89626
201700 2.89663
201800 2.897
201900 2.89737
202000 2.89774
202000 2.89774
202100 2.89811
202200 2.89848
202300 2.89884
202400 2.89921
202500 2.89958
202600 2.89995
202700 2.90031
202800 2.90068
202900 2.90105
203000 2.90141
203000 2.90141
203100 2.90178
203200 2.90214
203300 2.90251
203400 2.90287
203500 2.90324
203600 2.9036
203700 2.90396
203800 2.90433
203900 2.90469
204000 2.90505
204000 2.90505
204100 2.90542
204200 2.90578
204300 2.90614
204400 2.9065
204500 2.90686
204600 2.90722
204700 2.90758
204800 2.90794
204900 2.9083
205000 2.90866
205000 2.90866
205100 2.90902
205200 2.90938
205300 2.90974
205400 2.91009
205500 2.91045
205600 2.91081
205700 2.91117
205800 2.91152
205900 2.91188
206000 2.91223
206000 2.91223
206100 2.91259
206200 2.91295
206300 2.9133
206400 2.91366
206500 2.91401
206600 2.91436
206700 2.91472
206800 2.91507
206900 2.91542
207000 2.91578
207000 2.91578
207100 2.91613
207200 2.91648
207300 2.91683
207400 2.91718
207500 2.91754
207600 2.91789
207700 2.91824
207800 2.91859
207900 2.91894
208000 2.91929
208000 2.91929
208100 2.91964
208200 2.91998
208300 2.92033
208400 2.92068
208500 2.92103
208600 2.92138
208700 2.92172
208800 2.92207
208900 2.92242
209000 2.92276
209000 2.92276
209100 2.92311
209200 2.92345
209300 2.9238
209400 2.92415
209500 2.92449
209600 2.92483
209700 2.92518
209800 2.92552
209900 2.92587
210000 2.92621
210000 2.92621
210100 2.92655
210200 2.92689
210300 2.92724
210400 2.92758
210500 2.92792
210600 2.92826
210700 2.9286
210800 2.92894
210900 2.92928
211000 2.92962
211000 2.92962
211100 2.92996
211200 2.9303
211300 2.93064
211400 2.93098
211500 2.93132
211600 2.93166
211700 2.93199
211800 2.93233
211900 2.93267
212000 2.93301
212000 2.93301
212100 2.93334
212200 2.93368
212300 2.93401
212400 2.93435
212500 2.93469
212600 2.93502
212700 2.93536
212800 2.93569
212900 2.93602
213000 2.93636
213000 2.93636
213100 2.93669
213200 2.93702
213300 2.93736
213400 2.93769
213500 2.93802
213600 2.93835
213700 2.93869
213800 2.93902
213900 2.93935
214000 2.93968
214000 2.93968
214100 2.94001
214200 2.94034
214300 2.94067
214400 2.941
214500 2.94133
214600 2.94166
214700 2.94199
214800 2.94231
214900 2.94264
215000 2.94297
215000 2.94297
215100 2.9433
215200 2.94362
215300 2.94395
215400 2.94428
215500 2.9446
215600 2.94493
215700 2.94526
215800 2.94558
215900 2.94591
216000 2.94623
216000 2.94623
216100 2.94656
216200 2.94688
216300 2.9472
216400 2.94753
216500 2.94785
216600 2.94817
216700 2.9485
216800 2.94882
216900 2.94914
217000 2.94946
217000 2.94946
217100 2.94978
217200 2.9501
217300 2.95043
217400 2.95075
217500 2.95107
217600 2.95139
217700 2.95171
217800 2.95203
217900 2.95234
218000 2.95266
218000 2.95266
218100 2.95298
218200 2.9533
218300 2.95362
218400 2.95394
218500 2.95425
218600 2.95457
218700 2.95489
218800 2.9552
218900 2.95552
219000 2.95584
219000 2.95584
219100 2.95615
219200 2.95647
219300 2.95678
219400 2.9571
219500 2.95741
219600 2.95772
219700 2.95804
219800 2.95835
219900 2.95867
220000 2.95898
220000 2.95898
220100 2.95929
220200 2.9596
220300 2.95992
220400 2.96023
220500 2.96054
220600 2.96085
220700 2.96116
220800 2.96147
220900 2.96178
221000 2.96209
221000 2.96209
221100 2.9624
221200 2.96271
221300 2.96302
221400 2.96333
221500 2.96364
221600 2.96395
221700 2.96426
221800 2.96456
221900 2.96487
222000 2.96518
222000 2.96518
222100 2.96549
222200 2.96579
222300 2.9661
222400 2.96641
222500 2.96671
222600 2.96702
222700 2.96732
222800 2.96763
222900 2.96793
223000 2.96824
223000 2.96824
223100 2.96854
223200 2.96885
223300 2.96915
223400 2.96945
223500 2.96976
223600 2.97006
223700 2.97036
223800 2.97066
223900 2.97097
224000 2.97127
224000 2.97127
224100 2.97157
224200 2.97187
224300 2.97217
224400 2.97247
224500 2.97277
224600 2.97307
224700 2.97337
224800 2.97367
224900 2.97397
225000 2.97427
225000 2.97427
225100 2.97457
225200 2.97487
225300 2.97516
225400 2.97546
225500 2.97576
225600 2.97606
225700 2.97635
225800 2.97665
225900 2.97695
226000 2.97724
226000 2.97724
226100 2.97754
226200 2.97784
226300 2.97813
226400 2.97843
226500 2.97872
226600 2.97902
226700 2.97931
226800 2.9796
226900 2.9799
227000 2.98019
227000 2.98019
227100 2.98048
227200 2.98078
227300 2.98107
227400 2.98136
227500 2.98166
227600 2.98195
227700 2.98224
227800 2.98253
227900 2.98282
228000 2.98311
228000 2.98311
228100 2.9834
228200 2.98369
228300 2.98398
228400 2.98427
228500 2.98456
228600 2.98485
228700 2.98514
228800 2.98543
228900 2.98572
229000 2.98601
229000 2.98601
229100 2.98629
229200 2.98658
229300 2.98687
229400 2.98716
229500 2.98744
229600 2.98773
229700 2.98802
229800 2.9883
229900 2.98859
230000 2.98887
230000 2.98887
230100 2.98916
230200 2.98944
230300 2.98973
230400 2.99001
230500 2.9903
230600 2.99058
230700 2.99086
230800 2.99115
230900 2.99143
231000 2.99171
231000 2.99171
231100 2.992
231200 2.99228
231300 2.99256
231400 2.99284
231500 2.99313
231600 2.99341
231700 2.99369
231800 2.99397
231900 2.99425
232000 2.99453
232000 2.99453
232100 2.99481
232200 2.99509
232300 2.99537
232400 2.99565
232500 2.99593
232600 2.99621
232700 2.99649
232800 2.99676
232900 2.99704
233000 2.99732
233000 2.99732
233100 2.9976
233200 2.99787
233300 2.99815
233400 2.99843
233500 2.9987
233600 2.99898
233700 2.99926
233800 2.99953
233900 2.99981
233900 2.99981
234000 3.00008
234000 3.00008
234100 3.00036
234200 3.00063
234300 3.00091
234400 3.00118
234494 3.00144
234496 3.00057
234498 2.99541
234500 2.99434
234600 2.94015
234600 2.93993
234700 2.94026
234800 2.94059
234900 2.94092
235000 2.94125
235000 2.94125
235100 2.94158
235200 2.9419
235300 2.94223
235400 2.94256
235500 2.94289
235518 2.94295
235520 2.9421
235522 2.93664
235522 2.93664
235600 2.9369
235700 2.93723
235800 2.93757
235900 2.9379
236000 2.93823
236000 2.93823
236100 2.93856
236200 2.93889
236300 2.93922
236400 2.93956
236500 2.93989
236542 2.94003
236544 2.93917
236546 2.93412
236600 2.90538
236648 2.87984
236700 2.88004
236800 2.88042
236900 2.88081
237000 2.88119
237000 2.88119
237100 2.88158
237200 2.88196
237300 2.88234
237400 2.88273
237500 2.88311
237566 2.88336
237568 2.88253
237570 2.87718
237570 2.87718
237600 2.8773
237700 2.87769
237800 2.87807
237900 2.87846
238000 2.87885
238000 2.87885
238100 2.87923
238200 2.87962
238300 2.88001
238400 2.88039
238500 2.88078
238590 2.88112
238592 2.88029
238594 2.87534
238600 2.87222
238696 2.82221
238700 2.82222
238800 2.82266
238900 2.8231
239000 2.82353
239000 2.82353
239100 2.82397
239200 2.82441
239300 2.82484
239400 2.82528
239500 2.82572
239600 2.82615
239614 2.82621
239616 2.8254
239618 2.82016
239618 2.82016
239700 2.82052
239800 2.82096
239900 2.8214
240000 2.82184
240000 2.82184
240100 2.82228
240200 2.82272
240300 2.82315
240400 2.82359
240500 2.82403
240600 2.82446
240638 2.82463
240640 2.82381
240642 2.81896
240700 2.78938
240744 2.76693
240800 2.7672
240900 2.76769
241000 2.76818
241000 2.76818
241100 2.76867
241200 2.76915
241300 2.76964
241400 2.77013
241500 2.77061
241600 2.7711
241662 2.7714
241664 2.7706
241666 2.76547
241666 2.76547
241700 2.76563
241800 2.76613
241900 2.76661
242000 2.7671
242000 2.7671
242100 2.76759
242200 2.76808
242300 2.76857
242400 2.76906
242500 2.76954
242600 2.77003
242686 2.77045
242688 2.76965
242690 2.76489
242700 2.75989
242792 2.71392
242800 2.71396
242900 2.7145
243000 2.71503
243000 2.71503
243100 2.71557
243200 2.71611
243300 2.71664
243400 2.71718
243500 2.71771
243600 2.71825
243700 2.71878
243710 2.71884
243712 2.71805
243714 2.71302
243714 2.71302
243800 2.71348
243900 2.71402
244000 2.71455
244000 2.71455
244100 2.71509
244200 2.71563
244300 2.71616
244400 2.7167
244500 2.71723
244600 2.71777
244700 2.7183
244734 2.71849
244736 2.7177
244738 2.71303
244800 2.68268
244840 2.66307
244900 2.66342
245000 2.66401
245000 2.66401
245100 2.66459
245200 2.66517
245300 2.66575
245400 2.66634
245500 2.66692
245600 2.6675
245700 2.66808
245758 2.66842
245760 2.66765
245762 2.66271
245762 2.66271
245800 2.66293
245900 2.66351
246000 2.6641
246000 2.6641
246100 2.66468
246200 2.66526
246300 2.66585
246400 2.66643
246500 2.66701
246600 2.66759
246700 2.66817
246782 2.66865
246784 2.66788
246786 2.6633
246800 2.65656
246888 2.61431
246900 2.61438
247000 2.61501
247000 2.61501
247100 2.61564
247200 2.61627
247300 2.6169
247400 2.61752
247500 2.61815
247600 2.61877
247700 2.6194
247800 2.62002
247806 2.62006
247808 2.61931
247810 2.61446
247810 2.61446
247900 2.61502
248000 2.61565
248000 2.61565
248100 2.61628
248200 2.61691
248300 2.61753
248400 2.61816
248500 2.61879
248600 2.61941
248700 2.62004
248800 2.62066
248830 2.62085
248832 2.6201
248834 2.6156
248900 2.58453
248936 2.56754
249000 2.56797
249000 2.56797
249100 2.56864
249200 2.56931
249300 2.56998
249400 2.57065
249500 2.57132
249600 2.57199
249700 2.57266
249800 2.57332
249854 2.57369
249856 2.57295
249858 2.56818
249858 2.56818
249900 2.56847
250000 2.56914
250000 2.56914
250100 2.56981
250200 2.57048
250300 2.57115
250400 2.57182
250500 2.57248
250600 2.57315
250700 2.57382
250800 2.57448
250878 2.57501
250880 2.57427
250882 2.56985
250900 2.56151
250984 2.52269
251000 2.5228
251000 2.5228
251100 2.52351
251200 2.52422
251300 2.52493
251400 2.52565
251500 2.52636
251600 2.52707
251700 2.52777
251800 2.52848
251900 2.52919
251902 2.52921
251904 2.52848
251906 2.5238
251906 2.5238
252000 2.52447
252000 2.52447
252100 2.52518
252200 2.52589
252300 2.5266
252400 2.52731
252500 2.52802
252600 2.52873
252700 2.52944
252800 2.53015
252900 2.53085
252926 2.53104
252928 2.53031
252930 2.52597
253000 2.49423
253000 2.49423
253032 2.47967
253100 2.48017
253200 2.48093
253300 2.48168
253400 2.48243
253500 2.48318
253600 2.48393
253700 2.48468
253800 2.48543
253900 2.48617
253950 2.48655
253952 2.48584
253954 2.48124
253954 2.48124
254000 2.48158
254000 2.48158
254100 2.48233
254200 2.48308
254300 2.48383
254400 2.48458
254500 2.48533
254600 2.48608
254700 2.48682
254800 2.48757
254900 2.48831
254974 2.48887
254976 2.48816
254978 2.48389
255000 2.47406
255000 2.47406
255080 2.43841
255100 2.43856
255200 2.43935
255300 2.44014
255400 2.44093
255500 2.44172
255600 2.44251
255700 2.44329
255800 2.44408
255900 2.44486
255998 2.44564
256000 2.44494
256000 2.44494
256000 2.44493
256002 2.44041
256002 2.44041
256100 2.44118
256200 2.44197
256300 2.44276
256400 2.44355
256500 2.44433
256600 2.44512
256700 2.4459
256800 2.44669
256900 2.44747
257000 2.44825
257000 2.44825
257022 2.44843
257024 2.44772
257026 2.44353
257100 2.41115
257128 2.39883
257200 2.39943
257300 2.40025
257400 2.40108
257500 2.4019
257600 2.40273
257700 2.40355
257800 2.40437
257900 2.40519
258000 2.40601
258000 2.40601
258046 2.4064
258048 2.40571
258050 2.40126
258050 2.40126
258100 2.40167
258200 2.40249
258300 2.40332
258400 2.40414
258500 2.40496
258600 2.40578
258700 2.4066
258800 2.40742
258900 2.40824
259000 2.40906
259000 2.40906
259070 2.40964
259072 2.40895
259074 2.40482
259100 2.39359
259176 2.36088
259200 2.36108
259300 2.36195
259400 2.36281
259500 2.36367
259600 2.36453
259700 2.36538
259800 2.36624
259900 2.3671
260000 2.36795
260000 2.36795
260094 2.36876
260096 2.36808
260098 2.36371
260098 2.36371
260100 2.36372
260200 2.36458
260300 2.36544
260400 2.3663
260500 2.36715
260600 2.36801
260700 2.36886
260800 2.36972
260900 2.37057
261000 2.37143
261000 2.37143
261100 2.37228
261118 2.37243
261120 2.37176
261122 2.36769
261200 2.33471
261224 2.32448
261300 2.32516
261400 2.32605
261500 2.32694
261600 2.32784
261700 2.32873
261800 2.32962
261900 2.33051
262000 2.3314
262000 2.3314
262100 2.33229
262142 2.33267
262144 2.332
262146 2.32769
262146 2.32769
262200 2.32817
262300 2.32906
262400 2.32995
262500 2.33084
262600 2.33173
262700 2.33262
262800 2.33351
262900 2.3344
263000 2.33528
263000 2.33528
263100 2.33617
263166 2.33675
263168 2.33609
263170 2.33208
263200 2.31955
263272 2.28957
263300 2.28982
263400 2.29075
263500 2.29168
263600 2.2926
263700 2.29353
263800 2.29445
263900 2.29537
264000 2.2963
264000 2.2963
264100 2.29722
264190 2.29805
264192 2.29739
264194 2.29315
264194 2.29315
264200 2.2932
264300 2.29413
264400 2.29505
264500 2.29597
264600 2.29689
264700 2.29781
264800 2.29873
264900 2.29965
265000 2.30057
265000 2.30057
265100 2.30149
265200 2.3024
265214 2.30253
265216 2.30188
265218 2.29793
265300 2.26437
265320 2.25609
265400 2.25685
265500 2.25781
265600 2.25876
265700 2.25972
265800 2.26067
265900 2.26163
266000 2.26258
266000 2.26258
266100 2.26353
266200 2.26448
266238 2.26485
266240 2.2642
266242 2.26002
266242 2.26002
266300 2.26057
266400 2.26152
266500 2.26248
266600 2.26343
266700 2.26438
266800 2.26533
266900 2.26628
267000 2.26723
267000 2.26723
267100 2.26818
267200 2.26912
267262 2.26971
267264 2.26907
267266 2.26518
267300 2.25142
267368 2.22397
267400 2.22429
267500 2.22527
267600 2.22626
267700 2.22724
267800 2.22823
267900 2.22921
268000 2.23019
268000 2.23019
268100 2.23118
268200 2.23216
268286 2.233
268288 2.23237
268290 2.22825
268290 2.22825
268300 2.22834
268400 2.22933
268500 2.23031
268600 2.23129
268700 2.23227
268800 2.23325
268900 2.23423
269000 2.23521
269000 2.23521
269100 2.23618
269200 2.23716
269300 2.23814
269310 2.23824
269312 2.2376
269314 2.23377
269400 2.19963
269416 2.19317
269500 2.19402
269600 2.19504
269700 2.19605
269800 2.19707
269900 2.19808
270000 2.19909
270000 2.19909
270100 2.2001
270200 2.20111
270300 2.20212
270334 2.20246
270336 2.20184
270338 2.19777
270338 2.19777
270400 2.1984
270500 2.19941
270600 2.20042
270700 2.20143
270800 2.20243
270900 2.20344
271000 2.20445
271000 2.20445
271100 2.20545
271200 2.20646
271300 2.20746
271358 2.20805
271360 2.20742
271362 2.20364
271400 2.18871
271464 2.16364
271500 2.16401
271600 2.16505
271700 2.16609
271800 2.16713
271900 2.16817
272000 2.16921
272000 2.16921
272100 2.17025
272200 2.17128
272300 2.17232
272382 2.17317
272384 2.17256
272386 2.16854
272386 2.16854
272400 2.16869
272500 2.16973
272600 2.17076
272700 2.1718
272800 2.17284
272900 2.17387
273000 2.1749
273000 2.1749
273100 2.17594
273200 2.17697
273300 2.178
273400 2.17903
273406 2.17909
273408 2.17847
273410 2.17474
273500 2.14005
273512 2.13531
273600 2.13624
273700 2.13731
273800 2.13838
273900 2.13944
274000 2.14051
274000 2.14051
274100 2.14157
274200 2.14263
274300 2.1437
274400 2.14476
274430 2.14508
274432 2.14447
274434 2.14051
274434 2.14051
274500 2.14121
274600 2.14228
274700 2.14334
274800 2.1444
274900 2.14546
275000 2.14652
275000 2.14652
275100 2.14758
275200 2.14864
275300 2.14969
275400 2.15075
275454 2.15132
275456 2.15071
275458 2.14703
275500 2.131
275560 2.10813
275600 2.10857
275700 2.10966
275800 2.11075
275900 2.11184
276000 2.11294
276000 2.11294
276100 2.11402
276200 2.11511
276300 2.1162
276400 2.11729
276478 2.11814
276480 2.11754
276482 2.11363
276482 2.11363
276500 2.11382
276600 2.11491
276700 2.116
276800 2.11709
276900 2.11817
277000 2.11926
277000 2.11926
277100 2.12034
277200 2.12142
277300 2.1225
277400 2.12358
277500 2.12466
277502 2.12469
277504 2.12409
277506 2.12045
277600 2.0852
277608 2.08208
277700 2.0831
277800 2.08422
277900 2.08533
278000 2.08645
278000 2.08645
278100 2.08756
278200 2.08867
278300 2.08978
278400 2.09089
278500 2.092
278526 2.0923
278528 2.0917
278530 2.08784
278530 2.08784
278600 2.08862
278700 2.08973
278800 2.09084
278900 2.09195
279000 2.09306
279000 2.09306
279100 2.09417
279200 2.09528
279300 2.09638
279400 2.09749
279500 2.09859
279550 2.09915
279552 2.09855
279554 2.09496
279600 2.07786
279656 2.05708
279700 2.05758
279800 2.05872
279900 2.05986
280000 2.061
280000 2.061
280100 2.06213
280200 2.06327
280300 2.0644
280400 2.06554
280500 2.06667
280574 2.06751
280576 2.06693
280578 2.06312
280578 2.06312
280600 2.06336
280700 2.0645
280800 2.06563
280900 2.06676
281000 2.0679
281000 2.0679
281100 2.06903
281200 2.07016
281300 2.07129
281400 2.07241
281500 2.07354
281598 2.07465
281600 2.07406
281600 2.07406
281602 2.07051
281700 2.03471
281704 2.03311
281800 2.03422
281900 2.03538
282000 2.03654
282000 2.03654
282100 2.0377
282200 2.03886
282300 2.04002
282400 2.04118
282500 2.04233
282533 2.04272
282533 2.04272
282592 1.83146
282592 1.83141
282593 1.82988
282593 1.82988
282600 1.82996
282622 1.83027
282624 1.82975
282626 1.82639
282626 1.82639
282700 1.82738
282800 1.82874
282900 1.83009
283000 1.83143
283000 1.83143
283100 1.83278
283200 1.83413
283300 1.83547
283400 1.83682
283500 1.83816
283600 1.8395
283646 1.84013
283648 1.83961
283650 1.83647
283700 1.82037
283752 1.80364
283800 1.8043
283900 1.80567
284000 1.80704
284000 1.80704
284100 1.80841
284200 1.80978
284300 1.81115
284400 1.81251
284500 1.81388
284600 1.81524
284670 1.8162
284672 1.81569
284674 1.81235
284674 1.81235
284700 1.81271
284800 1.81407
284900 1.81543
285000 1.8168
285000 1.8168
285100 1.81816
285200 1.81952
285300 1.82088
285400 1.82223
285500 1.82359
285600 1.82495
285694 1.82622
285696 1.82571
285698 1.8226
285700 1.82197
285800 1.79017
285800 1.79017
285900 1.79156
286000 1.79294
286000 1.79294
286100 1.79433
286200 1.79571
286300 1.79709
286400 1.79847
286500 1.79985
286600 1.80122
286700 1.8026
286800 1.80397
286900 1.80535
287000 1.80672
287000 1.80672
287100 1.80809
287200 1.80946
287300 1.81083
287400 1.81219
287500 1.81356
287600 1.81492
287700 1.81628
287800 1.81765
287900 1.81901
288000 1.82037
288000 1.82037
288100 1.82172
288200 1.82308
288300 1.82444
288400 1.82579
288500 1.82714
288600 1.82849
288700 1.82985
288800 1.83119
288900 1.83254
289000 1.83389
289000 1.83389
289100 1.83523
289200 1.83658
289300 1.83792
289400 1.83926
289500 1.8406
289600 1.84194
289700 1.84328
289800 1.84462
289900 1.84595
290000 1.84729
290000 1.84729
290100 1.84862
290200 1.84995
290300 1.85128
290400 1.85261
290500 1.85394
290600 1.85527
290700 1.8566
290800 1.85792
290900 1.85924
291000 1.86057
291000 1.86057
291100 1.86189
291200 1.86321
291300 1.86453
291400 1.86584
291500 1.86716
291600 1.86847
291700 1.86979
291800 1.8711
291900 1.87241
292000 1.87372
292000 1.87372
292100 1.87503
292200 1.87634
292300 1.87765
292400 1.87895
292500 1.88025
292600 1.88156
292700 1.88286
292800 1.88416
292900 1.88546
293000 1.88676
293000 1.88676
293100 1.88805
293200 1.88935
293300 1.89064
293400 1.89194
293500 1.89323
293600 1.89452
293700 1.89581
293800 1.8971
293900 1.89839
294000 1.89967
294000 1.89967
294100 1.90096
294200 1.90224
294300 1.90353
294400 1.90481
294500 1.90609
294600 1.90737
294700 1.90864
294800 1.90992
294900 1.9112
295000 1.91247
295000 1.91247
295100 1.91375
295200 1.91502
295300 1.91629
295400 1.91756
295500 1.91883
295600 1.92009
295700 1.92136
295800 1.92263
295900 1.92389
296000 1.92515
296000 1.92515
296100 1.92641
296200 1.92768
296300 1.92893
296400 1.93019
296500 1.93145
296600 1.93271
296700 1.93396
296800 1.93521
296900 1.93647
297000 1.93772
297000 1.93772
297100 1.93897
297200 1.94022
297300 1.94147
297400 1.94271
297500 1.94396
297600 1.9452
297700 1.94645
297800 1.94769
297900 1.94893
298000 1.95017
298000 1.95017
298100 1.95141
298200 1.95265
298300 1.95388
298400 1.95512
298500 1.95635
298600 1.95758
298700 1.95882
298800 1.96005
298900 1.96128
299000 1.96251
299000 1.96251
299100 1.96373
299200 1.96496
299300 1.96618
299400 1.96741
299500 1.96863
299600 1.96985
299700 1.97107
299800 1.97229
299900 1.97351
300000 1.97473
300000 1.97473
300100 1.97595
300200 1.97716
300300 1.97837
300400 1.97959
300500 1.9808
300600 1.98201
300700 1.98322
300800 1.98443
300900 1.98564
301000 1.98684
301000 1.98684
301100 1.98805
301200 1.98925
301300 1.99045
301400 1.99166
301500 1.99286
301600 1.99406
301700 1.99525
301800 1.99645
301900 1.99765
302000 1.99884
302000 1.99884
302100 2.00004
302200 2.00123
302300 2.00242
302400 2.00361
302500 2.0048
302600 2.00599
302700 2.00718
302800 2.00836
302900 2.00955
303000 2.01073
303000 2.01073
303100 2.01192
303200 2.0131
303300 2.01428
303400 2.01546
303500 2.01664
303600 2.01782
303700 2.01899
303800 2.02017
303900 2.02134
