0 3
0 3
2 3
100 3
200 3
300 3
400 3
500 3
600 3
700 3
800 3
900 3
1000 3
1000 3
1024 3
1026 3
1100 3
1200 3
1300 3
1400 3
1500 3
1600 3
1700 3
1800 3
1900 3
2000 3
2000 3
2048 3
2050 3
2100 3
2200 3
2300 3
2400 3
2500 3
2502 3
2505 3
2505 3
2506 3
2506 3
2509 3
2509 3
2510 3
2600 3
2700 3
2800 3
2900 3
3000 3
3000 3
3072 3
3074 2.99484
3100 2.98067
3176 2.93937
3200 2.93945
3300 2.93978
3400 2.94011
3500 2.94044
3600 2.94077
3700 2.9411
3800 2.94143
3900 2.94176
4000 2.94209
4000 2.94209
4094 2.9424
4096 2.94154
4098 2.93609
4098 2.93609
4100 2.93609
4200 2.93643
4300 2.93676
4400 2.93709
4500 2.93743
4600 2.93776
4700 2.93809
4800 2.93842
4900 2.93876
5000 2.93909
5000 2.93909
5100 2.93942
5118 2.93948
5120 2.93863
5122 2.93357
5200 2.89215
5224 2.8793
5300 2.87959
5400 2.87998
5500 2.88037
5600 2.88075
5700 2.88113
5800 2.88152
5900 2.8819
6000 2.88229
6000 2.88229
6100 2.88267
6142 2.88283
6144 2.882
6146 2.87665
6146 2.87665
6200 2.87686
6300 2.87725
6400 2.87764
6500 2.87803
6600 2.87841
6700 2.8788
6800 2.87919
6900 2.87957
7000 2.87996
7000 2.87996
7100 2.88034
7166 2.8806
7168 2.87977
7170 2.87482
7200 2.85916
7272 2.82169
7300 2.82181
7400 2.82225
7500 2.82269
7600 2.82313
7700 2.82357
7800 2.824
7900 2.82444
8000 2.82488
8000 2.82488
8100 2.82531
8190 2.82571
8192 2.82489
8194 2.81965
8194 2.81965
8200 2.81968
8300 2.82012
8400 2.82056
8500 2.821
8600 2.82144
8700 2.82188
8800 2.82232
8900 2.82275
9000 2.82319
9000 2.82319
9100 2.82363
9200 2.82407
9214 2.82413
9216 2.82331
9218 2.81846
9300 2.77673
9320 2.76644
9400 2.76683
9500 2.76732
9600 2.76781
9700 2.76829
9800 2.76878
9900 2.76927
10000 2.76976
10000 2.76976
10100 2.77024
10200 2.77073
10238 2.77092
10240 2.77012
10242 2.76498
10242 2.76498
10300 2.76527
10400 2.76576
10500 2.76625
10600 2.76674
10700 2.76723
10800 2.76771
10900 2.7682
11000 2.76869
11000 2.76869
11100 2.76918
11200 2.76966
11262 2.76997
11264 2.76917
11266 2.76441
11300 2.74739
11368 2.71345
11400 2.71362
11500 2.71415
11600 2.71469
11700 2.71523
11800 2.71576
11900 2.7163
12000 2.71684
12000 2.71684
12100 2.71737
12200 2.71791
12286 2.71837
12288 2.71758
12290 2.71255
12290 2.71255
12300 2.7126
12400 2.71314
12500 2.71368
12600 2.71422
12700 2.71475
12800 2.71529
12900 2.71583
13000 2.71636
13000 2.71636
13100 2.7169
13200 2.71743
13300 2.71797
13310 2.71802
13312 2.71724
13314 2.71257
13400 2.67057
13416 2.66262
13500 2.66311
13600 2.66369
13700 2.66428
13800 2.66486
13900 2.66544
14000 2.66603
14000 2.66603
14100 2.66661
14200 2.66719
14300 2.66777
14334 2.66797
14336 2.6672
14338 2.66226
14338 2.66226
14400 2.66262
14500 2.66321
14600 2.66379
14700 2.66438
14800 2.66496
14900 2.66554
15000 2.66612
15000 2.66612
15100 2.6667
15200 2.66729
15300 2.66787
15358 2.66821
15360 2.66744
15362 2.66286
15400 2.64458
15464 2.61388
15500 2.6141
15600 2.61473
15700 2.61536
15800 2.61599
15900 2.61661
16000 2.61724
16000 2.61724
16100 2.61787
16200 2.61849
16300 2.61912
16382 2.61963
16384 2.61888
16386 2.61403
16386 2.61403
16400 2.61412
16500 2.61475
16600 2.61538
16700 2.616
16800 2.61663
16900 2.61726
17000 2.61788
17000 2.61788
17100 2.61851
17200 2.61914
17300 2.61976
17400 2.62038
17406 2.62042
17408 2.61967
17410 2.61517
17500 2.5729
17512 2.56712
17600 2.56771
17700 2.56839
17800 2.56906
17900 2.56973
18000 2.5704
18000 2.5704
18100 2.57107
18200 2.57174
18300 2.5724
18400 2.57307
18430 2.57327
18432 2.57253
18434 2.56777
18434 2.56777
18500 2.56821
18600 2.56889
18700 2.56956
18800 2.57023
18900 2.5709
19000 2.57157
19000 2.57157
19100 2.57223
19200 2.5729
19300 2.57357
19400 2.57424
19454 2.5746
19456 2.57386
19458 2.56944
19500 2.55
19560 2.52229
19600 2.52257
19639 2.52285
19639 2.52285
19648 2.48129
19648 2.48122
19649 2.47913
19649 2.47913
19700 2.47952
19800 2.48027
19900 2.48102
20000 2.48177
20000 2.48177
20100 2.48252
20200 2.48327
20300 2.48402
20400 2.48477
20478 2.48536
20480 2.48465
20482 2.48005
20482 2.48005
20500 2.48018
20600 2.48093
20700 2.48169
20800 2.48244
20900 2.48319
21000 2.48394
21000 2.48394
21100 2.48469
21200 2.48543
21300 2.48618
21400 2.48693
21500 2.48767
21502 2.48769
21504 2.48698
21506 2.48271
21600 2.44096
21608 2.43725
21700 2.43798
21800 2.43877
21900 2.43956
22000 2.44035
22000 2.44035
22100 2.44114
22200 2.44193
22300 2.44271
22400 2.4435
22500 2.44429
22526 2.44449
22528 2.44379
22530 2.43927
22530 2.43927
22600 2.43982
22700 2.44061
22800 2.4414
22900 2.44219
23000 2.44298
23000 2.44298
23100 2.44376
23200 2.44455
23300 2.44533
23400 2.44612
23500 2.4469
23550 2.4473
23552 2.4466
23554 2.4424
23600 2.42224
23656 2.39773
23700 2.39809
23800 2.39892
23900 2.39974
24000 2.40057
24000 2.40057
24100 2.4014
24200 2.40222
24300 2.40304
24400 2.40387
24500 2.40469
24574 2.4053
24576 2.40461
24578 2.40017
24578 2.40017
24600 2.40035
24700 2.40117
24800 2.402
24900 2.40282
25000 2.40364
25000 2.40364
25100 2.40447
25200 2.40529
25300 2.40611
25400 2.40693
25500 2.40775
25598 2.40855
25600 2.40786
25600 2.40786
25602 2.40374
25700 2.3617
25704 2.35982
25800 2.36065
25900 2.36151
26000 2.36237
26000 2.36237
26100 2.36323
26200 2.36409
26300 2.36495
26400 2.36581
26500 2.36666
26600 2.36752
26622 2.36771
26624 2.36703
26626 2.36266
26626 2.36266
26700 2.36329
26800 2.36415
26900 2.36501
27000 2.36587
27000 2.36587
27100 2.36673
27200 2.36758
27300 2.36844
27400 2.36929
27500 2.37015
27600 2.371
27646 2.3714
27648 2.37072
27650 2.36665
27700 2.34547
27752 2.32346
27800 2.32389
27900 2.32479
28000 2.32568
28000 2.32568
28100 2.32658
28200 2.32747
28300 2.32836
28400 2.32925
28500 2.33014
28600 2.33103
28670 2.33166
28672 2.33099
28674 2.32668
28674 2.32668
28700 2.32692
28800 2.32781
28900 2.3287
29000 2.32959
29000 2.32959
29100 2.33048
29200 2.33137
29300 2.33226
29400 2.33315
29500 2.33404
29600 2.33492
29694 2.33576
29696 2.33509
29698 2.33109
29700 2.33027
29800 2.28877
29800 2.28859
29900 2.28952
30000 2.29045
30000 2.29045
30100 2.29137
30200 2.2923
30300 2.29322
30400 2.29415
30500 2.29507
30600 2.29599
30700 2.29691
30718 2.29708
30720 2.29643
30722 2.29218
30722 2.29218
30800 2.2929
30900 2.29383
31000 2.29475
31000 2.29475
31100 2.29567
31200 2.29659
31300 2.29752
31400 2.29844
31500 2.29935
31600 2.30027
31700 2.30119
31742 2.30158
31744 2.30092
31746 2.29698
31800 2.27483
31848 2.25515
31900 2.25565
32000 2.2566
32000 2.2566
32100 2.25756
32200 2.25852
32300 2.25947
32400 2.26043
32500 2.26138
32600 2.26234
32700 2.26329
32766 2.26392
32768 2.26328
32770 2.25909
32770 2.25909
32800 2.25938
32900 2.26033
33000 2.26129
33000 2.26129
33100 2.26224
33200 2.26319
33300 2.26414
33400 2.2651
33500 2.26605
33600 2.26699
33700 2.26794
33790 2.2688
33792 2.26815
33794 2.26427
33800 2.26185
33896 2.22308
33900 2.22311
34000 2.2241
34000 2.2241
34100 2.22509
34200 2.22607
34300 2.22706
34400 2.22804
34500 2.22903
34600 2.23001
34700 2.23099
34800 2.23197
34814 2.23212
34816 2.23148
34818 2.22736
34818 2.22736
34900 2.22816
35000 2.22915
35000 2.22915
35100 2.23013
35200 2.23111
35300 2.23209
35400 2.23307
35500 2.23405
35600 2.23503
35700 2.23601
35800 2.23698
35838 2.23736
35840 2.23672
35842 2.23289
35900 2.20982
35944 2.19232
36000 2.19288
36000 2.19288
36100 2.1939
36200 2.19491
36300 2.19593
36400 2.19694
36500 2.19795
36600 2.19896
36700 2.19997
36800 2.20098
36862 2.20161
36864 2.20099
36866 2.19692
36866 2.19692
36900 2.19726
37000 2.19828
37000 2.19828
37100 2.19929
37200 2.2003
37300 2.20131
37400 2.20231
37500 2.20332
37600 2.20433
37700 2.20533
37800 2.20634
37886 2.2072
37888 2.20658
37890 2.2028
37900 2.19887
37992 2.16281
38000 2.16289
38000 2.16289
38100 2.16393
38200 2.16498
38300 2.16602
38400 2.16706
38500 2.1681
38600 2.16914
38700 2.17018
38800 2.17121
38900 2.17225
38910 2.17236
38912 2.17174
38914 2.16773
38914 2.16773
39000 2.16862
39000 2.16862
39100 2.16966
39200 2.1707
39300 2.17173
39400 2.17277
39500 2.1738
39600 2.17484
39700 2.17587
39800 2.1769
39900 2.17793
39934 2.17828
39936 2.17767
39938 2.17394
40000 2.14999
40000 2.14999
40040 2.13451
40100 2.13515
40200 2.13622
40300 2.13729
40400 2.13836
40500 2.13942
40600 2.14049
40700 2.14155
40800 2.14261
40900 2.14368
40958 2.1443
40960 2.14369
40962 2.13973
40962 2.13973
41000 2.14013
41000 2.14013
41100 2.1412
41200 2.14226
41300 2.14332
41400 2.14439
41500 2.14545
41600 2.14651
41700 2.14756
41800 2.14862
41900 2.14968
41982 2.15055
41984 2.14994
41986 2.14626
42000 2.14091
42000 2.14091
42088 2.10738
42100 2.1075
42200 2.1086
42300 2.10969
42400 2.11078
42500 2.11187
42600 2.11296
42700 2.11405
42800 2.11514
42900 2.11623
43000 2.11732
43000 2.11732
43006 2.11739
43008 2.11679
43010 2.11288
43010 2.11288
43100 2.11386
43200 2.11495
43300 2.11603
43400 2.11712
43500 2.11821
43600 2.11929
43700 2.12037
43800 2.12146
43900 2.12254
44000 2.12362
44000 2.12362
44030 2.12395
44032 2.12334
44034 2.11971
44100 2.09491
44136 2.08135
44200 2.08206
44300 2.08318
44400 2.08429
44500 2.08541
44600 2.08652
44700 2.08764
44800 2.08875
44900 2.08986
45000 2.09097
45000 2.09097
45054 2.09158
45056 2.09098
45058 2.08713
45058 2.08713
45100 2.08759
45200 2.0887
45300 2.08981
45400 2.09093
45500 2.09203
45600 2.09314
45700 2.09425
45800 2.09536
45900 2.09646
46000 2.09757
46000 2.09757
46078 2.09843
46080 2.09784
46082 2.09425
46100 2.08755
46184 2.05638
46200 2.05656
46300 2.0577
46400 2.05884
46500 2.05998
46600 2.06112
46700 2.06226
46800 2.06339
46900 2.06453
47000 2.06566
47000 2.06566
47100 2.06679
47102 2.06682
47104 2.06624
47106 2.06243
47106 2.06243
47200 2.06349
47300 2.06463
47400 2.06576
47500 2.06689
47600 2.06802
47700 2.06915
47800 2.07028
47900 2.07141
48000 2.07254
48000 2.07254
48100 2.07367
48126 2.07396
48128 2.07338
48130 2.06983
48200 2.0442
48232 2.03244
48300 2.03323
48400 2.03439
48500 2.03555
48600 2.03671
48700 2.03787
48800 2.03903
48900 2.04019
49000 2.04134
49000 2.04134
49100 2.0425
49150 2.04308
49152 2.0425
49154 2.03874
49154 2.03874
49200 2.03927
49300 2.04042
49400 2.04158
49500 2.04273
49600 2.04389
49700 2.04504
49800 2.04619
49900 2.04734
50000 2.04849
50000 2.04849
50100 2.04964
50174 2.05049
50176 2.04992
50178 2.04641
50200 2.03843
50280 2.00948
50300 2.00971
50359 2.01041
50359 2.01041
50368 1.97735
50368 1.9773
50369 1.97564
50369 1.97564
50400 1.97601
50500 1.97723
50600 1.97844
50700 1.97965
50800 1.98087
50900 1.98208
51000 1.98329
51000 1.98329
51100 1.98449
51198 1.98568
51200 1.98512
51200 1.98512
51202 1.98146
51202 1.98146
51300 1.98265
51400 1.98386
51500 1.98506
51600 1.98627
51700 1.98748
51800 1.98868
51900 1.98988
52000 1.99109
52000 1.99109
52100 1.99229
52200 1.99349
52222 1.99376
52224 1.99319
52226 1.98979
52300 1.96384
52328 1.95396
52400 1.95485
52500 1.95608
52600 1.95732
52700 1.95855
52800 1.95978
52900 1.96101
53000 1.96224
53000 1.96224
53100 1.96347
53200 1.96469
53246 1.96526
53248 1.96471
53250 1.96109
53250 1.96109
53300 1.9617
53400 1.96293
53500 1.96415
53600 1.96538
53700 1.9666
53800 1.96783
53900 1.96905
54000 1.97027
54000 1.97027
54100 1.97149
54200 1.97271
54270 1.97357
54272 1.97301
54274 1.96964
54300 1.96059
54376 1.93421
54400 1.93451
54500 1.93576
54600 1.93701
54700 1.93826
54800 1.93951
54900 1.94076
55000 1.94201
55000 1.94201
55100 1.94325
55200 1.9445
55294 1.94567
55296 1.94513
55298 1.94154
55298 1.94154
55300 1.94157
55400 1.94281
55500 1.94406
55600 1.9453
55700 1.94654
55800 1.94779
55900 1.94903
56000 1.95027
56000 1.95027
56100 1.95151
56200 1.95274
56300 1.95398
56318 1.95421
56320 1.95366
56322 1.95032
56400 1.92357
56424 1.91527
56500 1.91623
56600 1.9175
56700 1.91877
56800 1.92003
56900 1.9213
57000 1.92257
57000 1.92257
57100 1.92383
57200 1.92509
57300 1.92636
57342 1.92689
57344 1.92635
57346 1.9228
57346 1.9228
57400 1.92348
57500 1.92474
57600 1.926
57700 1.92727
57800 1.92853
57900 1.92978
58000 1.93104
58000 1.93104
58100 1.9323
58200 1.93355
58300 1.93481
58366 1.93564
58368 1.93509
58370 1.93179
58400 1.92157
58472 1.8971
58500 1.89745
58600 1.89874
58700 1.90003
58800 1.90131
58900 1.9026
59000 1.90388
59000 1.90388
59100 1.90516
59200 1.90644
59300 1.90772
59390 1.90887
59392 1.90834
59394 1.90482
59394 1.90482
59400 1.9049
59500 1.90618
59600 1.90746
59700 1.90873
59800 1.91001
59900 1.91129
60000 1.91256
60000 1.91256
60100 1.91383
60200 1.91511
60300 1.91638
60400 1.91765
60414 1.91783
60416 1.91729
60418 1.91402
60500 1.88647
60520 1.87967
60600 1.88071
60700 1.88201
60800 1.88331
60900 1.88461
61000 1.88591
61000 1.88591
61100 1.88721
61200 1.88851
61300 1.8898
61400 1.8911
61438 1.89159
61440 1.89106
61442 1.88758
61442 1.88758
61500 1.88833
61600 1.88963
61700 1.89092
61800 1.89221
61900 1.89351
62000 1.8948
62000 1.8948
62100 1.89609
62200 1.89737
62300 1.89866
62400 1.89995
62462 1.90075
62464 1.90022
62466 1.89697
62500 1.88561
62568 1.86296
62600 1.86338
62700 1.8647
62800 1.86601
62900 1.86733
63000 1.86864
63000 1.86864
63100 1.86996
63200 1.87127
63300 1.87258
63400 1.87389
63486 1.87502
63488 1.8745
63490 1.87104
63490 1.87104
63500 1.87117
63600 1.87248
63700 1.87379
63800 1.8751
63900 1.87641
64000 1.87772
64000 1.87772
64100 1.87902
64200 1.88033
64300 1.88163
64400 1.88293
64500 1.88423
64510 1.88437
64512 1.88384
64514 1.88062
64600 1.85229
64616 1.84693
64700 1.84805
64800 1.84938
64900 1.85071
65000 1.85204
65000 1.85204
65100 1.85337
65200 1.8547
65300 1.85602
65400 1.85735
65500 1.85867
65534 1.85913
65536 1.85861
65538 1.85519
65538 1.85519
65600 1.856
65700 1.85733
65800 1.85865
65900 1.85998
66000 1.8613
66000 1.8613
66100 1.86262
66200 1.86394
66300 1.86526
66400 1.86657
66500 1.86789
66558 1.86866
66560 1.86813
66562 1.86494
66600 1.85249
66664 1.83156
66700 1.83204
66800 1.83339
66900 1.83473
67000 1.83608
67000 1.83608
67100 1.83742
67200 1.83876
67300 1.8401
67400 1.84144
67500 1.84278
67582 1.84388
67584 1.84337
67586 1.83997
67586 1.83997
67600 1.84016
67700 1.8415
67800 1.84284
67900 1.84418
68000 1.84551
68000 1.84551
68100 1.84685
68200 1.84818
68300 1.84951
68400 1.85084
68500 1.85217
68600 1.8535
68606 1.85359
68608 1.85307
68610 1.8499
68700 1.8208
68712 1.81682
68800 1.81801
68900 1.81937
69000 1.82073
69000 1.82073
69100 1.82208
69200 1.82344
69300 1.8248
69400 1.82615
69500 1.8275
69600 1.82885
69630 1.82926
69632 1.82875
69634 1.82539
69634 1.82539
69700 1.82628
69800 1.82763
69900 1.82898
70000 1.83033
70000 1.83033
70100 1.83168
70200 1.83303
70300 1.83437
70400 1.83572
70500 1.83706
70600 1.83841
70654 1.83914
70656 1.83862
70658 1.83548
70700 1.82196
70760 1.80268
70800 1.80322
70900 1.80459
71000 1.80597
71000 1.80597
71100 1.80734
71200 1.80871
71300 1.81007
71400 1.81144
71500 1.81281
71600 1.81417
71678 1.81524
71680 1.81473
71682 1.8114
71682 1.8114
71700 1.81164
71800 1.813
71900 1.81437
72000 1.81573
72000 1.81573
72100 1.81709
72200 1.81846
72300 1.81982
72400 1.82117
72500 1.82253
72600 1.82389
72700 1.82524
72702 1.82527
72704 1.82476
72706 1.82165
72800 1.79176
72800 1.79176
72900 1.79315
73000 1.79453
73000 1.79453
73100 1.79591
73200 1.79729
73300 1.79867
73400 1.80005
73500 1.80143
73600 1.8028
73700 1.80418
73800 1.80555
73900 1.80692
74000 1.80829
74000 1.80829
74100 1.80966
74200 1.81103
74300 1.81239
74400 1.81376
74500 1.81512
74600 1.81649
74700 1.81785
74800 1.81921
74900 1.82057
75000 1.82192
75000 1.82192
75100 1.82328
75200 1.82464
75300 1.82599
75400 1.82734
75500 1.82869
75600 1.83004
75700 1.83139
75800 1.83274
75900 1.83409
76000 1.83543
76000 1.83543
76100 1.83678
76200 1.83812
76300 1.83946
76400 1.8408
76500 1.84214
76600 1.84348
76700 1.84482
76800 1.84615
76900 1.84749
77000 1.84882
77000 1.84882
77100 1.85015
77200 1.85148
77300 1.85281
77400 1.85414
77500 1.85547
77600 1.85679
77700 1.85812
77800 1.85944
77900 1.86076
78000 1.86208
78000 1.86208
78100 1.8634
78200 1.86472
78300 1.86604
78400 1.86735
78500 1.86867
78600 1.86998
78700 1.87129
78800 1.87261
78900 1.87392
79000 1.87522
79000 1.87522
79100 1.87653
79200 1.87784
79300 1.87914
79400 1.88045
79500 1.88175
79600 1.88305
79700 1.88435
79800 1.88565
79900 1.88695
80000 1.88825
80000 1.88825
80100 1.88954
80200 1.89084
80300 1.89213
80400 1.89342
80500 1.89471
80600 1.896
80700 1.89729
80800 1.89858
80900 1.89986
81000 1.90115
81000 1.90115
81100 1.90243
81200 1.90372
81300 1.905
81400 1.90628
81500 1.90756
81600 1.90883
81700 1.91011
81800 1.91139
81900 1.91266
82000 1.91393
82000 1.91393
82100 1.91521
82200 1.91648
82300 1.91775
82400 1.91901
82500 1.92028
82600 1.92155
82700 1.92281
82800 1.92408
82900 1.92534
83000 1.9266
83000 1.9266
83100 1.92786
83200 1.92912
83300 1.93038
83400 1.93164
83500 1.93289
83600 1.93415
83700 1.9354
83800 1.93665
83900 1.9379
84000 1.93915
84000 1.93915
84100 1.9404
84200 1.94165
84300 1.9429
84400 1.94414
84500 1.94539
84600 1.94663
84700 1.94787
84800 1.94911
84900 1.95035
85000 1.95159
85000 1.95159
85100 1.95283
85200 1.95406
85300 1.9553
85400 1.95653
85500 1.95777
85600 1.959
85700 1.96023
85800 1.96146
85900 1.96269
86000 1.96391
86000 1.96391
86100 1.96514
86200 1.96637
86300 1.96759
86400 1.96881
86500 1.97003
86600 1.97125
86700 1.97247
86800 1.97369
86900 1.97491
87000 1.97613
87000 1.97613
87100 1.97734
87200 1.97855
87300 1.97977
87400 1.98098
87500 1.98219
87600 1.9834
87700 1.98461
87800 1.98581
87900 1.98702
88000 1.98822
88000 1.98822
88100 1.98943
88200 1.99063
88300 1.99183
88400 1.99303
88500 1.99423
88600 1.99543
88700 1.99663
88800 1.99782
88900 1.99902
89000 2.00021
89000 2.00021
89100 2.00141
89200 2.0026
89300 2.00379
89400 2.00498
89500 2.00617
89600 2.00735
89700 2.00854
89800 2.00973
89900 2.01091
90000 2.01209
90000 2.01209
90100 2.01327
90200 2.01446
90300 2.01564
90400 2.01681
90500 2.01799
90600 2.01917
90700 2.02034
90800 2.02152
90900 2.02269
91000 2.02386
91000 2.02386
91100 2.02503
91200 2.0262
91300 2.02737
91400 2.02854
91500 2.02971
91600 2.03087
91700 2.03204
91800 2.0332
91900 2.03436
92000 2.03553
92000 2.03553
92100 2.03669
92200 2.03785
92300 2.039
92400 2.04016
92500 2.04132
92600 2.04247
92700 2.04363
92800 2.04478
92900 2.04593
93000 2.04708
93000 2.04708
93100 2.04823
93200 2.04938
93300 2.05053
93400 2.05168
93500 2.05282
93600 2.05397
93700 2.05511
93800 2.05625
93900 2.05739
94000 2.05853
94000 2.05853
94100 2.05967
94200 2.06081
94300 2.06195
94400 2.06308
94500 2.06422
94600 2.06535
94700 2.06649
94800 2.06762
94900 2.06875
95000 2.06988
95000 2.06988
95100 2.07101
95200 2.07214
95300 2.07326
95400 2.07439
95500 2.07551
95600 2.07664
95700 2.07776
95800 2.07888
95900 2.08
96000 2.08112
96000 2.08112
96100 2.08224
96200 2.08336
96300 2.08447
96400 2.08559
96500 2.0867
96600 2.08782
96700 2.08893
96800 2.09004
96900 2.09115
97000 2.09226
97000 2.09226
97100 2.09337
97200 2.09448
97300 2.09558
97400 2.09669
97500 2.09779
97600 2.0989
97700 2.1
97800 2.1011
97900 2.1022
98000 2.1033
98000 2.1033
98100 2.1044
98200 2.10549
98300 2.10659
98400 2.10769
98500 2.10878
98600 2.10987
98700 2.11096
98800 2.11206
98900 2.11315
99000 2.11424
99000 2.11424
99100 2.11532
99200 2.11641
99300 2.1175
99400 2.11858
99500 2.11967
99600 2.12075
99700 2.12183
99800 2.12291
99900 2.12399
100000 2.12507
100000 2.12507
100100 2.12615
100200 2.12723
100300 2.1283
100400 2.12938
100500 2.13045
100600 2.13153
100700 2.1326
100800 2.13367
100900 2.13474
101000 2.13581
101000 2.13581
101100 2.13688
101200 2.13795
101300 2.13901
101400 2.14008
101500 2.14114
101600 2.14221
101700 2.14327
101800 2.14433
101900 2.14539
102000 2.14645
102000 2.14645
102100 2.14751
102200 2.14857
102300 2.14962
102400 2.15068
102500 2.15173
102600 2.15279
102700 2.15384
102800 2.15489
102900 2.15594
103000 2.15699
103000 2.15699
103100 2.15804
103200 2.15909
103300 2.16014
103400 2.16118
103500 2.16223
103600 2.16327
103700 2.16431
103800 2.16536
103900 2.1664
104000 2.16744
104000 2.16744
104100 2.16848
104200 2.16952
104300 2.17055
104400 2.17159
104500 2.17262
104600 2.17366
104700 2.17469
104800 2.17573
104900 2.17676
105000 2.17779
105000 2.17779
105100 2.17882
105200 2.17985
105300 2.18087
105400 2.1819
105500 2.18293
105600 2.18395
105700 2.18498
105800 2.186
105900 2.18702
106000 2.18804
106000 2.18804
106100 2.18906
106200 2.19008
106300 2.1911
106400 2.19212
106500 2.19314
106600 2.19415
106700 2.19517
106800 2.19618
106900 2.19719
107000 2.19821
107000 2.19821
107100 2.19922
107200 2.20023
107300 2.20124
107400 2.20224
107500 2.20325
107600 2.20426
107700 2.20526
107800 2.20627
107900 2.20727
108000 2.20828
108000 2.20828
108100 2.20928
108200 2.21028
108300 2.21128
108400 2.21228
108500 2.21328
108600 2.21427
108700 2.21527
108800 2.21626
108900 2.21726
109000 2.21825
109000 2.21825
109100 2.21925
109200 2.22024
109300 2.22123
109400 2.22222
109500 2.22321
109600 2.22419
109700 2.22518
109800 2.22617
109900 2.22715
110000 2.22814
110000 2.22814
110100 2.22912
110200 2.2301
110300 2.23109
110400 2.23207
110500 2.23305
110600 2.23403
110700 2.235
110800 2.23598
110900 2.23696
111000 2.23793
111000 2.23793
111100 2.23891
111200 2.23988
111300 2.24086
111400 2.24183
111500 2.2428
111600 2.24377
111700 2.24474
111800 2.24571
111900 2.24667
112000 2.24764
112000 2.24764
112100 2.24861
112200 2.24957
112300 2.25053
112400 2.2515
112500 2.25246
112600 2.25342
112700 2.25438
112800 2.25534
112900 2.2563
113000 2.25726
113000 2.25726
113100 2.25821
113200 2.25917
113300 2.26013
113400 2.26108
113500 2.26203
113600 2.26299
113700 2.26394
113800 2.26489
113900 2.26584
114000 2.26679
114000 2.26679
114100 2.26773
114200 2.26868
114300 2.26963
114400 2.27057
114500 2.27152
114600 2.27246
114700 2.27341
114800 2.27435
114900 2.27529
115000 2.27623
115000 2.27623
115100 2.27717
115200 2.27811
115300 2.27904
115400 2.27998
115500 2.28092
115600 2.28185
115700 2.28279
115800 2.28372
115900 2.28465
116000 2.28558
116000 2.28558
116100 2.28652
116200 2.28745
116300 2.28837
116400 2.2893
116500 2.29023
116600 2.29116
116700 2.29208
116800 2.29301
116900 2.29393
117000 2.29486
117000 2.29486
117100 2.29578
117200 2.2967
117300 2.29762
117400 2.29854
117500 2.29946
117600 2.30038
117700 2.30129
117800 2.30221
117900 2.30313
118000 2.30404
118000 2.30404
118100 2.30495
118200 2.30587
118300 2.30678
118400 2.30769
118500 2.3086
118600 2.30951
118700 2.31042
118800 2.31133
118900 2.31224
119000 2.31314
119000 2.31314
119100 2.31405
119200 2.31495
119300 2.31586
119400 2.31676
119500 2.31766
119600 2.31856
119700 2.31946
119800 2.32036
119900 2.32126
120000 2.32216
120000 2.32216
120100 2.32306
120200 2.32395
120300 2.32485
120400 2.32575
120500 2.32664
120600 2.32753
120700 2.32842
120800 2.32932
120900 2.33021
121000 2.3311
121000 2.3311
121100 2.33199
121200 2.33287
121300 2.33376
121400 2.33465
121500 2.33553
121600 2.33642
121700 2.3373
121800 2.33819
121900 2.33907
122000 2.33995
122000 2.33995
122100 2.34083
122200 2.34171
122300 2.34259
122400 2.34347
122500 2.34435
122600 2.34523
122700 2.3461
122800 2.34698
122900 2.34785
123000 2.34872
123000 2.34872
123100 2.3496
123200 2.35047
123300 2.35134
123400 2.35221
123500 2.35308
123600 2.35395
123700 2.35482
123800 2.35569
123900 2.35655
124000 2.35742
124000 2.35742
124100 2.35828
124200 2.35915
124300 2.36001
124400 2.36087
124500 2.36173
124600 2.3626
124700 2.36346
124800 2.36432
124900 2.36517
125000 2.36603
125000 2.36603
125100 2.36689
125200 2.36774
125300 2.3686
125400 2.36946
125500 2.37031
125600 2.37116
125700 2.37201
125800 2.37287
125900 2.37372
126000 2.37457
126000 2.37457
126100 2.37542
126200 2.37626
126300 2.37711
126400 2.37796
126500 2.3788
126600 2.37965
126700 2.38049
126800 2.38134
126900 2.38218
127000 2.38302
127000 2.38302
127100 2.38387
127200 2.38471
127300 2.38555
127400 2.38638
127500 2.38722
127600 2.38806
127700 2.3889
127800 2.38973
127900 2.39057
128000 2.3914
128000 2.3914
128100 2.39224
128200 2.39307
128300 2.3939
128400 2.39473
128500 2.39556
128600 2.39639
128700 2.39722
128800 2.39805
128900 2.39888
129000 2.39971
129000 2.39971
129100 2.40053
129200 2.40136
129300 2.40218
129400 2.40301
129500 2.40383
129600 2.40465
129700 2.40547
129800 2.40629
129900 2.40711
130000 2.40793
130000 2.40793
130100 2.40875
130200 2.40957
130300 2.41039
130400 2.4112
130500 2.41202
130600 2.41283
130700 2.41365
130800 2.41446
130900 2.41527
131000 2.41609
131000 2.41609
131100 2.4169
131200 2.41771
131300 2.41852
131400 2.41933
131500 2.42013
131600 2.42094
131700 2.42175
131800 2.42255
131900 2.42336
132000 2.42416
132000 2.42416
132100 2.42497
132200 2.42577
132300 2.42657
132400 2.42737
132500 2.42817
132600 2.42897
132700 2.42977
132800 2.43057
132900 2.43137
133000 2.43217
133000 2.43217
133100 2.43296
133200 2.43376
133300 2.43455
133400 2.43535
133500 2.43614
133600 2.43693
133700 2.43773
133800 2.43852
133900 2.43931
134000 2.4401
134000 2.4401
134100 2.44089
134200 2.44167
134300 2.44246
134400 2.44325
134500 2.44403
134600 2.44482
134700 2.4456
134800 2.44639
134900 2.44717
135000 2.44795
135000 2.44795
135100 2.44874
135200 2.44952
135300 2.4503
135400 2.45108
135500 2.45186
135600 2.45263
135700 2.45341
135800 2.45419
135900 2.45497
136000 2.45574
136000 2.45574
136100 2.45652
136200 2.45729
136300 2.45806
136400 2.45884
136500 2.45961
136600 2.46038
136700 2.46115
136800 2.46192
136900 2.46269
137000 2.46346
137000 2.46346
137100 2.46422
137200 2.46499
137300 2.46576
137400 2.46652
137500 2.46729
137600 2.46805
137700 2.46881
137800 2.46958
137900 2.47034
138000 2.4711
138000 2.4711
138100 2.47186
138200 2.47262
138300 2.47338
138400 2.47414
138500 2.4749
138600 2.47565
138700 2.47641
138800 2.47717
138900 2.47792
139000 2.47867
139000 2.47867
139100 2.47943
139200 2.48018
139300 2.48093
139400 2.48168
139500 2.48244
139600 2.48319
139700 2.48394
139800 2.48468
139900 2.48543
140000 2.48618
140000 2.48618
140100 2.48693
140200 2.48767
140300 2.48842
140400 2.48916
140500 2.48991
140600 2.49065
140700 2.49139
140800 2.49213
140900 2.49288
141000 2.49362
141000 2.49362
141100 2.49436
141200 2.4951
141300 2.49583
141400 2.49657
141500 2.49731
141600 2.49805
141700 2.49878
141800 2.49952
141900 2.50025
142000 2.50099
142000 2.50099
142100 2.50172
142200 2.50245
142300 2.50318
142400 2.50391
142500 2.50464
142600 2.50537
142700 2.5061
142800 2.50683
142900 2.50756
143000 2.50829
143000 2.50829
143100 2.50901
143200 2.50974
143300 2.51046
143400 2.51119
143500 2.51191
143600 2.51264
143700 2.51336
143800 2.51408
143900 2.5148
144000 2.51552
144000 2.51552
144100 2.51624
144200 2.51696
144300 2.51768
144400 2.5184
144500 2.51911
144600 2.51983
144700 2.52055
144800 2.52126
144900 2.52198
145000 2.52269
145000 2.52269
145100 2.5234
145200 2.52412
145300 2.52483
145400 2.52554
145500 2.52625
145600 2.52696
145700 2.52767
145800 2.52838
145900 2.52908
146000 2.52979
146000 2.52979
146100 2.5305
146200 2.5312
146300 2.53191
146400 2.53262
146500 2.53332
146600 2.53402
146700 2.53473
146800 2.53543
146900 2.53613
147000 2.53683
147000 2.53683
147100 2.53753
147200 2.53823
147300 2.53893
147400 2.53963
147500 2.54032
147600 2.54102
147700 2.54172
147800 2.54241
147900 2.54311
148000 2.5438
148000 2.5438
148100 2.5445
148200 2.54519
148300 2.54588
148400 2.54658
148500 2.54727
148600 2.54796
148700 2.54865
148800 2.54934
148900 2.55003
149000 2.55071
149000 2.55071
149100 2.5514
149200 2.55209
149300 2.55277
149400 2.55346
149500 2.55414
149600 2.55483
149700 2.55551
149800 2.5562
149900 2.55688
150000 2.55756
150000 2.55756
150100 2.55824
150200 2.55892
150300 2.5596
150400 2.56028
150500 2.56096
150600 2.56164
150700 2.56232
150800 2.56299
150900 2.56367
151000 2.56434
151000 2.56434
151100 2.56502
151200 2.56569
151300 2.56637
151400 2.56704
151500 2.56771
151600 2.56839
151700 2.56906
151800 2.56973
151900 2.5704
152000 2.57107
152000 2.57107
152100 2.57174
152200 2.5724
152300 2.57307
152400 2.57374
152500 2.5744
152600 2.57507
152700 2.57574
152800 2.5764
152900 2.57706
153000 2.57773
153000 2.57773
153100 2.57839
153200 2.57905
153300 2.57971
153400 2.58037
153500 2.58103
153600 2.58169
153700 2.58235
153800 2.58301
153900 2.58367
154000 2.58433
154000 2.58433
154100 2.58498
154200 2.58564
154300 2.58629
154400 2.58695
154500 2.5876
154600 2.58826
154700 2.58891
154800 2.58956
154900 2.59022
155000 2.59087
155000 2.59087
155100 2.59152
155200 2.59217
155300 2.59282
155400 2.59347
155500 2.59411
155600 2.59476
155700 2.59541
155800 2.59605
155900 2.5967
156000 2.59735
156000 2.59735
156100 2.59799
156200 2.59863
156300 2.59928
156400 2.59992
156500 2.60056
156600 2.60121
156700 2.60185
156800 2.60249
156900 2.60313
157000 2.60377
157000 2.60377
157100 2.60441
157200 2.60504
157300 2.60568
157400 2.60632
157500 2.60695
157600 2.60759
157700 2.60823
157800 2.60886
157900 2.60949
158000 2.61013
158000 2.61013
158100 2.61076
158200 2.61139
158300 2.61203
158400 2.61266
158500 2.61329
158600 2.61392
158700 2.61455
158800 2.61518
158900 2.6158
159000 2.61643
159000 2.61643
159100 2.61706
159200 2.61769
159300 2.61831
159400 2.61894
159500 2.61956
159600 2.62019
159700 2.62081
159800 2.62143
159900 2.62206
160000 2.62268
160000 2.62268
160100 2.6233
160200 2.62392
160300 2.62454
160400 2.62516
160500 2.62578
160600 2.6264
160700 2.62702
160800 2.62763
160900 2.62825
161000 2.62887
161000 2.62887
161100 2.62948
161200 2.6301
161300 2.63071
161400 2.63133
161500 2.63194
161600 2.63255
161700 2.63316
161800 2.63378
161900 2.63439
162000 2.635
162000 2.635
162100 2.63561
162200 2.63622
162300 2.63683
162400 2.63744
162500 2.63804
162600 2.63865
162700 2.63926
162800 2.63986
162900 2.64047
163000 2.64107
163000 2.64107
163100 2.64168
163200 2.64228
163300 2.64289
163400 2.64349
163500 2.64409
163600 2.64469
163700 2.6453
163800 2.6459
163900 2.6465
164000 2.6471
164000 2.6471
164100 2.64769
164200 2.64829
164300 2.64889
164400 2.64949
164500 2.65009
164600 2.65068
164700 2.65128
164800 2.65187
164900 2.65247
165000 2.65306
165000 2.65306
165100 2.65365
165200 2.65425
165300 2.65484
165400 2.65543
165500 2.65602
165600 2.65661
165700 2.6572
165800 2.65779
165900 2.65838
166000 2.65897
166000 2.65897
166100 2.65956
166200 2.66015
166300 2.66073
166400 2.66132
166500 2.66191
166600 2.66249
166700 2.66308
166800 2.66366
166900 2.66425
167000 2.66483
167000 2.66483
167100 2.66541
167200 2.66599
167300 2.66658
167400 2.66716
167500 2.66774
167600 2.66832
167700 2.6689
167800 2.66948
167900 2.67005
168000 2.67063
168000 2.67063
168100 2.67121
168200 2.67179
168300 2.67236
168400 2.67294
168500 2.67351
168600 2.67409
168700 2.67466
168800 2.67524
168900 2.67581
169000 2.67638
169000 2.67638
169100 2.67696
169200 2.67753
169300 2.6781
169400 2.67867
169500 2.67924
169600 2.67981
169700 2.68038
169800 2.68095
169900 2.68151
170000 2.68208
170000 2.68208
170100 2.68265
170200 2.68321
170300 2.68378
170400 2.68435
170500 2.68491
170600 2.68547
170700 2.68604
170800 2.6866
170900 2.68716
171000 2.68773
171000 2.68773
171100 2.68829
171200 2.68885
171300 2.68941
171400 2.68997
171500 2.69053
171600 2.69109
171700 2.69165
171800 2.69221
171900 2.69276
172000 2.69332
172000 2.69332
172100 2.69388
172200 2.69443
172300 2.69499
172400 2.69554
172500 2.6961
172600 2.69665
172700 2.69721
172800 2.69776
172900 2.69831
173000 2.69886
173000 2.69886
173100 2.69942
173200 2.69997
173300 2.70052
173400 2.70107
173500 2.70162
173600 2.70217
173700 2.70271
173800 2.70326
173900 2.70381
174000 2.70436
174000 2.70436
174100 2.7049
174200 2.70545
174300 2.70599
174400 2.70654
174500 2.70708
174600 2.70763
174700 2.70817
174800 2.70871
174900 2.70926
175000 2.7098
175000 2.7098
175100 2.71034
175200 2.71088
175300 2.71142
175400 2.71196
175500 2.7125
175600 2.71304
175700 2.71358
175800 2.71412
175900 2.71465
176000 2.71519
176000 2.71519
176100 2.71573
176200 2.71626
176300 2.7168
176400 2.71733
176500 2.71787
176600 2.7184
176700 2.71894
176800 2.71947
176900 2.72
177000 2.72053
177000 2.72053
177100 2.72107
177200 2.7216
177300 2.72213
177400 2.72266
177500 2.72319
177600 2.72372
177700 2.72425
177800 2.72477
177900 2.7253
178000 2.72583
178000 2.72583
178100 2.72635
178200 2.72688
178300 2.72741
178400 2.72793
178500 2.72846
178600 2.72898
178700 2.72951
178800 2.73003
178900 2.73055
179000 2.73107
179000 2.73107
179100 2.7316
179200 2.73212
179300 2.73264
179400 2.73316
179500 2.73368
179600 2.7342
179700 2.73472
179800 2.73524
179900 2.73575
180000 2.73627
180000 2.73627
180100 2.73679
180200 2.73731
180300 2.73782
180400 2.73834
180500 2.73885
180600 2.73937
180700 2.73988
180800 2.7404
180900 2.74091
181000 2.74142
181000 2.74142
181100 2.74193
181200 2.74245
181300 2.74296
181400 2.74347
181500 2.74398
181600 2.74449
181700 2.745
181800 2.74551
181900 2.74602
182000 2.74653
182000 2.74653
182100 2.74703
182200 2.74754
182300 2.74805
182400 2.74855
182500 2.74906
182600 2.74957
182700 2.75007
182800 2.75057
182900 2.75108
183000 2.75158
183000 2.75158
183100 2.75209
183200 2.75259
183300 2.75309
183400 2.75359
183500 2.75409
183600 2.75459
183700 2.75509
183800 2.75559
183900 2.75609
184000 2.75659
184000 2.75659
184100 2.75709
184200 2.75759
184300 2.75809
184400 2.75858
184500 2.75908
184600 2.75958
184700 2.76007
184800 2.76057
184900 2.76106
185000 2.76156
185000 2.76156
185100 2.76205
185200 2.76254
185300 2.76304
185400 2.76353
185500 2.76402
185600 2.76451
185700 2.76501
185800 2.7655
185900 2.76599
186000 2.76648
186000 2.76648
186100 2.76697
186200 2.76746
186300 2.76794
186400 2.76843
186500 2.76892
186600 2.76941
186700 2.76989
186800 2.77038
186900 2.77087
187000 2.77135
187000 2.77135
187100 2.77184
187200 2.77232
187300 2.7728
187400 2.77329
187500 2.77377
187600 2.77425
187700 2.77474
187800 2.77522
187900 2.7757
188000 2.77618
188000 2.77618
188100 2.77666
188200 2.77714
188300 2.77762
188400 2.7781
188500 2.77858
188600 2.77906
188700 2.77954
188800 2.78001
188900 2.78049
189000 2.78097
189000 2.78097
189100 2.78144
189200 2.78192
189300 2.78239
189400 2.78287
189500 2.78334
189600 2.78382
189700 2.78429
189800 2.78476
189900 2.78524
190000 2.78571
190000 2.78571
190100 2.78618
190200 2.78665
190300 2.78712
190400 2.78759
190500 2.78806
190600 2.78853
190700 2.789
190800 2.78947
190900 2.78994
191000 2.79041
191000 2.79041
191100 2.79087
191200 2.79134
191300 2.79181
191400 2.79227
191500 2.79274
191600 2.7932
191700 2.79367
191800 2.79413
191900 2.7946
192000 2.79506
192000 2.79506
192100 2.79553
192200 2.79599
192300 2.79645
192400 2.79691
192500 2.79737
192600 2.79783
192700 2.7983
192800 2.79876
192900 2.79922
193000 2.79967
193000 2.79967
193100 2.80013
193200 2.80059
193300 2.80105
193400 2.80151
193500 2.80197
193600 2.80242
193700 2.80288
193800 2.80333
193900 2.80379
194000 2.80425
194000 2.80425
194100 2.8047
194200 2.80515
194300 2.80561
194400 2.80606
194500 2.80652
194600 2.80697
194700 2.80742
194800 2.80787
194900 2.80832
195000 2.80877
195000 2.80877
195100 2.80923
195200 2.80968
195300 2.81013
195400 2.81057
195500 2.81102
195600 2.81147
195700 2.81192
195800 2.81237
195900 2.81282
196000 2.81326
196000 2.81326
196100 2.81371
196200 2.81415
196300 2.8146
196400 2.81505
196500 2.81549
196600 2.81594
196700 2.81638
196800 2.81682
196900 2.81727
197000 2.81771
197000 2.81771
197100 2.81815
197200 2.81859
197300 2.81903
197400 2.81948
197500 2.81992
197600 2.82036
197700 2.8208
197800 2.82124
197900 2.82168
198000 2.82211
198000 2.82211
198100 2.82255
198200 2.82299
198300 2.82343
198400 2.82387
198500 2.8243
198600 2.82474
198700 2.82518
198800 2.82561
198900 2.82605
199000 2.82648
199000 2.82648
199100 2.82691
199200 2.82735
199300 2.82778
199400 2.82822
199500 2.82865
199600 2.82908
199700 2.82951
199800 2.82994
199900 2.83038
200000 2.83081
200000 2.83081
200100 2.83124
200200 2.83167
200300 2.8321
200400 2.83253
200500 2.83295
200600 2.83338
200700 2.83381
200800 2.83424
200900 2.83467
201000 2.83509
201000 2.83509
201100 2.83552
201200 2.83594
201300 2.83637
201400 2.8368
201500 2.83722
201600 2.83765
201700 2.83807
201800 2.83849
201900 2.83892
202000 2.83934
202000 2.83934
202100 2.83976
202200 2.84018
202300 2.84061
202400 2.84103
202500 2.84145
202600 2.84187
202700 2.84229
202800 2.84271
202900 2.84313
203000 2.84355
203000 2.84355
203100 2.84397
203200 2.84438
203300 2.8448
203400 2.84522
203500 2.84564
203600 2.84605
203700 2.84647
203800 2.84689
203900 2.8473
