0 3
0 3
2 3
100 3
200 3
300 3
400 3
500 3
600 3
700 3
800 3
900 3
1000 3
1000 3
1024 3
1026 3
1100 3
1200 3
1300 3
1400 3
1500 3
1600 3
1700 3
1800 3
1900 3
2000 3
2000 3
2048 3
2050 3
2100 3
2200 3
2300 3
2400 3
2500 3
2502 3
2505 3
2505 3
2506 3
2506 3
2509 3
2509 3
2510 3
2600 3
2700 3
2800 3
2900 3
3000 3
3000 3
3072 3
3074 2.98283
3100 2.93608
3176 2.80288
3200 2.80324
3300 2.80476
3400 2.80627
3500 2.80778
3600 2.80928
3700 2.81078
3800 2.81228
3900 2.81377
4000 2.81525
4000 2.81525
4094 2.81665
4096 2.81394
4098 2.79659
4098 2.79659
4100 2.79662
4200 2.79816
4300 2.79969
4400 2.80122
4500 2.80274
4600 2.80426
4700 2.80577
4800 2.80728
4900 2.80879
5000 2.81029
5000 2.81029
5100 2.81178
5118 2.81206
5120 2.80935
5122 2.79329
5200 2.66446
5224 2.62541
5300 2.62697
5400 2.62902
5500 2.63107
5600 2.63312
5700 2.63515
5800 2.63719
5900 2.63921
6000 2.64123
6000 2.64123
6100 2.64324
6142 2.64409
6144 2.64156
6146 2.62529
6146 2.62529
6200 2.6264
6300 2.62846
6400 2.63051
6500 2.63255
6600 2.63459
6700 2.63662
6800 2.63865
6900 2.64067
7000 2.64269
7000 2.64269
7100 2.64469
7166 2.64602
7168 2.64348
7170 2.62838
7200 2.58125
7272 2.47101
7300 2.4717
7400 2.47424
7500 2.47676
7600 2.47927
7700 2.48178
7800 2.48428
7900 2.48677
8000 2.48926
8000 2.48926
8100 2.49174
8190 2.49397
8192 2.49158
8194 2.47625
8194 2.47625
8200 2.4764
8300 2.47891
8400 2.48142
8500 2.48392
8600 2.48642
8700 2.4889
8800 2.49138
8900 2.49385
9000 2.49631
9000 2.49631
9100 2.49877
9200 2.50122
9214 2.50157
9216 2.49918
9218 2.48491
9300 2.36547
9320 2.33667
9400 2.33901
9500 2.34195
9600 2.34488
9700 2.3478
9800 2.35071
9900 2.35361
10000 2.3565
10000 2.3565
10100 2.35938
10200 2.36225
10238 2.36336
10240 2.36111
10242 2.34659
10242 2.34659
10300 2.34827
10400 2.35118
10500 2.35408
10600 2.35697
10700 2.35985
10800 2.36272
10900 2.36559
11000 2.36844
11000 2.36844
11100 2.37129
11200 2.37413
11262 2.37589
11264 2.37363
11266 2.36009
11300 2.31253
11368 2.2198
11400 2.22084
11500 2.22414
11600 2.22743
11700 2.2307
11800 2.23397
11900 2.23723
12000 2.24048
12000 2.24048
12100 2.24371
12200 2.24694
12286 2.24972
12288 2.24759
12290 2.23378
12290 2.23378
12300 2.2341
12400 2.23735
12500 2.2406
12600 2.24384
12700 2.24707
12800 2.25028
12900 2.25349
13000 2.25669
13000 2.25669
13100 2.25988
13200 2.26305
13300 2.26622
13310 2.26655
13312 2.2644
13314 2.25149
13400 2.13892
13416 2.11812
13500 2.12114
13600 2.12474
13700 2.12833
13800 2.13191
13900 2.13548
14000 2.13904
14000 2.13904
14100 2.14259
14200 2.14612
14300 2.14965
14334 2.15086
14336 2.14883
14338 2.13563
14338 2.13563
14400 2.13783
14500 2.14138
14600 2.14492
14700 2.14845
14800 2.15197
14900 2.15548
15000 2.15898
15000 2.15898
15100 2.16246
15200 2.16594
15300 2.16941
15358 2.17142
15360 2.16937
15362 2.15701
15400 2.10881
15464 2.02965
15500 2.03104
15600 2.03491
15700 2.03878
15800 2.04263
15900 2.04648
16000 2.05031
16000 2.05031
16100 2.05413
16200 2.05793
16300 2.06173
16382 2.06485
16384 2.0629
16386 2.05024
16386 2.05024
16400 2.05077
16500 2.05459
16600 2.0584
16700 2.06219
16800 2.06597
16900 2.06974
17000 2.0735
17000 2.0735
17100 2.07725
17200 2.08099
17300 2.08471
17400 2.08842
17406 2.08866
17408 2.08669
17410 2.07481
17500 1.96708
17512 1.95269
17600 1.9563
17700 1.9604
17800 1.9645
17900 1.96858
18000 1.97265
18000 1.97265
18100 1.9767
18200 1.98075
18300 1.98478
18400 1.9888
18430 1.99002
18432 1.98815
18434 1.97596
18434 1.97596
18500 1.97862
18600 1.98266
18700 1.98668
18800 1.9907
18900 1.9947
19000 1.99869
19000 1.99869
19100 2.00266
19200 2.00663
19300 2.01058
19400 2.01452
19454 2.01666
19456 2.01476
19458 2.0033
19500 1.95418
19560 1.88573
19600 1.88744
19639 1.88914
19700 1.82275
19800 1.71907
19800 1.71907
19900 1.7239
20000 1.72872
20000 1.72872
20100 1.73352
20200 1.73831
20300 1.74308
20400 1.74784
20500 1.75258
20600 1.75731
20700 1.76202
20800 1.76672
20900 1.77141
21000 1.77608
21000 1.77608
21100 1.78074
21200 1.78538
21300 1.79001
21400 1.79462
21500 1.79922
21600 1.80381
21700 1.80838
21800 1.81294
21900 1.81748
22000 1.82201
22000 1.82201
22100 1.82653
22200 1.83103
22300 1.83552
22400 1.84
22500 1.84446
22600 1.84891
22700 1.85334
22800 1.85776
22900 1.86217
23000 1.86656
23000 1.86656
23100 1.87094
23200 1.87531
23300 1.87966
23400 1.884
23500 1.88833
23600 1.89264
23700 1.89694
23800 1.90123
23900 1.90551
24000 1.90977
24000 1.90977
24100 1.91402
24200 1.91825
24300 1.92247
24400 1.92668
24500 1.93088
24600 1.93506
24700 1.93923
24800 1.94339
24900 1.94754
25000 1.95167
25000 1.95167
25100 1.95579
25200 1.9599
25300 1.96399
25400 1.96808
25500 1.97215
25600 1.9762
25700 1.98025
25800 1.98428
25900 1.9883
26000 1.99231
26000 1.99231
26100 1.99631
26200 2.00029
26300 2.00426
26400 2.00822
26500 2.01217
26600 2.0161
26700 2.02003
26800 2.02394
26900 2.02784
27000 2.03173
27000 2.03173
27100 2.0356
27200 2.03947
27300 2.04332
27400 2.04716
27500 2.05099
27600 2.0548
27700 2.05861
27800 2.0624
27900 2.06618
28000 2.06995
28000 2.06995
28100 2.07371
28200 2.07746
28300 2.08119
28400 2.08492
28500 2.08863
28600 2.09233
28700 2.09602
28800 2.0997
28900 2.10337
29000 2.10703
29000 2.10703
29100 2.11067
29200 2.11431
29300 2.11793
29400 2.12154
29500 2.12514
29600 2.12873
29700 2.13231
29800 2.13588
29900 2.13944
30000 2.14298
30000 2.14298
30100 2.14652
30200 2.15004
30300 2.15356
30400 2.15706
30500 2.16055
30600 2.16403
30700 2.16751
30800 2.17097
30900 2.17442
31000 2.17786
31000 2.17786
31100 2.18128
31200 2.1847
31300 2.18811
31400 2.19151
31500 2.19489
31600 2.19827
31700 2.20164
31800 2.20499
31900 2.20834
32000 2.21168
32000 2.21168
32100 2.215
32200 2.21832
32300 2.22162
32400 2.22492
32500 2.2282
32600 2.23148
32700 2.23474
32800 2.238
32900 2.24124
33000 2.24448
33000 2.24448
33100 2.2477
33200 2.25092
33300 2.25412
33400 2.25732
33500 2.26051
33600 2.26368
33700 2.26685
33800 2.27
33900 2.27315
34000 2.27629
34000 2.27629
34100 2.27942
34200 2.28254
34300 2.28565
34400 2.28874
34500 2.29183
34600 2.29491
34700 2.29799
34800 2.30105
34900 2.3041
35000 2.30714
35000 2.30714
35100 2.31018
35200 2.3132
35300 2.31622
35400 2.31922
35500 2.32222
35600 2.32521
35700 2.32819
35800 2.33115
35900 2.33411
36000 2.33707
36000 2.33707
36100 2.34001
36200 2.34294
36300 2.34587
36400 2.34878
36500 2.35169
36600 2.35459
36700 2.35747
36800 2.36035
36900 2.36322
37000 2.36609
37000 2.36609
37100 2.36894
37200 2.37179
37300 2.37462
37400 2.37745
37500 2.38027
37600 2.38308
37700 2.38588
37800 2.38867
37900 2.39146
38000 2.39423
38000 2.39423
38100 2.397
38200 2.39976
38300 2.40251
38400 2.40525
38500 2.40799
38600 2.41071
38700 2.41343
38800 2.41614
38900 2.41884
39000 2.42153
39000 2.42153
39100 2.42421
39200 2.42689
39300 2.42956
39400 2.43222
39500 2.43487
39600 2.43751
39700 2.44015
39800 2.44278
39900 2.44539
40000 2.44801
40000 2.44801
40100 2.45061
40200 2.4532
40300 2.45579
40400 2.45837
40500 2.46094
40600 2.46351
40700 2.46606
40800 2.46861
40900 2.47115
41000 2.47368
41000 2.47368
41100 2.47621
41200 2.47872
41300 2.48123
41400 2.48373
41500 2.48623
41600 2.48871
41700 2.49119
41800 2.49366
41900 2.49613
42000 2.49858
42000 2.49858
42100 2.50103
42200 2.50347
42300 2.50591
42400 2.50833
42500 2.51075
42600 2.51316
42700 2.51557
42800 2.51796
42900 2.52035
43000 2.52274
43000 2.52274
43100 2.52511
43200 2.52748
43300 2.52984
43400 2.53219
43500 2.53454
43600 2.53688
43700 2.53921
43800 2.54153
43900 2.54385
44000 2.54616
44000 2.54616
44100 2.54846
44200 2.55076
44300 2.55305
44400 2.55533
44500 2.5576
44600 2.55987
44700 2.56213
44800 2.56439
44900 2.56664
45000 2.56888
45000 2.56888
45100 2.57111
45200 2.57334
45300 2.57556
45400 2.57777
45500 2.57998
45600 2.58218
45700 2.58437
45800 2.58656
45900 2.58874
46000 2.59091
46000 2.59091
46100 2.59307
46200 2.59523
46300 2.59739
46400 2.59953
46500 2.60167
46600 2.60381
46700 2.60593
46800 2.60806
46900 2.61017
47000 2.61228
47000 2.61228
47100 2.61438
47200 2.61647
47300 2.61856
47400 2.62064
47500 2.62272
47600 2.62479
47700 2.62685
47800 2.62891
47900 2.63096
48000 2.633
48000 2.633
48100 2.63504
48200 2.63707
48300 2.63909
48400 2.64111
48500 2.64313
48600 2.64513
48700 2.64713
48800 2.64913
48900 2.65112
49000 2.6531
49000 2.6531
49100 2.65508
49200 2.65705
49300 2.65901
49400 2.66097
49500 2.66292
49600 2.66487
49700 2.66681
49800 2.66874
49900 2.67067
50000 2.67259
50000 2.67259
50100 2.67451
50200 2.67642
50300 2.67833
50400 2.68022
50500 2.68212
50600 2.68401
50700 2.68589
50800 2.68776
50900 2.68963
51000 2.6915
51000 2.6915
51100 2.69336
51200 2.69521
51300 2.69706
51400 2.6989
51500 2.70074
51600 2.70257
51700 2.70439
51800 2.70621
51900 2.70803
52000 2.70983
52000 2.70983
52100 2.71164
52200 2.71343
52300 2.71523
52400 2.71701
52500 2.71879
52600 2.72057
52700 2.72234
52800 2.7241
52900 2.72586
53000 2.72762
53000 2.72762
53100 2.72936
53200 2.73111
53300 2.73285
53400 2.73458
53500 2.73631
53600 2.73803
53700 2.73974
53800 2.74146
53900 2.74316
54000 2.74486
54000 2.74486
54100 2.74656
54200 2.74825
54300 2.74993
54400 2.75161
54500 2.75329
54600 2.75496
54700 2.75663
54800 2.75828
54900 2.75994
55000 2.76159
55000 2.76159
55100 2.76323
55200 2.76487
55300 2.76651
55400 2.76814
55500 2.76976
55600 2.77138
55700 2.773
55800 2.77461
55900 2.77621
56000 2.77781
56000 2.77781
56100 2.77941
56200 2.781
56300 2.78258
56400 2.78416
56500 2.78574
56600 2.78731
56700 2.78888
56800 2.79044
56900 2.79199
57000 2.79355
57000 2.79355
57100 2.79509
57200 2.79663
57300 2.79817
57400 2.7997
57500 2.80123
57600 2.80276
57700 2.80428
57800 2.80579
57900 2.8073
58000 2.8088
58000 2.8088
58100 2.8103
58200 2.8118
58300 2.81329
58400 2.81478
58500 2.81626
58600 2.81774
58700 2.81921
58800 2.82068
58900 2.82214
59000 2.8236
59000 2.8236
59100 2.82506
59200 2.82651
59300 2.82795
59400 2.8294
59500 2.83083
59600 2.83227
59700 2.8337
59800 2.83512
59900 2.83654
60000 2.83796
60000 2.83796
60100 2.83937
60200 2.84077
60300 2.84218
60400 2.84357
60500 2.84497
60600 2.84636
60700 2.84774
60800 2.84913
60900 2.8505
61000 2.85188
61000 2.85188
61100 2.85324
61200 2.85461
61300 2.85597
61400 2.85733
61500 2.85868
61600 2.86003
61700 2.86137
61800 2.86271
61900 2.86404
62000 2.86538
62000 2.86538
62100 2.8667
62200 2.86803
62300 2.86935
62400 2.87066
62500 2.87197
62600 2.87328
62700 2.87458
62800 2.87588
62900 2.87718
63000 2.87847
63000 2.87847
63100 2.87976
63200 2.88104
63300 2.88232
63400 2.8836
63500 2.88487
63600 2.88614
63700 2.8874
63800 2.88866
63900 2.88992
64000 2.89117
64000 2.89117
64100 2.89242
64200 2.89366
64300 2.8949
64400 2.89614
64500 2.89737
64600 2.8986
64700 2.89983
64800 2.90105
64900 2.90227
65000 2.90348
65000 2.90348
65100 2.90469
65200 2.9059
65300 2.90711
65400 2.90831
65500 2.9095
65600 2.91069
65700 2.91188
65800 2.91307
65900 2.91425
66000 2.91543
66000 2.91543
66100 2.9166
66200 2.91777
66300 2.91894
66400 2.9201
66500 2.92126
66600 2.92242
66700 2.92357
66800 2.92472
66900 2.92587
67000 2.92701
67000 2.92701
67100 2.92815
67200 2.92929
67300 2.93042
67400 2.93155
67500 2.93267
67600 2.93379
67700 2.93491
67800 2.93603
67900 2.93714
68000 2.93825
68000 2.93825
68100 2.93935
68200 2.94045
68300 2.94155
68400 2.94265
68500 2.94374
68600 2.94483
68700 2.94591
68800 2.94699
68900 2.94807
69000 2.94914
69000 2.94914
69100 2.95022
69200 2.95128
69300 2.95235
69400 2.95341
69500 2.95447
69600 2.95552
69700 2.95658
69800 2.95762
69900 2.95867
70000 2.95971
70000 2.95971
70100 2.96075
70200 2.96179
70300 2.96282
70400 2.96385
70500 2.96488
70600 2.9659
70700 2.96692
70800 2.96794
70900 2.96895
71000 2.96996
71000 2.96996
71100 2.97097
71200 2.97197
71300 2.97298
71400 2.97397
71500 2.97497
71600 2.97596
71700 2.97695
71800 2.97794
71900 2.97892
72000 2.9799
72000 2.9799
72100 2.98088
72200 2.98185
72300 2.98282
72400 2.98379
72500 2.98476
72600 2.98572
72700 2.98668
72800 2.98764
72900 2.98859
73000 2.98954
73000 2.98954
73100 2.99049
73200 2.99143
73300 2.99238
73400 2.99332
73500 2.99425
73600 2.99519
73700 2.99612
73800 2.99704
73900 2.99797
74000 2.99889
74000 2.99889
74100 2.99981
74100 2.99981
74200 3.00073
74300 3.00164
74400 3.00255
74500 3.00346
74600 3.00437
74700 3.00527
74752 3.00574
74754 2.98854
74800 2.90612
74856 2.80822
74900 2.80888
75000 2.81038
75000 2.81038
75100 2.81187
75200 2.81337
75300 2.81485
75400 2.81633
75500 2.81781
75600 2.81928
75700 2.82075
75774 2.82184
75776 2.81912
75778 2.80175
75778 2.80175
75800 2.80208
75900 2.8036
76000 2.80512
76000 2.80512
76100 2.80663
76200 2.80813
76300 2.80964
76400 2.81113
76500 2.81263
76600 2.81412
76700 2.8156
76798 2.81706
76800 2.81434
76800 2.81434
76802 2.79825
76900 2.63709
76904 2.63006
77000 2.63201
77000 2.63201
77100 2.63405
77200 2.63609
77300 2.63812
77400 2.64014
77500 2.64215
77600 2.64416
77700 2.64617
77800 2.64816
77822 2.64861
77824 2.64607
77826 2.62977
77826 2.62977
77900 2.63128
78000 2.63333
78000 2.63333
78100 2.63536
78200 2.63739
78300 2.63942
78400 2.64144
78500 2.64345
78600 2.64545
78700 2.64745
78800 2.64945
78846 2.65037
78848 2.64783
78850 2.6327
78900 2.55447
78952 2.47505
79000 2.47625
79000 2.47625
79100 2.47876
79200 2.48127
79300 2.48378
79400 2.48627
79500 2.48876
79600 2.49123
79700 2.4937
79800 2.49617
79870 2.4979
79872 2.49551
79874 2.48015
79874 2.48015
79900 2.4808
80000 2.4833
80000 2.4833
80100 2.4858
80200 2.48829
80300 2.49077
80400 2.49324
80500 2.4957
80600 2.49816
80700 2.50061
80800 2.50305
80894 2.50535
80896 2.50296
80898 2.48867
80900 2.48573
81000 2.34078
81000 2.34078
81000 2.34019
81079 2.3425
81079 2.3425
81088 2.21642
81088 2.2162
81089 2.21
81089 2.21
81100 2.21036
81200 2.21369
81300 2.21701
81400 2.22032
81500 2.22362
81600 2.22691
81700 2.23019
81800 2.23346
81900 2.23672
81918 2.23732
81920 2.23519
81922 2.22146
81922 2.22146
82000 2.22403
82000 2.22403
82100 2.22731
82200 2.23059
82300 2.23386
82400 2.23712
82500 2.24036
82600 2.2436
82700 2.24683
82800 2.25005
82900 2.25326
82942 2.25461
82944 2.25247
82946 2.23964
83000 2.16865
83000 2.16865
83048 2.10702
83100 2.1089
83200 2.11254
83300 2.11617
83400 2.11978
83500 2.12339
83600 2.12699
83700 2.13057
83800 2.13414
83900 2.13771
83966 2.14007
83968 2.13804
83970 2.12492
83970 2.12492
84000 2.12599
84000 2.12599
84100 2.12958
84200 2.13315
84300 2.13672
84400 2.14027
84500 2.14382
84600 2.14735
84700 2.15087
84800 2.15438
84900 2.15788
84990 2.16104
84992 2.15899
84994 2.1467
85000 2.13909
85000 2.13909
85096 2.02
85100 2.02014
85200 2.02405
85300 2.02795
85400 2.03183
85500 2.03571
85600 2.03957
85700 2.04342
85800 2.04726
85900 2.05109
86000 2.05491
86000 2.05491
86014 2.05546
86016 2.05352
86018 2.04092
86018 2.04092
86100 2.04407
86200 2.04791
86300 2.05173
86400 2.05555
86500 2.05935
86600 2.06314
86700 2.06692
86800 2.07069
86900 2.07445
87000 2.07819
87000 2.07819
87038 2.07963
87040 2.07766
87042 2.06584
87100 1.99604
87144 1.94429
87200 1.94659
87300 1.95073
87400 1.95485
87500 1.95896
87600 1.96306
87700 1.96714
87800 1.97122
87900 1.97528
88000 1.97933
88000 1.97933
88062 1.98185
88064 1.97998
88066 1.96784
88066 1.96784
88100 1.96922
88200 1.97329
88300 1.97734
88400 1.98138
88500 1.98541
88600 1.98943
88700 1.99344
88800 1.99743
88900 2.00141
89000 2.00538
89000 2.00538
89086 2.0088
89088 2.00691
89090 1.99549
89100 1.98376
89192 1.87842
89200 1.87875
89300 1.88309
89400 1.88742
89500 1.89174
89600 1.89604
89700 1.90033
89800 1.90461
89900 1.90887
90000 1.91312
90000 1.91312
90100 1.91736
90110 1.9178
90112 1.91601
90114 1.90427
90114 1.90427
90200 1.90793
90300 1.91218
90400 1.91642
90500 1.92065
90600 1.92486
90700 1.92907
90800 1.93326
90900 1.93743
91000 1.9416
91000 1.9416
91100 1.94575
91134 1.94717
91136 1.94535
91138 1.93429
91200 1.86491
91240 1.82111
91300 1.82381
91400 1.82832
91500 1.83282
91600 1.8373
91700 1.84177
91800 1.84622
91900 1.85067
92000 1.8551
92000 1.8551
92100 1.85951
92158 1.86208
92160 1.86035
92162 1.84895
92162 1.84895
92200 1.85063
92300 1.85506
92400 1.85948
92500 1.86388
92600 1.86827
92700 1.87264
92800 1.877
92900 1.88135
93000 1.88569
93000 1.88569
93100 1.89001
93182 1.89356
93184 1.89179
93186 1.88104
93200 1.86564
93288 1.77126
93288 1.77126
93300 1.7718
93400 1.77647
93500 1.78112
93600 1.78576
93700 1.79039
93800 1.79501
93900 1.7996
94000 1.80419
94000 1.80419
94100 1.80876
94200 1.81332
94300 1.81786
94400 1.82239
94500 1.8269
94600 1.83141
94700 1.83589
94800 1.84037
94900 1.84483
95000 1.84928
95000 1.84928
95100 1.85371
95200 1.85813
95300 1.86253
95400 1.86693
95500 1.87131
95600 1.87567
95700 1.88002
95800 1.88436
95900 1.88869
96000 1.893
96000 1.893
96100 1.8973
96200 1.90159
96300 1.90586
96400 1.91012
96500 1.91437
96600 1.9186
96700 1.92282
96800 1.92703
96900 1.93123
97000 1.93541
97000 1.93541
97100 1.93958
97200 1.94374
97300 1.94788
97400 1.95201
97500 1.95613
97600 1.96024
97700 1.96433
97800 1.96842
97900 1.97249
98000 1.97654
98000 1.97654
98100 1.98059
98200 1.98462
98300 1.98864
98400 1.99264
98500 1.99664
98600 2.00062
98700 2.00459
98800 2.00855
98900 2.0125
99000 2.01643
99000 2.01643
99100 2.02035
99200 2.02426
99300 2.02816
99400 2.03205
99500 2.03592
99600 2.03979
99700 2.04364
99800 2.04748
99900 2.0513
100000 2.05512
100000 2.05512
100100 2.05892
100200 2.06272
100300 2.0665
100400 2.07027
100500 2.07402
100600 2.07777
100700 2.0815
100800 2.08523
100900 2.08894
101000 2.09264
101000 2.09264
101100 2.09633
101200 2.10001
101300 2.10368
101400 2.10733
101500 2.11098
101600 2.11461
101700 2.11823
101800 2.12184
101900 2.12544
102000 2.12903
102000 2.12903
102100 2.13261
102200 2.13618
102300 2.13973
102400 2.14328
102500 2.14681
102600 2.15034
102700 2.15385
102800 2.15735
102900 2.16084
103000 2.16432
103000 2.16432
103100 2.16779
103200 2.17125
103300 2.1747
103400 2.17814
103500 2.18157
103600 2.18499
103700 2.18839
103800 2.19179
103900 2.19518
104000 2.19855
104000 2.19855
104100 2.20192
104200 2.20527
104300 2.20862
104400 2.21195
104500 2.21528
104600 2.21859
104700 2.2219
104800 2.22519
104900 2.22848
105000 2.23175
105000 2.23175
105100 2.23501
105200 2.23827
105300 2.24151
105400 2.24475
105500 2.24797
105600 2.25119
105700 2.25439
105800 2.25759
105900 2.26077
106000 2.26395
106000 2.26395
106100 2.26711
106200 2.27027
106300 2.27341
106400 2.27655
106500 2.27968
106600 2.2828
106700 2.2859
106800 2.289
106900 2.29209
107000 2.29517
107000 2.29517
107100 2.29824
107200 2.3013
107300 2.30435
107400 2.3074
107500 2.31043
107600 2.31345
107700 2.31647
107800 2.31947
107900 2.32247
108000 2.32546
108000 2.32546
108100 2.32843
108200 2.3314
108300 2.33436
108400 2.33731
108500 2.34025
108600 2.34319
108700 2.34611
108800 2.34902
108900 2.35193
109000 2.35483
109000 2.35483
109100 2.35771
109200 2.36059
109300 2.36346
109400 2.36633
109500 2.36918
109600 2.37202
109700 2.37486
109800 2.37768
109900 2.3805
110000 2.38331
110000 2.38331
110100 2.38611
110200 2.38891
110300 2.39169
110400 2.39446
110500 2.39723
110600 2.39999
110700 2.40274
110800 2.40548
110900 2.40821
111000 2.41094
111000 2.41094
111100 2.41366
111200 2.41636
111300 2.41906
111400 2.42175
111500 2.42444
111600 2.42711
111700 2.42978
111800 2.43244
111900 2.43509
112000 2.43773
112000 2.43773
112100 2.44037
112200 2.44299
112300 2.44561
112400 2.44822
112500 2.45083
112600 2.45342
112700 2.45601
112800 2.45858
112900 2.46116
113000 2.46372
113000 2.46372
113100 2.46627
113200 2.46882
113300 2.47136
113400 2.47389
113500 2.47642
113600 2.47893
113700 2.48144
113800 2.48394
113900 2.48644
114000 2.48892
114000 2.48892
114100 2.4914
114200 2.49387
114300 2.49633
114400 2.49879
114500 2.50124
114600 2.50368
114700 2.50611
114800 2.50854
114900 2.51095
115000 2.51336
115000 2.51336
115100 2.51577
115200 2.51816
115300 2.52055
115400 2.52293
115500 2.52531
115600 2.52767
115700 2.53003
115800 2.53239
115900 2.53473
116000 2.53707
116000 2.53707
116100 2.5394
116200 2.54172
116300 2.54404
116400 2.54635
116500 2.54865
116600 2.55095
116700 2.55324
116800 2.55552
116900 2.55779
117000 2.56006
117000 2.56006
117100 2.56232
117200 2.56458
117300 2.56682
117400 2.56906
117500 2.5713
117600 2.57352
117700 2.57574
117800 2.57795
117900 2.58016
118000 2.58236
118000 2.58236
118100 2.58455
118200 2.58674
118300 2.58892
118400 2.59109
118500 2.59326
118600 2.59541
118700 2.59757
118800 2.59971
118900 2.60185
119000 2.60399
119000 2.60399
119100 2.60611
119200 2.60823
119300 2.61034
119400 2.61245
119500 2.61455
119600 2.61665
119700 2.61873
119800 2.62082
119900 2.62289
120000 2.62496
120000 2.62496
120100 2.62702
120200 2.62908
120300 2.63113
120400 2.63317
120500 2.63521
120600 2.63724
120700 2.63926
120800 2.64128
120900 2.64329
121000 2.6453
121000 2.6453
121100 2.6473
121200 2.64929
121300 2.65128
121400 2.65326
121500 2.65524
121600 2.65721
121700 2.65917
121800 2.66113
121900 2.66308
122000 2.66503
122000 2.66503
122100 2.66697
122200 2.6689
122300 2.67083
122400 2.67275
122500 2.67467
122600 2.67658
122700 2.67848
122800 2.68038
122900 2.68228
123000 2.68416
123000 2.68416
123100 2.68604
123200 2.68792
123300 2.68979
123400 2.69165
123500 2.69351
123600 2.69536
123700 2.69721
123800 2.69905
123900 2.70089
124000 2.70272
124000 2.70272
124100 2.70454
124200 2.70636
124300 2.70818
124400 2.70998
124500 2.71179
124600 2.71358
124700 2.71537
124800 2.71716
124900 2.71894
125000 2.72072
125000 2.72072
125100 2.72249
125200 2.72425
125300 2.72601
125400 2.72776
125500 2.72951
125600 2.73125
125700 2.73299
125800 2.73472
125900 2.73645
126000 2.73817
126000 2.73817
126100 2.73989
126200 2.7416
126300 2.7433
126400 2.745
126500 2.7467
126600 2.74839
126700 2.75007
126800 2.75175
126900 2.75343
127000 2.7551
127000 2.7551
127100 2.75676
127200 2.75842
127300 2.76008
127400 2.76173
127500 2.76337
127600 2.76501
127700 2.76664
127800 2.76827
127900 2.7699
128000 2.77152
128000 2.77152
128100 2.77313
128200 2.77474
128300 2.77635
128400 2.77794
128500 2.77954
128600 2.78113
128700 2.78271
128800 2.78429
128900 2.78587
129000 2.78744
129000 2.78744
129100 2.78901
129200 2.79057
129300 2.79212
129400 2.79367
129500 2.79522
129600 2.79676
129700 2.7983
129800 2.79983
129900 2.80136
130000 2.80288
130000 2.80288
130100 2.8044
130200 2.80592
130300 2.80742
130400 2.80893
130500 2.81043
130600 2.81192
130700 2.81342
130800 2.8149
130900 2.81638
131000 2.81786
131000 2.81786
131100 2.81933
131200 2.8208
131300 2.82227
131400 2.82372
131500 2.82518
131600 2.82663
131700 2.82808
131800 2.82952
131900 2.83095
132000 2.83239
132000 2.83239
132100 2.83381
132200 2.83524
132300 2.83666
132400 2.83807
132500 2.83948
132600 2.84089
132700 2.84229
132800 2.84369
132900 2.84508
133000 2.84647
133000 2.84647
133100 2.84786
133200 2.84924
133300 2.85062
133400 2.85199
133500 2.85336
133600 2.85472
133700 2.85608
133800 2.85744
133900 2.85879
134000 2.86014
134000 2.86014
134100 2.86148
134200 2.86282
134300 2.86416
134400 2.86549
134500 2.86681
134600 2.86814
134700 2.86946
134800 2.87077
134900 2.87208
135000 2.87339
135000 2.87339
135100 2.87469
135200 2.87599
135300 2.87729
135400 2.87858
135500 2.87986
135600 2.88115
135700 2.88243
135800 2.8837
135900 2.88497
136000 2.88624
136000 2.88624
136100 2.8875
136200 2.88876
136300 2.89002
136400 2.89127
136500 2.89252
136600 2.89376
136700 2.89501
136800 2.89624
136900 2.89748
137000 2.8987
137000 2.8987
137100 2.89993
137200 2.90115
137300 2.90237
137400 2.90358
137500 2.9048
137600 2.906
137700 2.90721
137800 2.90841
137900 2.9096
138000 2.91079
138000 2.91079
138100 2.91198
138200 2.91317
138300 2.91435
138400 2.91553
138500 2.9167
138600 2.91787
138700 2.91904
138800 2.9202
138900 2.92136
139000 2.92252
139000 2.92252
139100 2.92367
139200 2.92482
139300 2.92597
139400 2.92711
139500 2.92825
139600 2.92938
139700 2.93051
139800 2.93164
139900 2.93277
140000 2.93389
140000 2.93389
140100 2.93501
140200 2.93612
140300 2.93723
140400 2.93834
140500 2.93944
140600 2.94055
140700 2.94164
140800 2.94274
140900 2.94383
141000 2.94492
141000 2.94492
141100 2.946
141200 2.94708
141300 2.94816
141400 2.94923
141500 2.9503
141600 2.95137
141700 2.95244
141800 2.9535
141900 2.95456
142000 2.95561
142000 2.95561
142100 2.95666
142200 2.95771
142300 2.95876
142400 2.9598
142500 2.96084
142600 2.96187
142700 2.96291
142800 2.96393
142900 2.96496
143000 2.96598
143000 2.96598
143100 2.967
143200 2.96802
143300 2.96903
143400 2.97005
143500 2.97105
143600 2.97206
143700 2.97306
143800 2.97406
143900 2.97505
144000 2.97604
144000 2.97604
144100 2.97703
144200 2.97802
144300 2.979
144400 2.97998
144500 2.98096
144600 2.98193
144700 2.98291
144800 2.98387
144900 2.98484
145000 2.9858
145000 2.9858
145100 2.98676
145200 2.98772
145300 2.98867
145400 2.98962
145500 2.99057
145600 2.99151
145700 2.99246
145800 2.99339
145900 2.99433
146000 2.99526
146000 2.99526
146100 2.99619
146200 2.99712
146300 2.99805
146400 2.99897
146500 2.99989
146500 2.99989
146600 3.0008
146700 3.00172
146800 3.00263
146900 3.00354
147000 3.00444
147000 3.00444
147100 3.00534
147200 3.00624
147300 3.00714
147400 3.00803
147454 3.00852
147456 3.00561
147458 2.98707
147458 2.98707
147500 2.98747
147600 2.98842
147700 2.98937
147800 2.99032
147900 2.99127
148000 2.99221
148000 2.99221
148100 2.99315
148200 2.99409
148300 2.99502
148400 2.99595
148478 2.99668
148480 2.99378
148482 2.97666
148500 2.9443
148584 2.7971
148600 2.79734
148700 2.79887
148800 2.8004
148900 2.80193
149000 2.80345
149000 2.80345
149100 2.80497
149200 2.80648
149300 2.80799
149400 2.80949
149500 2.81099
149502 2.81102
149504 2.80832
149506 2.79101
149506 2.79101
149600 2.79246
149700 2.79401
149800 2.79556
149900 2.7971
150000 2.79864
150000 2.79864
150100 2.80017
150200 2.8017
150300 2.80322
150400 2.80473
150500 2.80625
150526 2.80665
150528 2.80394
150530 2.78791
150600 2.67224
150632 2.62038
150700 2.62178
150800 2.62385
150900 2.62592
151000 2.62798
151000 2.62798
151100 2.63003
151200 2.63208
151300 2.63412
151400 2.63615
151500 2.63818
151550 2.6392
151552 2.63667
151554 2.62043
151554 2.62043
151600 2.62138
151700 2.62345
151800 2.62552
151900 2.62758
152000 2.62964
152000 2.62964
152100 2.63168
152200 2.63372
152300 2.63576
152400 2.63779
152500 2.63981
152574 2.64131
152576 2.63878
152578 2.62371
152600 2.58914
152680 2.46663
152700 2.46712
152800 2.46967
152900 2.47221
153000 2.47474
153000 2.47474
153100 2.47726
153200 2.47977
153300 2.48228
153400 2.48478
153500 2.48727
153598 2.48971
153600 2.48733
153600 2.48733
153602 2.47202
153602 2.47202
153700 2.4745
153800 2.47702
153900 2.47953
154000 2.48204
154000 2.48204
154100 2.48454
154200 2.48703
154300 2.48952
154400 2.49199
154500 2.49446
154600 2.49692
154622 2.49747
154624 2.49508
154626 2.48084
154700 2.37297
154728 2.33286
154800 2.33498
154900 2.33793
155000 2.34087
155000 2.34087
155100 2.3438
155200 2.34672
155300 2.34963
155400 2.35253
155500 2.35543
155600 2.35832
155646 2.35965
155648 2.3574
155650 2.34291
155650 2.34291
155700 2.34437
155800 2.34729
155900 2.3502
156000 2.3531
156000 2.3531
156100 2.35599
156200 2.35888
156300 2.36175
156400 2.36462
156500 2.36748
156600 2.37033
156670 2.37233
156672 2.37007
156674 2.35655
156700 2.32016
156776 2.21648
156800 2.21727
156900 2.22057
157000 2.22387
157000 2.22387
157100 2.22716
157200 2.23044
157300 2.23371
157400 2.23696
157500 2.24021
157600 2.24345
157694 2.2465
157696 2.24437
157698 2.23058
157698 2.23058
157700 2.23064
157800 2.2339
157900 2.23716
158000 2.24041
158000 2.24041
158100 2.24365
158200 2.24688
158300 2.25009
158400 2.2533
158500 2.2565
158600 2.25969
158700 2.26287
158718 2.26345
158720 2.2613
158722 2.24841
158800 2.14621
158824 2.11523
158900 2.11797
159000 2.12158
159000 2.12158
159100 2.12518
159200 2.12877
159300 2.13235
159400 2.13592
159500 2.13948
159600 2.14302
159700 2.14656
159742 2.14806
159744 2.14602
159746 2.13285
159746 2.13285
159800 2.13477
159900 2.13833
160000 2.14188
160000 2.14188
160100 2.14542
160200 2.14895
160300 2.15246
160400 2.15597
160500 2.15947
160600 2.16295
160700 2.16642
160766 2.16873
160768 2.16667
160770 2.15433
160800 2.11624
160872 2.02715
160900 2.02822
161000 2.03211
161000 2.03211
161100 2.03598
161200 2.03984
161300 2.04369
161400 2.04753
161500 2.05136
161600 2.05517
161700 2.05898
161790 2.06241
161792 2.06046
161794 2.04782
161794 2.04782
161800 2.04804
161900 2.05187
162000 2.05568
162000 2.05568
162100 2.05949
162200 2.06328
162300 2.06706
162400 2.07082
162500 2.07458
162600 2.07832
162700 2.08206
162800 2.08578
162814 2.08631
162816 2.08435
162818 2.07248
162900 1.9742
162920 1.95051
163000 1.95379
163000 1.95379
163100 1.9579
163200 1.962
163300 1.96609
163400 1.97017
163500 1.97423
163600 1.97828
163700 1.98232
163800 1.98635
163838 1.98789
163840 1.98603
163842 1.97385
163842 1.97385
163900 1.97619
164000 1.98024
164000 1.98024
164100 1.98427
164200 1.98829
164300 1.9923
164400 1.9963
164500 2.00028
164600 2.00425
164700 2.00821
164800 2.01216
164862 2.01462
164864 2.01272
164866 2.00127
164900 1.96146
164968 1.88383
165000 1.8852
165000 1.8852
165100 1.88952
165200 1.89383
165300 1.89813
165400 1.90241
165500 1.90668
165600 1.91094
165700 1.91519
165800 1.91942
165886 1.92306
165888 1.92126
165890 1.90949
165890 1.90949
165900 1.90991
166000 1.91415
166000 1.91415
166100 1.91839
166200 1.92261
166300 1.92682
166400 1.93102
166500 1.9352
166600 1.93937
166700 1.94353
166800 1.94767
166900 1.95181
166910 1.95224
166912 1.9504
166914 1.93932
167000 1.84352
167000 1.84352
167016 1.82582
167100 1.82959
167200 1.83408
167300 1.83856
167400 1.84303
167500 1.84748
167600 1.85192
167700 1.85634
167800 1.86075
167900 1.86515
167934 1.86666
167936 1.86492
167938 1.8535
167938 1.8535
168000 1.85623
168000 1.85623
168100 1.86064
168200 1.86504
168300 1.86943
168400 1.8738
168500 1.87816
168600 1.8825
168700 1.88683
168800 1.89115
168900 1.89546
168958 1.89796
168960 1.89619
168962 1.88541
169000 1.84376
169000 1.84376
169064 1.77535
169064 1.77535
169100 1.77701
169200 1.78167
169300 1.78631
169400 1.79093
169500 1.79554
169600 1.80014
169700 1.80472
169800 1.80929
169900 1.81385
170000 1.81839
170000 1.81839
170100 1.82292
170200 1.82743
170300 1.83193
170400 1.83642
170500 1.84089
170600 1.84535
170700 1.84979
170800 1.85423
170900 1.85864
171000 1.86305
171000 1.86305
171100 1.86744
171200 1.87182
171300 1.87618
171400 1.88053
171500 1.88487
171600 1.88919
171700 1.8935
171800 1.8978
171900 1.90209
172000 1.90636
172000 1.90636
172100 1.91062
172200 1.91486
172300 1.9191
172400 1.92332
172500 1.92752
172600 1.93172
172700 1.9359
172800 1.94007
172900 1.94422
173000 1.94837
173000 1.94837
173100 1.9525
173200 1.95661
173300 1.96072
173400 1.96481
173500 1.96889
173600 1.97296
173700 1.97701
173800 1.98106
173900 1.98509
174000 1.98911
174000 1.98911
174100 1.99311
174200 1.9971
174300 2.00109
174400 2.00506
174500 2.00901
174600 2.01296
174700 2.01689
174800 2.02081
174900 2.02472
175000 2.02862
175000 2.02862
175100 2.0325
175200 2.03637
175300 2.04024
175400 2.04409
175500 2.04792
175600 2.05175
175700 2.05556
175800 2.05937
175900 2.06316
176000 2.06694
176000 2.06694
176100 2.0707
176200 2.07446
176300 2.07821
176400 2.08194
176500 2.08566
176600 2.08937
176700 2.09307
176800 2.09676
176900 2.10044
177000 2.1041
177000 2.1041
177100 2.10776
177200 2.1114
177300 2.11503
177400 2.11865
177500 2.12226
177600 2.12586
177700 2.12945
177800 2.13303
177900 2.13659
178000 2.14015
178000 2.14015
178100 2.14369
178200 2.14722
178300 2.15075
178400 2.15426
178500 2.15776
178600 2.16125
178700 2.16473
178800 2.1682
178900 2.17166
179000 2.1751
179000 2.1751
179100 2.17854
179200 2.18197
179300 2.18538
179400 2.18879
179500 2.19219
179600 2.19557
179700 2.19895
179800 2.20231
179900 2.20566
180000 2.20901
180000 2.20901
180100 2.21234
180200 2.21567
180300 2.21898
180400 2.22228
180500 2.22557
180600 2.22886
180700 2.23213
180800 2.23539
180900 2.23865
181000 2.24189
181000 2.24189
181100 2.24512
181200 2.24835
181300 2.25156
181400 2.25476
181500 2.25796
181600 2.26114
181700 2.26432
181800 2.26748
181900 2.27064
182000 2.27378
182000 2.27378
182100 2.27692
182200 2.28004
182300 2.28316
182400 2.28627
182500 2.28936
182600 2.29245
182700 2.29553
182800 2.2986
182900 2.30166
183000 2.30471
183000 2.30471
183100 2.30775
183200 2.31078
183300 2.3138
183400 2.31682
183500 2.31982
183600 2.32282
183700 2.3258
183800 2.32878
183900 2.33175
184000 2.33471
184000 2.33471
184100 2.33766
184200 2.3406
184300 2.34353
184400 2.34645
184500 2.34936
184600 2.35227
184700 2.35516
184800 2.35805
184900 2.36093
185000 2.3638
185000 2.3638
185100 2.36666
185200 2.36951
185300 2.37235
185400 2.37519
185500 2.37801
185600 2.38083
185700 2.38364
185800 2.38644
185900 2.38923
186000 2.39201
186000 2.39201
186100 2.39479
186200 2.39755
186300 2.40031
186400 2.40306
186500 2.4058
186600 2.40853
186700 2.41126
186800 2.41397
186900 2.41668
187000 2.41938
187000 2.41938
187100 2.42207
187200 2.42475
187300 2.42742
187400 2.43009
187500 2.43275
187600 2.4354
187700 2.43804
187800 2.44067
187900 2.4433
188000 2.44592
188000 2.44592
188100 2.44853
188200 2.45113
188300 2.45372
188400 2.45631
188500 2.45889
188600 2.46146
188700 2.46402
188800 2.46657
188900 2.46912
189000 2.47166
189000 2.47166
189100 2.47419
189200 2.47671
189300 2.47923
189400 2.48173
189500 2.48423
189600 2.48673
189700 2.48921
189800 2.49169
189900 2.49416
190000 2.49662
190000 2.49662
190100 2.49907
190200 2.50152
190300 2.50396
190400 2.50639
190500 2.50882
190600 2.51124
190700 2.51364
190800 2.51605
190900 2.51844
191000 2.52083
191000 2.52083
191100 2.52321
191200 2.52558
191300 2.52795
191400 2.53031
191500 2.53266
191600 2.53501
191700 2.53734
191800 2.53967
191900 2.542
192000 2.54431
192000 2.54431
192100 2.54662
192200 2.54892
192300 2.55122
192400 2.5535
192500 2.55578
192600 2.55806
192700 2.56033
192800 2.56259
192900 2.56484
193000 2.56708
193000 2.56708
193100 2.56932
193200 2.57156
193300 2.57378
193400 2.576
193500 2.57821
193600 2.58042
193700 2.58262
193800 2.58481
193900 2.58699
194000 2.58917
194000 2.58917
194100 2.59134
194200 2.59351
194300 2.59567
194400 2.59782
194500 2.59996
194600 2.6021
194700 2.60423
194800 2.60636
194900 2.60848
195000 2.61059
195000 2.61059
195100 2.6127
195200 2.6148
195300 2.61689
195400 2.61898
195500 2.62106
195600 2.62313
195700 2.6252
195800 2.62726
195900 2.62932
196000 2.63137
196000 2.63137
196100 2.63341
196200 2.63544
196300 2.63748
196400 2.6395
196500 2.64152
196600 2.64353
196700 2.64553
196800 2.64753
196900 2.64953
197000 2.65151
197000 2.65151
197100 2.6535
197200 2.65547
197300 2.65744
197400 2.6594
197500 2.66136
197600 2.66331
197700 2.66526
197800 2.66719
197900 2.66913
198000 2.67106
198000 2.67106
198100 2.67298
198200 2.67489
198300 2.6768
198400 2.67871
198500 2.6806
198600 2.6825
198700 2.68438
198800 2.68626
198900 2.68814
199000 2.69001
199000 2.69001
199100 2.69187
199200 2.69373
199300 2.69558
199400 2.69743
199500 2.69927
199600 2.7011
199700 2.70293
199800 2.70476
199900 2.70657
200000 2.70839
200000 2.70839
200100 2.71019
200200 2.712
200300 2.71379
200400 2.71558
200500 2.71737
200600 2.71915
200700 2.72092
200800 2.72269
200900 2.72446
201000 2.72621
201000 2.72621
201100 2.72797
201200 2.72971
201300 2.73146
201400 2.73319
201500 2.73492
201600 2.73665
201700 2.73837
201800 2.74009
201900 2.7418
202000 2.7435
202000 2.7435
202100 2.7452
202200 2.7469
202300 2.74859
202400 2.75027
202500 2.75195
202600 2.75362
202700 2.75529
202800 2.75696
202900 2.75862
203000 2.76027
203000 2.76027
203100 2.76192
203200 2.76356
203300 2.7652
203400 2.76683
203500 2.76846
203600 2.77009
203700 2.77171
203800 2.77332
203900 2.77493
