0 3
0 3
2 3
100 3
200 3
300 3
400 3
500 3
600 3
700 3
800 3
900 3
1000 3
1000 3
1024 3
1026 3
1100 3
1200 3
1300 3
1400 3
1500 3
1600 3
1700 3
1800 3
1900 3
2000 3
2000 3
2048 3
2050 3
2100 3
2200 3
2300 3
2400 3
2500 3
2502 3
2505 3
2505 3
2506 3
2506 3
2509 3
2509 3
2510 3
2600 3
2700 3
2800 3
2900 3
3000 3
3000 3
3072 3
3074 2.99793
3100 2.99225
3176 2.97559
3200 2.97562
3300 2.97574
3400 2.97586
3500 2.97598
3600 2.9761
3700 2.97621
3800 2.97633
3900 2.97645
4000 2.97657
4000 2.97657
4094 2.97668
4096 2.97634
4098 2.97413
4098 2.97413
4100 2.97413
4200 2.97425
4300 2.97437
4400 2.97449
4500 2.97461
4600 2.97473
4700 2.97485
4800 2.97497
4900 2.97509
5000 2.9752
5000 2.9752
5100 2.97532
5118 2.97535
5120 2.975
5122 2.97295
5200 2.95607
5224 2.95081
5300 2.9509
5400 2.95103
5500 2.95116
5600 2.95129
5700 2.95142
5800 2.95154
5900 2.95167
6000 2.9518
6000 2.9518
6100 2.95193
6142 2.95198
6144 2.95164
6146 2.94945
6146 2.94945
6200 2.94952
6300 2.94965
6400 2.94977
6500 2.9499
6600 2.95003
6700 2.95016
6800 2.95029
6900 2.95042
7000 2.95054
7000 2.95054
7100 2.95067
7166 2.95076
7168 2.95042
7170 2.94839
7200 2.94194
7272 2.92643
7300 2.92647
7400 2.92661
7500 2.92674
7600 2.92688
7700 2.92702
7800 2.92715
7900 2.92729
8000 2.92743
8000 2.92743
8100 2.92756
8190 2.92769
8192 2.92735
8194 2.92518
8194 2.92518
8200 2.92518
8300 2.92532
8400 2.92546
8500 2.9256
8600 2.92573
8700 2.92587
8800 2.92601
8900 2.92615
9000 2.92628
9000 2.92628
9100 2.92642
9200 2.92656
9214 2.92658
9216 2.92624
9218 2.92422
9300 2.90679
9320 2.90246
9400 2.90258
9500 2.90272
9600 2.90287
9700 2.90301
9800 2.90316
9900 2.90331
10000 2.90345
10000 2.90345
10100 2.9036
10200 2.90374
10238 2.9038
10240 2.90346
10242 2.90131
10242 2.90131
10300 2.90139
10400 2.90154
10500 2.90168
10600 2.90183
10700 2.90198
10800 2.90212
10900 2.90227
11000 2.90241
11000 2.90241
11100 2.90256
11200 2.90271
11262 2.9028
11264 2.90246
11266 2.90046
11300 2.89329
11368 2.87889
11400 2.87894
11500 2.87909
11600 2.87924
11700 2.8794
11800 2.87955
11900 2.87971
12000 2.87986
12000 2.87986
12100 2.88002
12200 2.88017
12286 2.8803
12288 2.87997
12290 2.87783
12290 2.87783
12300 2.87785
12400 2.878
12500 2.87816
12600 2.87831
12700 2.87847
12800 2.87862
12900 2.87878
13000 2.87893
13000 2.87893
13100 2.87909
13200 2.87924
13300 2.8794
13310 2.87941
13312 2.87908
13314 2.8771
13400 2.85912
13416 2.8557
13500 2.85584
13600 2.856
13700 2.85617
13800 2.85633
13900 2.85649
14000 2.85665
14000 2.85665
14100 2.85682
14200 2.85698
14300 2.85714
14334 2.8572
14336 2.85687
14338 2.85475
14338 2.85475
14400 2.85485
14500 2.85501
14600 2.85518
14700 2.85534
14800 2.8555
14900 2.85567
15000 2.85583
15000 2.85583
15100 2.85599
15200 2.85615
15300 2.85632
15358 2.85641
15360 2.85608
15362 2.85412
15400 2.84623
15464 2.83291
15500 2.83297
15600 2.83314
15700 2.83331
15800 2.83348
15900 2.83365
16000 2.83382
16000 2.83382
16100 2.83399
16200 2.83416
16300 2.83434
16382 2.83448
16384 2.83415
16386 2.83205
16386 2.83205
16400 2.83207
16500 2.83224
16600 2.83241
16700 2.83259
16800 2.83276
16900 2.83293
17000 2.8331
17000 2.8331
17100 2.83327
17200 2.83344
17300 2.83361
17400 2.83378
17406 2.8338
17408 2.83347
17410 2.83152
17500 2.81303
17512 2.81048
17600 2.81064
17700 2.81082
17800 2.811
17900 2.81118
18000 2.81136
18000 2.81136
18100 2.81154
18200 2.81172
18300 2.8119
18400 2.81208
18430 2.81213
18432 2.81181
18434 2.80972
18434 2.80972
18500 2.80984
18600 2.81002
18700 2.8102
18800 2.81038
18900 2.81056
19000 2.81074
19000 2.81074
19100 2.81092
19200 2.8111
19300 2.81128
19400 2.81146
19454 2.81155
19456 2.81123
19458 2.80929
19500 2.80073
19560 2.78843
19600 2.78851
19639 2.78858
19639 2.78858
19648 2.77011
19648 2.77007
19649 2.76914
19649 2.76914
19700 2.76924
19800 2.76943
19900 2.76963
20000 2.76982
20000 2.76982
20100 2.77002
20200 2.77021
20300 2.77041
20400 2.7706
20478 2.77075
20480 2.77043
20482 2.76838
20482 2.76838
20500 2.76841
20600 2.76861
20700 2.7688
20800 2.769
20900 2.76919
21000 2.76939
21000 2.76939
21100 2.76958
21200 2.76978
21300 2.76997
21400 2.77017
21500 2.77036
21502 2.77037
21504 2.77005
21506 2.76814
21600 2.74929
21608 2.74761
21700 2.74779
21800 2.74799
21900 2.7482
22000 2.7484
22000 2.7484
22100 2.7486
22200 2.7488
22300 2.74901
22400 2.74921
22500 2.74941
22526 2.74946
22528 2.74915
22530 2.74711
22530 2.74711
22600 2.74725
22700 2.74745
22800 2.74766
22900 2.74786
23000 2.74806
23000 2.74806
23100 2.74826
23200 2.74847
23300 2.74867
23400 2.74887
23500 2.74907
23550 2.74918
23552 2.74886
23554 2.74697
23600 2.7378
23656 2.7266
23700 2.72669
23800 2.7269
23900 2.72711
24000 2.72732
24000 2.72732
24100 2.72753
24200 2.72774
24300 2.72795
24400 2.72816
24500 2.72837
24574 2.72853
24576 2.72821
24578 2.72619
24578 2.72619
24600 2.72624
24700 2.72645
24800 2.72666
24900 2.72687
25000 2.72708
25000 2.72708
25100 2.72729
25200 2.7275
25300 2.72771
25400 2.72792
25500 2.72813
25598 2.72833
25600 2.72802
25600 2.72802
25602 2.72614
25700 2.70681
25704 2.70594
25800 2.70615
25900 2.70637
26000 2.70658
26000 2.70658
26100 2.7068
26200 2.70702
26300 2.70724
26400 2.70745
26500 2.70767
26600 2.70789
26622 2.70794
26624 2.70763
26626 2.70562
26626 2.70562
26700 2.70578
26800 2.706
26900 2.70621
27000 2.70643
27000 2.70643
27100 2.70665
27200 2.70687
27300 2.70709
27400 2.7073
27500 2.70752
27600 2.70774
27646 2.70784
27648 2.70753
27650 2.70567
27700 2.69586
27752 2.68562
27800 2.68573
27900 2.68595
28000 2.68618
28000 2.68618
28100 2.68641
28200 2.68663
28300 2.68686
28400 2.68708
28500 2.68731
28600 2.68753
28670 2.68769
28672 2.68738
28674 2.68539
28674 2.68539
28700 2.68544
28800 2.68567
28900 2.6859
29000 2.68612
29000 2.68612
29100 2.68635
29200 2.68657
29300 2.6868
29400 2.68702
29500 2.68725
29600 2.68747
29694 2.68768
29696 2.68737
29698 2.68553
29700 2.68515
29800 2.66572
29800 2.66564
29900 2.66587
30000 2.66611
30000 2.66611
30100 2.66634
30200 2.66657
30300 2.6668
30400 2.66704
30500 2.66727
30600 2.6675
30700 2.66773
30718 2.66778
30720 2.66747
30722 2.66549
30722 2.66549
30800 2.66567
30900 2.66591
31000 2.66614
31000 2.66614
31100 2.66637
31200 2.6666
31300 2.66684
31400 2.66707
31500 2.6673
31600 2.66753
31700 2.66776
31742 2.66786
31744 2.66756
31746 2.66572
31800 2.6553
31848 2.64599
31900 2.64612
32000 2.64636
32000 2.64636
32100 2.6466
32200 2.64684
32300 2.64708
32400 2.64731
32500 2.64755
32600 2.64779
32700 2.64803
32766 2.64819
32768 2.64789
32770 2.64592
32770 2.64592
32800 2.646
32900 2.64624
33000 2.64648
33000 2.64648
33100 2.64672
33200 2.64696
33300 2.6472
33400 2.64744
33500 2.64768
33600 2.64791
33700 2.64815
33790 2.64837
33792 2.64807
33794 2.64625
33800 2.6451
33896 2.62667
33900 2.62668
34000 2.62692
34000 2.62692
34100 2.62717
34200 2.62742
34300 2.62767
34400 2.62791
34500 2.62816
34600 2.62841
34700 2.62865
34800 2.6289
34814 2.62893
34816 2.62863
34818 2.62668
34818 2.62668
34900 2.62689
35000 2.62713
35000 2.62713
35100 2.62738
35200 2.62763
35300 2.62787
35400 2.62812
35500 2.62837
35600 2.62861
35700 2.62886
35800 2.62911
35838 2.6292
35840 2.6289
35842 2.62709
35900 2.61607
35944 2.60766
36000 2.60781
36000 2.60781
36100 2.60806
36200 2.60831
36300 2.60857
36400 2.60882
36500 2.60908
36600 2.60933
36700 2.60958
36800 2.60984
36862 2.60999
36864 2.60969
36866 2.60776
36866 2.60776
36900 2.60785
37000 2.6081
37000 2.6081
37100 2.60835
37200 2.60861
37300 2.60886
37400 2.60912
37500 2.60937
37600 2.60962
37700 2.60988
37800 2.61013
37886 2.61035
37888 2.61005
37890 2.60825
37900 2.60637
37992 2.58898
38000 2.589
38000 2.589
38100 2.58926
38200 2.58952
38300 2.58978
38400 2.59004
38500 2.5903
38600 2.59056
38700 2.59082
38800 2.59108
38900 2.59134
38910 2.59137
38912 2.59107
38914 2.58915
38914 2.58915
39000 2.58937
39000 2.58937
39100 2.58964
39200 2.5899
39300 2.59016
39400 2.59042
39500 2.59068
39600 2.59094
39700 2.5912
39800 2.59146
39900 2.59172
39934 2.59181
39936 2.59151
39938 2.58973
40000 2.57813
40000 2.57813
40040 2.5706
40100 2.57076
40200 2.57102
40300 2.57129
40400 2.57156
40500 2.57183
40600 2.57209
40700 2.57236
40800 2.57263
40900 2.5729
40958 2.57305
40960 2.57276
40962 2.57085
40962 2.57085
41000 2.57095
41000 2.57095
41100 2.57122
41200 2.57149
41300 2.57175
41400 2.57202
41500 2.57229
41600 2.57256
41700 2.57282
41800 2.57309
41900 2.57336
41982 2.57358
41984 2.57328
41986 2.57151
42000 2.56891
42000 2.56891
42088 2.55252
42100 2.55255
42200 2.55283
42300 2.5531
42400 2.55338
42500 2.55365
42600 2.55393
42700 2.5542
42800 2.55447
42900 2.55475
43000 2.55502
43000 2.55502
43006 2.55504
43008 2.55474
43010 2.55285
43010 2.55285
43100 2.5531
43200 2.55337
43300 2.55365
43400 2.55392
43500 2.55419
43600 2.55447
43700 2.55474
43800 2.55502
43900 2.55529
44000 2.55556
44000 2.55556
44030 2.55565
44032 2.55535
44034 2.5536
44100 2.54144
44136 2.53475
44200 2.53493
44300 2.53521
44400 2.53549
44500 2.53577
44600 2.53605
44700 2.53633
44800 2.53661
44900 2.53689
45000 2.53717
45000 2.53717
45054 2.53732
45056 2.53703
45058 2.53515
45058 2.53515
45100 2.53527
45200 2.53555
45300 2.53583
45400 2.53611
45500 2.53639
45600 2.53667
45700 2.53695
45800 2.53723
45900 2.53751
46000 2.53779
46000 2.53779
46078 2.53801
46080 2.53772
46082 2.53598
46100 2.53268
46184 2.51727
46200 2.51731
46300 2.5176
46400 2.51789
46500 2.51817
46600 2.51846
46700 2.51875
46800 2.51903
46900 2.51932
47000 2.51961
47000 2.51961
47100 2.51989
47102 2.5199
47104 2.51961
47106 2.51775
47106 2.51775
47200 2.51802
47300 2.5183
47400 2.51859
47500 2.51888
47600 2.51916
47700 2.51945
47800 2.51974
47900 2.52002
48000 2.52031
48000 2.52031
48100 2.5206
48126 2.52067
48128 2.52038
48130 2.51865
48200 2.50594
48232 2.50008
48300 2.50028
48400 2.50057
48500 2.50086
48600 2.50116
48700 2.50145
48800 2.50174
48900 2.50204
49000 2.50233
49000 2.50233
49100 2.50262
49150 2.50277
49152 2.50248
49154 2.50063
49154 2.50063
49200 2.50076
49300 2.50106
49400 2.50135
49500 2.50164
49600 2.50194
49700 2.50223
49800 2.50252
49900 2.50281
50000 2.50311
50000 2.50311
50100 2.5034
50174 2.50362
50176 2.50333
50178 2.50161
50200 2.49764
50280 2.48317
50300 2.48323
50359 2.48341
50359 2.48341
50368 2.46696
50368 2.46694
50369 2.46611
50369 2.46611
50400 2.4662
50500 2.46651
50600 2.46681
50700 2.46712
50800 2.46742
50900 2.46773
51000 2.46803
51000 2.46803
51100 2.46834
51198 2.46864
51200 2.46836
51200 2.46836
51202 2.46653
51202 2.46653
51300 2.46683
51400 2.46714
51500 2.46744
51600 2.46775
51700 2.46805
51800 2.46836
51900 2.46866
52000 2.46897
52000 2.46897
52100 2.46927
52200 2.46958
52222 2.46965
52224 2.46936
52226 2.46767
52300 2.45453
52328 2.4495
52400 2.44972
52500 2.45003
52600 2.45034
52700 2.45066
52800 2.45097
52900 2.45128
53000 2.45159
53000 2.45159
53100 2.4519
53200 2.45221
53246 2.45236
53248 2.45208
53250 2.45026
53250 2.45026
53300 2.45042
53400 2.45073
53500 2.45104
53600 2.45135
53700 2.45166
53800 2.45197
53900 2.45229
54000 2.4526
54000 2.4526
54100 2.45291
54200 2.45322
54270 2.45344
54272 2.45316
54274 2.45147
54300 2.44688
54376 2.43343
54400 2.4335
54500 2.43382
54600 2.43414
54700 2.43446
54800 2.43477
54900 2.43509
55000 2.43541
55000 2.43541
55100 2.43573
55200 2.43604
55294 2.43634
55296 2.43606
55298 2.43426
55298 2.43426
55300 2.43427
55400 2.43459
55500 2.4349
55600 2.43522
55700 2.43554
55800 2.43586
55900 2.43617
56000 2.43649
56000 2.43649
56100 2.43681
56200 2.43712
56300 2.43744
56318 2.4375
56320 2.43722
56322 2.43555
56400 2.42189
56424 2.41763
56500 2.41787
56600 2.4182
56700 2.41852
56800 2.41884
56900 2.41917
57000 2.41949
57000 2.41949
57100 2.41981
57200 2.42014
57300 2.42046
57342 2.4206
57344 2.42032
57346 2.41853
57346 2.41853
57400 2.4187
57500 2.41902
57600 2.41935
57700 2.41967
57800 2.41999
57900 2.42032
58000 2.42064
58000 2.42064
58100 2.42096
58200 2.42129
58300 2.42161
58366 2.42182
58368 2.42155
58370 2.41988
58400 2.41466
58472 2.40209
58500 2.40218
58600 2.40251
58700 2.40284
58800 2.40317
58900 2.4035
59000 2.40382
59000 2.40382
59100 2.40415
59200 2.40448
59300 2.40481
59390 2.40511
59392 2.40483
59394 2.40305
59394 2.40305
59400 2.40307
59500 2.4034
59600 2.40373
59700 2.40406
59800 2.40439
59900 2.40472
60000 2.40505
60000 2.40505
60100 2.40538
60200 2.4057
60300 2.40603
60400 2.40636
60414 2.40641
60416 2.40613
60418 2.40448
60500 2.39032
60520 2.3868
60600 2.38707
60700 2.38741
60800 2.38774
60900 2.38808
61000 2.38841
61000 2.38841
61100 2.38875
61200 2.38908
61300 2.38942
61400 2.38975
61438 2.38988
61440 2.3896
61442 2.38784
61442 2.38784
61500 2.38803
61600 2.38836
61700 2.3887
61800 2.38903
61900 2.38937
62000 2.3897
62000 2.3897
62100 2.39004
62200 2.39037
62300 2.3907
62400 2.39104
62462 2.39125
62464 2.39097
62466 2.38933
62500 2.38349
62568 2.37178
62600 2.37188
62700 2.37222
62800 2.37257
62900 2.37291
63000 2.37325
63000 2.37325
63100 2.37359
63200 2.37393
63300 2.37427
63400 2.37461
63486 2.3749
63488 2.37463
63490 2.37287
63490 2.37287
63500 2.3729
63600 2.37324
63700 2.37358
63800 2.37393
63900 2.37427
64000 2.37461
64000 2.37461
64100 2.37494
64200 2.37528
64300 2.37562
64400 2.37596
64500 2.3763
64510 2.37634
64512 2.37607
64514 2.37444
64600 2.35978
64616 2.357
64700 2.35729
64800 2.35763
64900 2.35798
65000 2.35832
65000 2.35832
65100 2.35867
65200 2.35901
65300 2.35936
65400 2.35971
65500 2.36005
65534 2.36017
65536 2.3599
65538 2.35815
65538 2.35815
65600 2.35837
65700 2.35871
65800 2.35906
65900 2.3594
66000 2.35975
66000 2.35975
66100 2.36009
66200 2.36044
66300 2.36078
66400 2.36113
66500 2.36147
66558 2.36168
66560 2.36141
66562 2.35979
66600 2.35335
66664 2.34246
66700 2.34259
66800 2.34294
66900 2.34329
67000 2.34364
67000 2.34364
67100 2.34399
67200 2.34434
67300 2.34469
67400 2.34504
67500 2.3454
67582 2.34568
67584 2.34542
67586 2.34368
67586 2.34368
67600 2.34373
67700 2.34408
67800 2.34443
67900 2.34478
68000 2.34513
68000 2.34513
68100 2.34548
68200 2.34583
68300 2.34618
68400 2.34653
68500 2.34688
68600 2.34723
68606 2.34726
68608 2.34699
68610 2.34538
68700 2.33025
68712 2.32817
68800 2.32848
68900 2.32884
69000 2.32919
69000 2.32919
69100 2.32955
69200 2.32991
69300 2.33026
69400 2.33062
69500 2.33097
69600 2.33133
69630 2.33144
69632 2.33117
69634 2.32945
69634 2.32945
69700 2.32968
69800 2.33004
69900 2.33039
70000 2.33075
70000 2.33075
70100 2.33111
70200 2.33146
70300 2.33182
70400 2.33217
70500 2.33253
70600 2.33288
70654 2.33308
70656 2.33281
70658 2.33121
70700 2.32419
70760 2.31411
70800 2.31425
70900 2.31462
71000 2.31498
71000 2.31498
71100 2.31534
71200 2.3157
71300 2.31606
71400 2.31642
71500 2.31678
71600 2.31715
71678 2.31743
71680 2.31716
71682 2.31545
71682 2.31545
71700 2.31551
71800 2.31588
71900 2.31624
72000 2.3166
72000 2.3166
72100 2.31696
72200 2.31732
72300 2.31768
72400 2.31804
72500 2.3184
72600 2.31876
72700 2.31912
72702 2.31913
72704 2.31887
72706 2.31728
72800 2.30168
72808 2.30029
72900 2.30062
73000 2.30099
73000 2.30099
73100 2.30136
73200 2.30172
73300 2.30209
73400 2.30246
73500 2.30282
73600 2.30319
73700 2.30355
73726 2.30365
73728 2.30339
73730 2.30168
73730 2.30168
73800 2.30194
73900 2.30231
74000 2.30267
74000 2.30267
74100 2.30304
74200 2.3034
74300 2.30377
74400 2.30414
74500 2.3045
74600 2.30487
74700 2.30523
74750 2.30542
74752 2.30515
74754 2.30357
74800 2.29598
74856 2.28669
74900 2.28685
75000 2.28723
75000 2.28723
75100 2.2876
75200 2.28797
75300 2.28834
75400 2.28871
75500 2.28908
75600 2.28945
75700 2.28983
75774 2.2901
75776 2.28984
75778 2.28815
75778 2.28815
75800 2.28823
75900 2.2886
76000 2.28897
76000 2.28897
76100 2.28934
76200 2.28971
76300 2.29008
76400 2.29045
76500 2.29082
76600 2.2912
76700 2.29157
76798 2.29193
76800 2.29167
76800 2.29167
76802 2.2901
76900 2.27404
76904 2.27332
77000 2.27368
77000 2.27368
77100 2.27406
77200 2.27443
77300 2.27481
77400 2.27519
77500 2.27556
77600 2.27594
77700 2.27632
77800 2.27669
77822 2.27678
77824 2.27652
77826 2.27483
77826 2.27483
77900 2.27511
78000 2.27549
78000 2.27549
78100 2.27586
78200 2.27624
78300 2.27662
78400 2.27699
78500 2.27737
78600 2.27774
78700 2.27812
78800 2.27849
78846 2.27867
78848 2.27841
78850 2.27684
78900 2.26869
78952 2.26017
79000 2.26035
79000 2.26035
79100 2.26074
79200 2.26112
79300 2.2615
79400 2.26188
79500 2.26226
79600 2.26264
79700 2.26302
79800 2.2634
79870 2.26367
79872 2.26341
79874 2.26174
79874 2.26174
79900 2.26184
80000 2.26222
80000 2.26222
80100 2.2626
80200 2.26298
80300 2.26336
80400 2.26374
80500 2.26412
80600 2.2645
80700 2.26488
80800 2.26526
80894 2.26562
80896 2.26536
80898 2.26381
80900 2.26349
81000 2.24731
81000 2.24731
81000 2.24724
81079 2.24755
81079 2.24755
81088 2.23268
81088 2.23265
81089 2.2319
81089 2.2319
81100 2.23194
81200 2.23233
81300 2.23273
81400 2.23312
81500 2.23351
81600 2.2339
81700 2.23429
81800 2.23468
81900 2.23508
81918 2.23515
81920 2.23489
81922 2.23324
81922 2.23324
82000 2.23355
82000 2.23355
82100 2.23394
82200 2.23433
82300 2.23472
82400 2.23511
82500 2.2355
82600 2.23589
82700 2.23628
82800 2.23667
82900 2.23706
82942 2.23723
82944 2.23698
82946 2.23544
83000 2.22681
83000 2.22681
83048 2.2191
83100 2.2193
83200 2.2197
83300 2.22009
83400 2.22049
83500 2.22089
83600 2.22128
83700 2.22168
83800 2.22207
83900 2.22247
83966 2.22273
83968 2.22248
83970 2.22084
83970 2.22084
84000 2.22096
84000 2.22096
84100 2.22135
84200 2.22175
84300 2.22214
84400 2.22254
84500 2.22293
84600 2.22333
84700 2.22373
84800 2.22412
84900 2.22452
84990 2.22487
84992 2.22462
84994 2.22309
85000 2.22215
85000 2.22215
85096 2.20685
85100 2.20686
85200 2.20726
85300 2.20766
85400 2.20806
85500 2.20846
85600 2.20887
85700 2.20927
85800 2.20967
85900 2.21007
86000 2.21047
86000 2.21047
86014 2.21052
86016 2.21027
86018 2.20864
86018 2.20864
86100 2.20897
86200 2.20937
86300 2.20977
86400 2.21017
86500 2.21057
86600 2.21097
86700 2.21137
86800 2.21177
86900 2.21217
87000 2.21257
87000 2.21257
87038 2.21272
87040 2.21247
87042 2.21095
87100 2.20179
87144 2.1948
87200 2.19502
87300 2.19543
87400 2.19584
87500 2.19624
87600 2.19665
87700 2.19705
87800 2.19746
87900 2.19786
88000 2.19827
88000 2.19827
88062 2.19852
88064 2.19827
88066 2.19664
88066 2.19664
88100 2.19678
88200 2.19719
88300 2.19759
88400 2.198
88500 2.1984
88600 2.1988
88700 2.19921
88800 2.19961
88900 2.20002
89000 2.20042
89000 2.20042
89086 2.20077
89088 2.20052
89090 2.19901
89100 2.19744
89192 2.18295
89200 2.18298
89300 2.18339
89400 2.1838
89500 2.18421
89600 2.18462
89700 2.18503
89800 2.18544
89900 2.18585
90000 2.18626
90000 2.18626
90100 2.18667
90110 2.18671
90112 2.18646
90114 2.18485
90114 2.18485
90200 2.1852
90300 2.18561
90400 2.18602
90500 2.18643
90600 2.18683
90700 2.18724
90800 2.18765
90900 2.18806
91000 2.18847
91000 2.18847
91100 2.18888
91134 2.18902
91136 2.18877
91138 2.18727
91200 2.17759
91240 2.1713
91300 2.17155
91400 2.17196
91500 2.17238
91600 2.17279
91700 2.1732
91800 2.17362
91900 2.17403
92000 2.17445
92000 2.17445
92100 2.17486
92158 2.1751
92160 2.17485
92162 2.17325
92162 2.17325
92200 2.1734
92300 2.17382
92400 2.17423
92500 2.17464
92600 2.17506
92700 2.17547
92800 2.17588
92900 2.17629
93000 2.17671
93000 2.17671
93100 2.17712
93182 2.17746
93184 2.17721
93186 2.17572
93200 2.17355
93288 2.15984
93300 2.15989
93400 2.16031
93500 2.16073
93600 2.16115
93700 2.16157
93800 2.16198
93900 2.1624
94000 2.16282
94000 2.16282
94100 2.16324
94200 2.16365
94206 2.16368
94208 2.16343
94210 2.16184
94210 2.16184
94300 2.16221
94400 2.16263
94500 2.16305
94600 2.16346
94700 2.16388
94800 2.1643
94900 2.16472
95000 2.16513
95000 2.16513
95100 2.16555
95200 2.16597
95230 2.16609
95232 2.16585
95234 2.16436
95300 2.15418
95336 2.14858
95400 2.14884
95500 2.14927
95600 2.14969
95700 2.15011
95800 2.15053
95900 2.15096
96000 2.15138
96000 2.15138
96100 2.1518
96200 2.15222
96254 2.15245
96256 2.15221
96258 2.15062
96258 2.15062
96300 2.15079
96400 2.15121
96500 2.15164
96600 2.15206
96700 2.15248
96800 2.1529
96900 2.15332
97000 2.15374
97000 2.15374
97100 2.15416
97200 2.15458
97278 2.15491
97280 2.15467
97282 2.15319
97300 2.15043
97384 2.13749
97400 2.13756
97500 2.13799
97600 2.13841
97700 2.13884
97800 2.13927
97900 2.13969
98000 2.14012
98000 2.14012
98100 2.14055
98200 2.14097
98300 2.1414
98302 2.14141
98304 2.14116
98306 2.13958
98306 2.13958
98400 2.13998
98500 2.14041
98600 2.14083
98700 2.14126
98800 2.14168
98900 2.14211
99000 2.14253
99000 2.14253
99100 2.14296
99200 2.14338
99300 2.14381
99326 2.14392
99328 2.14368
99330 2.14221
99400 2.13153
99432 2.1266
99500 2.12689
99600 2.12732
99700 2.12775
99800 2.12818
99900 2.12861
100000 2.12904
100000 2.12904
100100 2.12947
100200 2.1299
100300 2.13033
100350 2.13055
100352 2.1303
100354 2.12873
100354 2.12873
100400 2.12893
100500 2.12936
100600 2.12979
100700 2.13022
100800 2.13065
100900 2.13108
101000 2.13151
101000 2.13151
101100 2.13193
101200 2.13236
101300 2.13279
101374 2.13311
101376 2.13287
101378 2.13141
101400 2.12807
101480 2.11588
101500 2.11596
101600 2.1164
101700 2.11683
101800 2.11727
101900 2.1177
102000 2.11814
102000 2.11814
102100 2.11857
102200 2.119
102300 2.11944
102398 2.11986
102400 2.11962
102400 2.11962
102402 2.11806
102402 2.11806
102500 2.11848
102600 2.11892
102700 2.11935
102800 2.11978
102900 2.12022
103000 2.12065
103000 2.12065
103100 2.12108
103200 2.12152
103300 2.12195
103400 2.12238
103422 2.12248
103424 2.12224
103426 2.12078
103500 2.10962
103528 2.10534
103600 2.10565
103700 2.10609
103800 2.10653
103900 2.10697
104000 2.10741
104000 2.10741
104100 2.10785
104200 2.10828
104300 2.10872
104400 2.10916
104446 2.10936
104448 2.10912
104450 2.10756
104450 2.10756
104500 2.10778
104600 2.10822
104700 2.10866
104800 2.1091
104900 2.10953
105000 2.10997
105000 2.10997
105100 2.11041
105200 2.11084
105300 2.11128
105400 2.11172
105470 2.11202
105472 2.11178
105474 2.11034
105500 2.10643
105576 2.09498
105600 2.09508
105700 2.09552
105800 2.09596
105900 2.09641
106000 2.09685
106000 2.09685
106100 2.09729
106200 2.09773
106300 2.09817
106400 2.09861
106494 2.09903
106496 2.09879
106498 2.09724
106498 2.09724
106500 2.09725
106600 2.09769
106700 2.09813
106800 2.09858
106900 2.09902
107000 2.09946
107000 2.09946
107100 2.0999
107200 2.10034
107300 2.10078
107400 2.10122
107500 2.10166
107518 2.10174
107520 2.1015
107522 2.10006
107600 2.08842
107624 2.08478
107700 2.08512
107800 2.08557
107900 2.08601
108000 2.08646
108000 2.08646
108100 2.0869
108200 2.08735
108300 2.08779
108400 2.08824
108500 2.08868
108542 2.08887
108544 2.08864
108546 2.08709
108546 2.08709
108600 2.08733
108700 2.08778
108800 2.08822
108900 2.08867
109000 2.08911
109000 2.08911
109100 2.08956
109200 2.09
109300 2.09045
109400 2.09089
109500 2.09133
109566 2.09163
109568 2.09139
109570 2.08996
109600 2.0855
109672 2.07476
109700 2.07488
109800 2.07533
109900 2.07578
110000 2.07623
110000 2.07623
110100 2.07668
110200 2.07713
110300 2.07758
110400 2.07803
110500 2.07848
110590 2.07888
110592 2.07865
110594 2.07711
110594 2.07711
110600 2.07714
110700 2.07759
110800 2.07804
110900 2.07848
111000 2.07893
111000 2.07893
111100 2.07938
111200 2.07983
111300 2.08028
111400 2.08073
111500 2.08117
111600 2.08162
111614 2.08169
111616 2.08145
111618 2.08002
111700 2.06791
111720 2.0649
111799 2.06526
111799 2.06526
111800 2.06402
111808 2.0516
111808 2.05158
111809 2.05089
111809 2.05089
111900 2.05131
112000 2.05176
112000 2.05176
112100 2.05222
112200 2.05268
112300 2.05314
112400 2.0536
112500 2.05405
112600 2.05451
112638 2.05469
112640 2.05446
112642 2.05294
112642 2.05294
112700 2.0532
112800 2.05366
112900 2.05412
113000 2.05458
113000 2.05458
113100 2.05503
113200 2.05549
113300 2.05595
113400 2.0564
113500 2.05686
113600 2.05732
113662 2.0576
113664 2.05737
113666 2.05596
113700 2.05099
113768 2.04103
113800 2.04117
113900 2.04163
114000 2.0421
114000 2.0421
114100 2.04256
114200 2.04302
114300 2.04348
114400 2.04394
114500 2.0444
114600 2.04487
114686 2.04526
114688 2.04503
114690 2.04352
114690 2.04352
114700 2.04357
114800 2.04403
114900 2.04449
115000 2.04495
115000 2.04495
115100 2.04541
115200 2.04587
115300 2.04633
115400 2.04679
115500 2.04725
115600 2.04771
115700 2.04817
115710 2.04822
115712 2.04799
115714 2.04659
115800 2.0341
115816 2.03173
115900 2.03212
116000 2.03258
116000 2.03258
116100 2.03305
116200 2.03351
116300 2.03398
116400 2.03444
116500 2.03491
116600 2.03537
116700 2.03584
116734 2.036
116736 2.03577
116738 2.03426
116738 2.03426
116800 2.03455
116900 2.03502
117000 2.03548
117000 2.03548
117100 2.03594
117200 2.03641
117300 2.03687
117400 2.03734
117500 2.0378
117600 2.03826
117700 2.03873
117758 2.039
117760 2.03877
117762 2.03737
117800 2.03187
117864 2.02258
117900 2.02275
118000 2.02322
118000 2.02322
118100 2.02369
118200 2.02416
118300 2.02462
118400 2.02509
118500 2.02556
118600 2.02603
118700 2.0265
118782 2.02688
118784 2.02665
118786 2.02516
118786 2.02516
118800 2.02522
118900 2.02569
119000 2.02616
119000 2.02616
119100 2.02663
119200 2.02709
119300 2.02756
119400 2.02803
119500 2.02849
119600 2.02896
119700 2.02943
119800 2.02989
119806 2.02992
119808 2.0297
119810 2.02831
119900 2.01537
119912 2.01359
120000 2.014
120000 2.014
120100 2.01448
120200 2.01495
120300 2.01542
120400 2.01589
120500 2.01636
120600 2.01683
120700 2.0173
120800 2.01778
120830 2.01792
120832 2.01769
120834 2.0162
120834 2.0162
120900 2.01651
121000 2.01698
121000 2.01698
121100 2.01745
121200 2.01793
121300 2.0184
121400 2.01887
121500 2.01934
121600 2.01981
121700 2.02028
121800 2.02075
121854 2.021
121856 2.02077
121858 2.01939
121900 2.01337
121960 2.00474
122000 2.00493
122000 2.00493
122100 2.00541
122200 2.00588
122300 2.00636
122400 2.00683
122500 2.00731
122600 2.00778
122700 2.00826
122800 2.00873
122878 2.0091
122880 2.00888
122882 2.0074
122882 2.0074
122900 2.00748
123000 2.00795
123000 2.00795
123100 2.00843
123200 2.0089
123300 2.00938
123400 2.00985
123500 2.01032
123600 2.0108
123700 2.01127
123800 2.01174
123900 2.01222
123902 2.01223
123904 2.012
123906 2.01063
124000 1.99724
124000 1.99724
124008 1.99605
124100 1.99649
124200 1.99696
124300 1.99744
124400 1.99792
124500 1.9984
124600 1.99888
124700 1.99935
124800 1.99983
124900 2.00031
124926 2.00044
124928 2.00021
124930 1.99873
124930 1.99873
125000 1.99907
125000 1.99907
125100 1.99955
125200 2.00002
125300 2.0005
125400 2.00098
125500 2.00145
125600 2.00193
125700 2.00241
125800 2.00288
125900 2.00336
125950 2.0036
125952 2.00337
125954 2.002
126000 1.99548
126000 1.99548
126056 1.98749
126100 1.9877
126200 1.98819
126300 1.98867
126400 1.98915
126500 1.98963
126600 1.99011
126700 1.99059
126800 1.99107
126900 1.99155
126974 1.99191
126976 1.99169
126978 1.99022
126978 1.99022
127000 1.99032
127000 1.99032
127100 1.9908
127200 1.99128
127300 1.99176
127400 1.99224
127500 1.99272
127600 1.9932
127700 1.99368
127800 1.99416
127900 1.99464
127998 1.99511
128000 1.99489
128000 1.99489
128000 1.99489
128002 1.99352
128100 1.9797
128104 1.97908
128200 1.97955
128300 1.98003
128400 1.98051
128500 1.981
128600 1.98148
128700 1.98197
128800 1.98245
128900 1.98294
129000 1.98342
129000 1.98342
129022 1.98353
129024 1.9833
129026 1.98184
129026 1.98184
129100 1.9822
129200 1.98268
129300 1.98317
129400 1.98365
129500 1.98413
129600 1.98462
129700 1.9851
129800 1.98558
129900 1.98606
130000 1.98655
130000 1.98655
130046 1.98677
130048 1.98655
130050 1.98519
130100 1.97816
130152 1.97081
130200 1.97104
130300 1.97153
130400 1.97202
130500 1.9725
130600 1.97299
130700 1.97348
130800 1.97397
130900 1.97445
131000 1.97494
131000 1.97494
131070 1.97528
131072 1.97506
131074 1.9736
131074 1.9736
131100 1.97373
131200 1.97422
131300 1.9747
131400 1.97519
131500 1.97568
131600 1.97616
131700 1.97665
131800 1.97713
131900 1.97762
132000 1.97811
132000 1.97811
132094 1.97856
132096 1.97834
132098 1.97699
132100 1.97671
132200 1.96273
132200 1.96267
132300 1.96316
132400 1.96365
132500 1.96414
132600 1.96463
132700 1.96512
132800 1.96562
132900 1.96611
133000 1.96659
133000 1.96659
133100 1.96708
133118 1.96717
133120 1.96695
133122 1.9655
133122 1.9655
133200 1.96588
133300 1.96637
133400 1.96686
133500 1.96735
133600 1.96784
133700 1.96833
133800 1.96882
133900 1.96931
134000 1.9698
134000 1.9698
134100 1.97029
134142 1.97049
134144 1.97027
134146 1.96892
134200 1.9614
134248 1.95467
134300 1.95493
134400 1.95542
134500 1.95592
134600 1.95641
134700 1.9569
134800 1.9574
134900 1.95789
135000 1.95838
135000 1.95838
135100 1.95887
135166 1.9592
135168 1.95898
135170 1.95754
135170 1.95754
135200 1.95768
135300 1.95817
135400 1.95867
135500 1.95916
135600 1.95965
135700 1.96014
135800 1.96064
135900 1.96113
136000 1.96162
136000 1.96162
136100 1.96211
136190 1.96256
136192 1.96233
136194 1.96099
136200 1.96016
136296 1.9468
136300 1.94682
136400 1.94732
136500 1.94782
136600 1.94831
136700 1.94881
136800 1.94931
136900 1.9498
137000 1.9503
137000 1.9503
137100 1.95079
137200 1.95129
137214 1.95136
137216 1.95114
137218 1.9497
137218 1.9497
137300 1.95011
137400 1.9506
137500 1.9511
137600 1.95159
137700 1.95209
137800 1.95258
137900 1.95308
138000 1.95357
138000 1.95357
138100 1.95407
138200 1.95456
138238 1.95475
138240 1.95453
138242 1.95319
138300 1.94518
138344 1.93907
138400 1.93934
138500 1.93984
138600 1.94034
138700 1.94084
138800 1.94134
138900 1.94184
139000 1.94234
139000 1.94234
139100 1.94284
139200 1.94334
139262 1.94365
139264 1.94343
139266 1.942
139266 1.942
139300 1.94216
139400 1.94266
139500 1.94316
139600 1.94366
139700 1.94416
139800 1.94466
139900 1.94515
140000 1.94565
140000 1.94565
140100 1.94615
140200 1.94664
140286 1.94707
140288 1.94685
140290 1.94552
140300 1.94415
140392 1.93146
140400 1.9315
140500 1.932
140600 1.9325
140700 1.933
140800 1.9335
140900 1.93401
141000 1.93451
141000 1.93451
141100 1.93501
141200 1.93551
141300 1.93601
141310 1.93606
141312 1.93585
141314 1.93442
141314 1.93442
141400 1.93485
141500 1.93535
141600 1.93585
141700 1.93635
141800 1.93685
141900 1.93735
142000 1.93785
142000 1.93785
142100 1.93835
142200 1.93885
142300 1.93935
142334 1.93953
142336 1.93931
142338 1.93798
142400 1.92949
142440 1.92397
142500 1.92428
142519 1.92437
142519 1.92437
142528 1.91166
142528 1.91163
142529 1.91099
142529 1.91099
142600 1.91135
142700 1.91186
142800 1.91237
142900 1.91288
143000 1.91339
143000 1.91339
143100 1.9139
143200 1.91441
143300 1.91492
143358 1.91522
143360 1.915
143362 1.91359
143362 1.91359
143400 1.91378
143500 1.91429
143600 1.9148
143700 1.91531
143800 1.91582
143900 1.91632
144000 1.91683
144000 1.91683
144100 1.91734
144200 1.91785
144300 1.91836
144382 1.91877
144384 1.91856
144386 1.91725
144400 1.91535
144488 1.9034
144500 1.90346
144600 1.90398
144700 1.90449
144800 1.905
144900 1.90551
145000 1.90602
145000 1.90602
145100 1.90654
145200 1.90705
145300 1.90756
145400 1.90807
145406 1.9081
145408 1.90789
145410 1.90648
145410 1.90648
145500 1.90694
145600 1.90745
145700 1.90796
145800 1.90848
145900 1.90899
146000 1.9095
146000 1.9095
146100 1.91001
146200 1.91052
146300 1.91103
146400 1.91154
146430 1.91169
146432 1.91148
146434 1.91017
146500 1.90128
146536 1.89638
146600 1.89671
146700 1.89723
146800 1.89774
146900 1.89826
147000 1.89877
147000 1.89877
147100 1.89929
147200 1.8998
147300 1.90032
147400 1.90083
147454 1.90111
147456 1.90089
147458 1.89949
147458 1.89949
147500 1.89971
147600 1.90022
147700 1.90074
147800 1.90125
147900 1.90176
148000 1.90228
148000 1.90228
148100 1.90279
148200 1.9033
148300 1.90382
148400 1.90433
148478 1.90473
148480 1.90452
148482 1.90322
148500 1.9008
148584 1.88948
148600 1.88956
148700 1.89008
148800 1.8906
148900 1.89112
149000 1.89163
149000 1.89163
149100 1.89215
149200 1.89267
149300 1.89318
149400 1.8937
149500 1.89422
149502 1.89423
149504 1.89402
149506 1.89262
149506 1.89262
149600 1.89311
149700 1.89362
149800 1.89414
149900 1.89465
150000 1.89517
150000 1.89517
150100 1.89569
150200 1.8962
150300 1.89672
150400 1.89723
150500 1.89775
150526 1.89788
150528 1.89767
150530 1.89637
150600 1.88701
150632 1.88269
150700 1.88305
150800 1.88357
150900 1.88409
151000 1.88461
151000 1.88461
151100 1.88513
151200 1.88565
151300 1.88616
151400 1.88668
151500 1.8872
151550 1.88746
151552 1.88725
151554 1.88586
151554 1.88586
151600 1.8861
151700 1.88662
151800 1.88714
151900 1.88766
152000 1.88818
152000 1.88818
152100 1.88869
152200 1.88921
152300 1.88973
152400 1.89025
152500 1.89077
152574 1.89115
152576 1.89094
152578 1.88965
152600 1.88671
152680 1.87602
152700 1.87612
152800 1.87664
152900 1.87717
153000 1.87769
153000 1.87769
153100 1.87821
153200 1.87873
153300 1.87926
153400 1.87978
153500 1.8803
153598 1.88081
153600 1.8806
153600 1.8806
153602 1.87921
153602 1.87921
153700 1.87972
153800 1.88025
153900 1.88077
154000 1.88129
154000 1.88129
154100 1.88181
154200 1.88233
154300 1.88285
154400 1.88337
154500 1.88389
154600 1.88441
154622 1.88453
154624 1.88432
154626 1.88303
154700 1.87321
154728 1.86945
154800 1.86983
154900 1.87036
155000 1.87088
155000 1.87088
155100 1.87141
155200 1.87193
155300 1.87245
155400 1.87298
155500 1.8735
155600 1.87403
155646 1.87427
155648 1.87406
155650 1.87268
155650 1.87268
155700 1.87294
155800 1.87346
155900 1.87399
156000 1.87451
156000 1.87451
156100 1.87503
156200 1.87556
156300 1.87608
156400 1.8766
156500 1.87713
156600 1.87765
156670 1.87802
156672 1.8778
156674 1.87652
156700 1.87308
156776 1.863
156800 1.86312
156900 1.86365
157000 1.86418
157000 1.86418
157100 1.86471
157200 1.86523
157300 1.86576
157400 1.86629
157500 1.86681
157600 1.86734
157694 1.86783
157696 1.86763
157698 1.86625
157698 1.86625
157700 1.86626
157800 1.86679
157900 1.86731
158000 1.86784
158000 1.86784
158100 1.86836
158200 1.86889
158300 1.86941
158400 1.86994
158500 1.87046
158600 1.87099
158700 1.87151
158718 1.87161
158720 1.8714
158722 1.87012
158800 1.85985
158824 1.85665
158900 1.85705
159000 1.85758
159000 1.85758
159100 1.85811
159200 1.85864
159300 1.85917
159400 1.8597
159500 1.86023
159600 1.86075
159700 1.86128
159742 1.86151
159744 1.8613
159746 1.85993
159746 1.85993
159800 1.86021
159900 1.86074
160000 1.86127
160000 1.86127
160100 1.8618
160200 1.86233
160300 1.86285
160400 1.86338
160500 1.86391
160600 1.86444
160700 1.86496
160766 1.86531
160768 1.8651
160770 1.86383
160800 1.85989
160872 1.85041
160900 1.85055
161000 1.85108
161000 1.85108
161100 1.85162
161200 1.85215
161300 1.85268
161400 1.85321
161500 1.85374
161600 1.85427
161700 1.8548
161790 1.85528
161792 1.85508
161794 1.85371
161794 1.85371
161800 1.85374
161900 1.85427
162000 1.8548
162000 1.8548
162100 1.85533
162200 1.85586
162300 1.85639
162400 1.85692
162500 1.85745
162600 1.85798
162700 1.85851
162800 1.85904
162814 1.85912
162816 1.85891
162818 1.85764
162900 1.84692
162920 1.84427
163000 1.84469
163000 1.84469
163100 1.84523
163200 1.84576
163300 1.84629
163400 1.84683
163500 1.84736
163600 1.84789
163700 1.84843
163800 1.84896
163838 1.84916
163840 1.84896
163842 1.8476
163842 1.8476
163900 1.8479
164000 1.84844
164000 1.84844
164100 1.84897
164200 1.8495
164300 1.85004
164400 1.85057
164500 1.8511
164600 1.85163
164700 1.85216
164800 1.8527
164862 1.85303
164864 1.85282
164866 1.85155
164900 1.84712
164968 1.83823
165000 1.8384
165000 1.8384
165100 1.83893
165200 1.83947
165300 1.84001
165400 1.84054
165500 1.84108
165600 1.84161
165700 1.84215
165800 1.84268
165886 1.84315
165888 1.84294
165890 1.84158
165890 1.84158
165900 1.84163
166000 1.84217
166000 1.84217
166100 1.84271
166200 1.84324
166300 1.84378
166400 1.84431
166500 1.84485
166600 1.84538
166700 1.84591
166800 1.84645
166900 1.84698
166910 1.84704
166912 1.84683
166914 1.84557
167000 1.83441
167000 1.83441
167016 1.83229
167100 1.83274
167200 1.83328
167300 1.83382
167400 1.83435
167500 1.83489
167600 1.83543
167700 1.83597
167800 1.83651
167900 1.83704
167934 1.83723
167936 1.83702
167938 1.83567
167938 1.83567
168000 1.836
168000 1.836
168100 1.83654
168200 1.83708
168300 1.83761
168400 1.83815
168500 1.83869
168600 1.83922
168700 1.83976
168800 1.8403
168900 1.84083
168958 1.84115
168960 1.84094
168962 1.83968
169000 1.83476
169000 1.83476
169064 1.82645
169100 1.82664
169200 1.82718
169300 1.82772
169400 1.82826
169500 1.8288
169600 1.82934
169700 1.82988
169800 1.83042
169900 1.83096
169982 1.83141
169984 1.8312
169986 1.82985
169986 1.82985
170000 1.82993
170000 1.82993
170100 1.83047
170200 1.83101
170300 1.83155
170400 1.83209
170500 1.83263
170600 1.83316
170700 1.8337
170800 1.83424
170900 1.83478
171000 1.83532
171000 1.83532
171006 1.83535
171008 1.83515
171010 1.83389
171100 1.8223
171112 1.8207
171200 1.82118
171300 1.82172
171400 1.82227
171500 1.82281
171600 1.82335
171700 1.82389
171800 1.82444
171900 1.82498
172000 1.82552
172000 1.82552
172030 1.82568
172032 1.82548
172034 1.82413
172034 1.82413
172100 1.82449
172200 1.82503
172300 1.82557
172400 1.82612
172500 1.82666
172600 1.8272
172700 1.82774
172800 1.82828
172900 1.82882
173000 1.82936
173000 1.82936
173054 1.82965
173056 1.82945
173058 1.8282
173100 1.8228
173160 1.81506
173200 1.81527
173239 1.81549
173239 1.81549
173248 1.80349
173248 1.80347
173249 1.80287
173249 1.80287
173300 1.80315
173400 1.8037
173500 1.80425
173600 1.8048
173700 1.80535
173800 1.8059
173900 1.80644
174000 1.80699
174000 1.80699
174078 1.80742
174080 1.80722
174082 1.80589
174082 1.80589
174100 1.80599
174200 1.80654
174300 1.80708
174400 1.80763
174500 1.80818
174600 1.80873
174700 1.80928
174800 1.80982
174900 1.81037
175000 1.81092
175000 1.81092
175100 1.81146
175102 1.81148
175104 1.81128
175106 1.81004
175200 1.7981
175200 1.7981
175300 1.79865
175400 1.79921
175500 1.79976
175600 1.80031
175700 1.80086
175800 1.80141
175900 1.80196
176000 1.80251
176000 1.80251
176100 1.80306
176200 1.80361
176300 1.80416
176400 1.80471
176500 1.80526
176600 1.80581
176700 1.80635
176800 1.8069
176900 1.80745
177000 1.808
177000 1.808
177100 1.80855
177200 1.80909
177300 1.80964
177400 1.81019
177500 1.81074
177600 1.81128
177700 1.81183
177800 1.81238
177900 1.81292
178000 1.81347
178000 1.81347
178100 1.81401
178200 1.81456
178300 1.81511
178400 1.81565
178500 1.8162
178600 1.81674
178700 1.81729
178800 1.81783
178900 1.81837
179000 1.81892
179000 1.81892
179100 1.81946
179200 1.82001
179300 1.82055
179400 1.82109
179500 1.82164
179600 1.82218
179700 1.82272
179800 1.82326
179900 1.82381
180000 1.82435
180000 1.82435
180100 1.82489
180200 1.82543
180300 1.82597
180400 1.82651
180500 1.82705
180600 1.8276
180700 1.82814
180800 1.82868
180900 1.82922
181000 1.82976
181000 1.82976
181100 1.8303
181200 1.83084
181300 1.83138
181400 1.83192
181500 1.83245
181600 1.83299
181700 1.83353
181800 1.83407
181900 1.83461
182000 1.83515
182000 1.83515
182100 1.83568
182200 1.83622
182300 1.83676
182400 1.8373
182500 1.83783
182600 1.83837
182700 1.83891
182800 1.83944
182900 1.83998
183000 1.84052
183000 1.84052
183100 1.84105
183200 1.84159
183300 1.84212
183400 1.84266
183500 1.84319
183600 1.84373
183700 1.84426
183800 1.8448
183900 1.84533
184000 1.84587
184000 1.84587
184100 1.8464
184200 1.84694
184300 1.84747
184400 1.848
184500 1.84854
184600 1.84907
184700 1.8496
184800 1.85013
184900 1.85067
185000 1.8512
185000 1.8512
185100 1.85173
185200 1.85226
185300 1.85279
185400 1.85332
185500 1.85386
185600 1.85439
185700 1.85492
185800 1.85545
185900 1.85598
186000 1.85651
186000 1.85651
186100 1.85704
186200 1.85757
186300 1.8581
186400 1.85863
186500 1.85916
186600 1.85969
186700 1.86022
186800 1.86074
186900 1.86127
187000 1.8618
187000 1.8618
187100 1.86233
187200 1.86286
187300 1.86338
187400 1.86391
187500 1.86444
187600 1.86497
187700 1.86549
187800 1.86602
187900 1.86655
188000 1.86707
188000 1.86707
188100 1.8676
188200 1.86813
188300 1.86865
188400 1.86918
188500 1.8697
188600 1.87023
188700 1.87075
188800 1.87128
188900 1.8718
189000 1.87233
189000 1.87233
189100 1.87285
189200 1.87337
189300 1.8739
189400 1.87442
189500 1.87495
189600 1.87547
189700 1.87599
189800 1.87651
189900 1.87704
190000 1.87756
190000 1.87756
190100 1.87808
190200 1.8786
190300 1.87913
190400 1.87965
190500 1.88017
190600 1.88069
190700 1.88121
190800 1.88173
190900 1.88225
191000 1.88277
191000 1.88277
191100 1.88329
191200 1.88381
191300 1.88433
191400 1.88485
191500 1.88537
191600 1.88589
191700 1.88641
191800 1.88693
191900 1.88745
192000 1.88797
192000 1.88797
192100 1.88849
192200 1.88901
192300 1.88952
192400 1.89004
192500 1.89056
192600 1.89108
192700 1.8916
192800 1.89211
192900 1.89263
193000 1.89315
193000 1.89315
193100 1.89366
193200 1.89418
193300 1.8947
193400 1.89521
193500 1.89573
193600 1.89624
193700 1.89676
193800 1.89727
193900 1.89779
194000 1.8983
194000 1.8983
194100 1.89882
194200 1.89933
194300 1.89985
194400 1.90036
194500 1.90087
194600 1.90139
194700 1.9019
194800 1.90242
194900 1.90293
195000 1.90344
195000 1.90344
195100 1.90395
195200 1.90447
195300 1.90498
195400 1.90549
195500 1.906
195600 1.90652
195700 1.90703
195800 1.90754
195900 1.90805
196000 1.90856
196000 1.90856
196100 1.90907
196200 1.90958
196300 1.91009
196400 1.9106
196500 1.91111
196600 1.91162
196700 1.91213
196800 1.91264
196900 1.91315
197000 1.91366
197000 1.91366
197100 1.91417
197200 1.91468
197300 1.91519
197400 1.9157
197500 1.91621
197600 1.91671
197700 1.91722
197800 1.91773
197900 1.91824
198000 1.91874
198000 1.91874
198100 1.91925
198200 1.91976
198300 1.92027
198400 1.92077
198500 1.92128
198600 1.92178
198700 1.92229
198800 1.9228
198900 1.9233
199000 1.92381
199000 1.92381
199100 1.92431
199200 1.92482
199300 1.92532
199400 1.92583
199500 1.92633
199600 1.92684
199700 1.92734
199800 1.92785
199900 1.92835
200000 1.92885
200000 1.92885
200100 1.92936
200200 1.92986
200300 1.93036
200400 1.93087
200500 1.93137
200600 1.93187
200700 1.93237
200800 1.93288
200900 1.93338
201000 1.93388
201000 1.93388
201100 1.93438
201200 1.93488
201300 1.93538
201400 1.93588
201500 1.93639
201600 1.93689
201700 1.93739
201800 1.93789
201900 1.93839
202000 1.93889
202000 1.93889
202100 1.93939
202200 1.93989
202300 1.94039
202400 1.94089
202500 1.94138
202600 1.94188
202700 1.94238
202800 1.94288
202900 1.94338
203000 1.94388
203000 1.94388
203100 1.94437
203200 1.94487
203300 1.94537
203400 1.94587
203500 1.94636
203600 1.94686
203700 1.94736
203800 1.94786
203900 1.94835
