0 3
0 3
2 3
100 3
200 3
300 3
400 3
500 3
600 3
700 3
800 3
900 3
1000 3
1000 3
1024 3
1026 3
1100 3
1200 3
1300 3
1400 3
1500 3
1600 3
1700 3
1800 3
1900 3
2000 3
2000 3
2048 3
2050 3
2100 3
2200 3
2300 3
2400 3
2500 3
2502 3
2505 3
2505 3
2506 3
2506 3
2509 3
2509 3
2510 3
2600 3
2700 3
2800 3
2900 3
3000 3
3000 3
3072 3
3074 2.99489
3100 2.98139
3176 2.9422
3200 2.94297
3300 2.94624
3400 2.94947
3500 2.95267
3600 2.95585
3700 2.95899
3800 2.96211
3900 2.9652
4000 2.96826
4000 2.96826
4094 2.97112
4096 2.9703
4098 2.96486
4098 2.96486
4100 2.96491
4200 2.96797
4300 2.97101
4400 2.97402
4500 2.977
4600 2.97995
4700 2.98287
4800 2.98577
4900 2.98864
5000 2.99149
5000 2.99149
5100 2.99431
5118 2.99483
5120 2.994
5122 2.9889
5200 2.94877
5224 2.93637
5300 2.93889
5400 2.94219
5500 2.94546
5600 2.9487
5700 2.95191
5800 2.95509
5900 2.95825
6000 2.96137
6000 2.96137
6100 2.96446
6142 2.96577
6144 2.96495
6146 2.95951
6146 2.95951
6200 2.96119
6300 2.96429
6400 2.96736
6500 2.9704
6600 2.97341
6700 2.9764
6800 2.97935
6900 2.98228
7000 2.98519
7000 2.98519
7100 2.98807
7166 2.98996
7168 2.98914
7170 2.98405
7200 2.96856
7272 2.93166
7300 2.93259
7400 2.93595
7500 2.93927
7600 2.94257
7700 2.94584
7800 2.94908
7900 2.95228
8000 2.95546
8000 2.95546
8100 2.95861
8190 2.96143
8192 2.96062
8194 2.95519
8194 2.95519
8200 2.95537
8300 2.95852
8400 2.96164
8500 2.96474
8600 2.9678
8700 2.97084
8800 2.97385
8900 2.97683
9000 2.97978
9000 2.97978
9100 2.98271
9200 2.98561
9214 2.98602
9216 2.9852
9218 2.98012
9300 2.93815
9320 2.92784
9400 2.93055
9500 2.93392
9600 2.93727
9700 2.94059
9800 2.94387
9900 2.94713
10000 2.95035
10000 2.95035
10100 2.95355
10200 2.95671
10238 2.95792
10240 2.95711
10242 2.95169
10242 2.95169
10300 2.95353
10400 2.9567
10500 2.95984
10600 2.96294
10700 2.96603
10800 2.96908
10900 2.9721
11000 2.9751
11000 2.9751
11100 2.97807
11200 2.98101
11262 2.98283
11264 2.98201
11266 2.97694
11300 2.95946
11368 2.92474
11400 2.92583
11500 2.92925
11600 2.93264
11700 2.936
11800 2.93932
11900 2.94262
12000 2.94589
12000 2.94589
12100 2.94912
12200 2.95233
12286 2.95508
12288 2.95427
12290 2.94885
12290 2.94885
12300 2.94917
12400 2.95237
12500 2.95555
12600 2.9587
12700 2.96182
12800 2.96491
12900 2.96797
13000 2.97101
13000 2.97101
13100 2.97401
13200 2.97699
13300 2.97995
13310 2.98025
13312 2.97943
13314 2.97436
13400 2.9305
13416 2.92224
13500 2.92513
13600 2.92855
13700 2.93195
13800 2.93531
13900 2.93865
14000 2.94195
14000 2.94195
14100 2.94522
14200 2.94846
14300 2.95168
14334 2.95278
14336 2.95197
14338 2.94656
14338 2.94656
14400 2.94856
14500 2.95177
14600 2.95495
14700 2.9581
14800 2.96123
14900 2.96433
15000 2.96739
15000 2.96739
15100 2.97043
15200 2.97345
15300 2.97643
15358 2.97816
15360 2.97734
15362 2.97227
15400 2.9528
15464 2.92021
15500 2.92145
15600 2.92491
15700 2.92834
15800 2.93174
15900 2.9351
16000 2.93844
16000 2.93844
16100 2.94174
16200 2.94502
16300 2.94826
16382 2.95091
16384 2.9501
16386 2.9447
16386 2.9447
16400 2.94515
16500 2.94839
16600 2.9516
16700 2.95479
16800 2.95794
16900 2.96107
17000 2.96417
17000 2.96417
17100 2.96724
17200 2.97028
17300 2.97329
17400 2.97628
17406 2.97647
17408 2.97565
17410 2.97058
17500 2.9248
17512 2.91857
17600 2.92162
17700 2.92508
17800 2.92851
17900 2.93191
18000 2.93527
18000 2.93527
18100 2.9386
18200 2.94191
18300 2.94518
18400 2.94842
18430 2.9494
18432 2.94859
18434 2.94319
18434 2.94319
18500 2.94534
18600 2.94858
18700 2.95179
18800 2.95498
18900 2.95813
19000 2.96125
19000 2.96125
19100 2.96435
19200 2.96742
19300 2.97046
19400 2.97347
19454 2.9751
19456 2.97428
19458 2.96922
19500 2.94774
19560 2.91724
19600 2.91863
19639 2.92
19639 2.92
19648 2.87215
19648 2.87208
19649 2.86969
19649 2.86969
19700 2.87169
19800 2.87561
19900 2.87948
20000 2.88333
20000 2.88333
20100 2.88714
20200 2.89091
20300 2.89465
20400 2.89835
20478 2.90124
20480 2.90045
20482 2.89514
20482 2.89514
20500 2.8958
20600 2.8995
20700 2.90316
20800 2.90679
20900 2.91038
21000 2.91394
21000 2.91394
21100 2.91747
21200 2.92097
21300 2.92443
21400 2.92786
21500 2.93127
21502 2.93135
21504 2.93055
21506 2.92557
21600 2.87893
21608 2.87481
21700 2.87837
21800 2.88222
21900 2.88604
22000 2.88982
22000 2.88982
22100 2.89357
22200 2.89729
22300 2.90097
22400 2.90461
22500 2.90823
22526 2.90918
22528 2.90839
22530 2.90307
22530 2.90307
22600 2.9056
22700 2.90921
22800 2.91278
22900 2.91632
23000 2.91982
23000 2.91982
23100 2.9233
23200 2.92674
23300 2.93015
23400 2.93353
23500 2.93688
23550 2.93856
23552 2.93776
23554 2.93277
23600 2.90971
23656 2.8818
23700 2.88347
23800 2.88728
23900 2.89105
24000 2.89479
24000 2.89479
24100 2.89849
24200 2.90216
24300 2.9058
24400 2.9094
24500 2.91297
24574 2.91561
24576 2.91481
24578 2.90948
24578 2.90948
24600 2.91026
24700 2.91382
24800 2.91735
24900 2.92085
25000 2.92432
25000 2.92432
25100 2.92775
25200 2.93115
25300 2.93452
25400 2.93786
25500 2.94117
25598 2.9444
25600 2.94359
25600 2.94359
25602 2.93859
25700 2.88964
25704 2.88747
25800 2.89107
25900 2.89481
26000 2.89851
26000 2.89851
26100 2.90218
26200 2.90582
26300 2.90942
26400 2.91299
26500 2.91653
26600 2.92003
26622 2.92081
26624 2.92002
26626 2.91467
26626 2.91467
26700 2.91728
26800 2.92077
26900 2.92424
27000 2.92767
27000 2.92767
27100 2.93108
27200 2.93445
27300 2.93779
27400 2.9411
27500 2.94438
27600 2.94763
27646 2.94913
27648 2.94832
27650 2.94331
27700 2.91812
27752 2.89205
27800 2.89383
27900 2.89755
28000 2.90122
28000 2.90122
28100 2.90487
28200 2.90848
28300 2.91206
28400 2.9156
28500 2.91912
28600 2.9226
28670 2.92503
28672 2.92423
28674 2.91888
28674 2.91888
28700 2.91978
28800 2.92326
28900 2.9267
29000 2.93011
29000 2.93011
29100 2.93349
29200 2.93684
29300 2.94016
29400 2.94345
29500 2.94671
29600 2.94994
29694 2.95296
29696 2.95215
29698 2.94713
29700 2.94614
29800 2.89598
29800 2.89577
29900 2.89945
30000 2.90311
30000 2.90311
30100 2.90674
30200 2.91033
30300 2.91389
30400 2.91742
30500 2.92092
30600 2.92438
30700 2.92782
30718 2.92845
30720 2.92765
30722 2.92229
30722 2.92229
30800 2.92497
30900 2.9284
31000 2.9318
31000 2.9318
31100 2.93516
31200 2.9385
31300 2.9418
31400 2.94508
31500 2.94832
31600 2.95153
31700 2.95472
31742 2.95606
31744 2.95525
31746 2.95023
31800 2.92293
31848 2.89878
31900 2.90067
32000 2.90432
32000 2.90432
32100 2.90794
32200 2.91152
32300 2.91507
32400 2.91859
32500 2.92208
32600 2.92553
32700 2.92895
32766 2.93121
32768 2.93041
32770 2.92504
32770 2.92504
32800 2.92607
32900 2.92949
33000 2.93287
33000 2.93287
33100 2.93623
33200 2.93955
33300 2.94285
33400 2.94611
33500 2.94935
33600 2.95255
33700 2.95573
33790 2.95857
33792 2.95776
33794 2.95273
33800 2.94969
33896 2.90121
33900 2.90134
34000 2.90499
34000 2.90499
34100 2.9086
34200 2.91218
34300 2.91572
34400 2.91923
34500 2.92271
34600 2.92616
34700 2.92958
34800 2.93296
34814 2.93345
34816 2.93265
34818 2.92728
34818 2.92728
34900 2.93007
35000 2.93345
35000 2.93345
35100 2.9368
35200 2.94012
35300 2.94341
35400 2.94667
35500 2.94989
35600 2.95309
35700 2.95627
35800 2.95941
35838 2.96061
35840 2.95979
35842 2.95476
35900 2.92538
35944 2.90319
36000 2.90521
36000 2.90521
36100 2.90881
36200 2.91239
36300 2.91593
36400 2.91944
36500 2.92292
36600 2.92637
36700 2.92978
36800 2.93317
36862 2.93526
36864 2.93446
36866 2.92909
36866 2.92909
36900 2.93023
37000 2.93361
37000 2.93361
37100 2.93696
37200 2.94028
37300 2.94357
37400 2.94683
37500 2.95005
37600 2.95325
37700 2.95642
37800 2.95956
37886 2.96225
37888 2.96144
37890 2.9564
37900 2.95132
37992 2.90478
38000 2.90506
38000 2.90506
38100 2.90867
38200 2.91224
38300 2.91579
38400 2.9193
38500 2.92278
38600 2.92623
38700 2.92964
38800 2.93303
38900 2.93638
38910 2.93673
38912 2.93593
38914 2.93055
38914 2.93055
39000 2.93345
39000 2.93345
39100 2.9368
39200 2.94012
39300 2.94341
39400 2.94667
39500 2.9499
39600 2.9531
39700 2.95627
39800 2.95941
39900 2.96252
39934 2.96359
39936 2.96277
39938 2.95773
40000 2.9263
40000 2.9263
40040 2.90608
40100 2.90822
40200 2.91181
40300 2.91535
40400 2.91887
40500 2.92235
40600 2.9258
40700 2.92922
40800 2.93261
40900 2.93597
40958 2.93792
40960 2.93711
40962 2.93174
40962 2.93174
41000 2.93301
41000 2.93301
41100 2.93637
41200 2.93969
41300 2.94298
41400 2.94625
41500 2.94948
41600 2.95268
41700 2.95586
41800 2.959
41900 2.96212
41982 2.96467
41984 2.96385
41986 2.95881
42000 2.95168
42000 2.95168
42088 2.90712
42100 2.90754
42200 2.91113
42300 2.91468
42400 2.9182
42500 2.92169
42600 2.92515
42700 2.92858
42800 2.93197
42900 2.93534
43000 2.93867
43000 2.93867
43006 2.93888
43008 2.93808
43010 2.9327
43010 2.9327
43100 2.93571
43200 2.93904
43300 2.94234
43400 2.94561
43500 2.94885
43600 2.95206
43700 2.95524
43800 2.95839
43900 2.96151
44000 2.9646
44000 2.9646
44030 2.96554
44032 2.96472
44034 2.95968
44100 2.9262
44136 2.90797
44200 2.91025
44300 2.91381
44400 2.91734
44500 2.92084
44600 2.92431
44700 2.92774
44800 2.93114
44900 2.93452
45000 2.93786
45000 2.93786
45054 2.93966
45056 2.93886
45058 2.93347
45058 2.93347
45100 2.93488
45200 2.93821
45300 2.94152
45400 2.9448
45500 2.94804
45600 2.95126
45700 2.95445
45800 2.95761
45900 2.96074
46000 2.96384
46000 2.96384
46078 2.96625
46080 2.96543
46082 2.96039
46100 2.95121
46184 2.90866
46200 2.90922
46300 2.91279
46400 2.91633
46500 2.91983
46600 2.92331
46700 2.92675
46800 2.93016
46900 2.93354
47000 2.93689
47000 2.93689
47100 2.94021
47102 2.94029
47104 2.93949
47106 2.9341
47106 2.9341
47200 2.93724
47300 2.94056
47400 2.94384
47500 2.9471
47600 2.95032
47700 2.95352
47800 2.95668
47900 2.95982
48000 2.96293
48000 2.96293
48100 2.96601
48126 2.96682
48128 2.96601
48130 2.96096
48200 2.92544
48232 2.90921
48300 2.91163
48400 2.91518
48500 2.9187
48600 2.92218
48700 2.92564
48800 2.92906
48900 2.93245
49000 2.93581
49000 2.93581
49100 2.93914
49150 2.9408
49152 2.94
49154 2.93461
49154 2.93461
49200 2.93615
49300 2.93947
49400 2.94277
49500 2.94603
49600 2.94927
49700 2.95247
49800 2.95565
49900 2.9588
50000 2.96191
50000 2.96191
50100 2.965
50174 2.96729
50176 2.96647
50178 2.96142
50200 2.9502
50280 2.90966
50300 2.91036
50359 2.91248
50359 2.91248
50368 2.86476
50368 2.86468
50369 2.86231
50369 2.86231
50400 2.86354
50500 2.86753
50600 2.87148
50700 2.8754
50800 2.87928
50900 2.88313
51000 2.88694
51000 2.88694
51100 2.89071
51198 2.89439
51200 2.89361
51200 2.89361
51202 2.88832
51202 2.88832
51300 2.892
51400 2.89573
51500 2.89942
51600 2.90308
51700 2.90671
51800 2.91031
51900 2.91387
52000 2.9174
52000 2.9174
52100 2.92089
52200 2.92436
52222 2.92513
52224 2.92433
52226 2.91937
52300 2.88268
52328 2.86878
52400 2.8716
52500 2.87552
52600 2.8794
52700 2.88324
52800 2.88705
52900 2.89083
53000 2.89457
53000 2.89457
53100 2.89827
53200 2.90194
53246 2.90364
53248 2.90285
53250 2.89754
53250 2.89754
53300 2.89937
53400 2.90304
53500 2.90666
53600 2.91026
53700 2.91382
53800 2.91735
53900 2.92085
54000 2.92431
54000 2.92431
54100 2.92775
54200 2.93115
54270 2.93353
54272 2.93273
54274 2.92774
54300 2.91472
54376 2.87692
54400 2.87784
54500 2.88169
54600 2.88552
54700 2.88931
54800 2.89306
54900 2.89678
55000 2.90046
55000 2.90046
55100 2.90412
55200 2.90773
55294 2.91112
55296 2.91033
55298 2.905
55298 2.905
55300 2.90507
55400 2.90868
55500 2.91226
55600 2.9158
55700 2.91931
55800 2.92279
55900 2.92624
56000 2.92965
56000 2.92965
56100 2.93304
56200 2.93639
56300 2.93972
56318 2.94033
56320 2.93952
56322 2.93453
56400 2.89555
56424 2.88351
56500 2.88639
56600 2.89018
56700 2.89392
56800 2.89763
56900 2.90131
57000 2.90495
57000 2.90495
57100 2.90857
57200 2.91214
57300 2.91569
57342 2.91718
57344 2.91639
57346 2.91105
57346 2.91105
57400 2.91297
57500 2.9165
57600 2.92001
57700 2.92348
57800 2.92692
57900 2.93033
58000 2.93371
58000 2.93371
58100 2.93706
58200 2.94038
58300 2.94366
58366 2.94583
58368 2.94502
58370 2.94002
58400 2.9249
58472 2.88885
58500 2.88989
58600 2.89364
58700 2.89736
58800 2.90104
58900 2.90468
59000 2.9083
59000 2.9083
59100 2.91188
59200 2.91542
59300 2.91894
59390 2.92209
59392 2.92129
59394 2.91595
59394 2.91595
59400 2.91615
59500 2.91966
59600 2.92313
59700 2.92658
59800 2.92999
59900 2.93337
60000 2.93672
60000 2.93672
60100 2.94005
60200 2.94334
60300 2.9466
60400 2.94983
60414 2.95029
60416 2.94948
60418 2.94447
60500 2.90329
60520 2.89318
60600 2.89614
60700 2.89983
60800 2.90349
60900 2.90711
61000 2.9107
61000 2.9107
61100 2.91426
61200 2.91779
61300 2.92128
61400 2.92474
61438 2.92606
61440 2.92526
61442 2.91991
61442 2.91991
61500 2.92192
61600 2.92538
61700 2.9288
61800 2.93219
61900 2.93556
62000 2.93889
62000 2.93889
62100 2.94219
62200 2.94546
62300 2.9487
62400 2.95191
62462 2.9539
62464 2.95309
62466 2.94807
62500 2.93086
62568 2.89668
62600 2.89785
62700 2.90152
62800 2.90516
62900 2.90877
63000 2.91235
63000 2.91235
63100 2.91589
63200 2.9194
63300 2.92288
63400 2.92633
63486 2.92928
63488 2.92848
63490 2.92312
63490 2.92312
63500 2.92346
63600 2.9269
63700 2.93031
63800 2.93369
63900 2.93704
64000 2.94035
64000 2.94035
64100 2.94364
64200 2.9469
64300 2.95013
64400 2.95332
64500 2.95649
64510 2.95682
64512 2.95601
64514 2.95098
64600 2.90767
64616 2.89951
64700 2.90258
64800 2.90621
64900 2.90981
65000 2.91337
65000 2.91337
65100 2.91691
65200 2.92041
65300 2.92388
65400 2.92732
65500 2.93072
65534 2.93189
65536 2.93109
65538 2.92572
65538 2.92572
65600 2.92784
65700 2.93124
65800 2.93461
65900 2.93795
66000 2.94126
66000 2.94126
66100 2.94454
66200 2.94779
66300 2.951
66400 2.95419
66500 2.95735
66558 2.95919
66560 2.95837
66562 2.95334
66600 2.93407
66664 2.90181
66700 2.90311
66800 2.90674
66900 2.91033
67000 2.91389
67000 2.91389
67100 2.91742
67200 2.92092
67300 2.92438
67400 2.92782
67500 2.93122
67582 2.934
67584 2.9332
67586 2.92782
67586 2.92782
67600 2.92829
67700 2.93169
67800 2.93506
67900 2.93839
68000 2.9417
68000 2.9417
68100 2.94497
68200 2.94822
68300 2.95143
68400 2.95462
68500 2.95778
68600 2.9609
68606 2.9611
68608 2.96029
68610 2.95526
68700 2.90985
68712 2.90367
68800 2.90684
68900 2.91044
69000 2.914
69000 2.914
69100 2.91752
69200 2.92102
69300 2.92448
69400 2.92792
69500 2.93132
69600 2.93469
69630 2.93571
69632 2.9349
69634 2.92953
69634 2.92953
69700 2.93176
69800 2.93512
69900 2.93846
70000 2.94176
70000 2.94176
70100 2.94504
70200 2.94828
70300 2.9515
70400 2.95468
70500 2.95784
70600 2.96097
70654 2.96266
70656 2.96184
70658 2.95681
70700 2.93547
70760 2.90517
70800 2.90661
70900 2.9102
71000 2.91376
71000 2.91376
71100 2.91729
71200 2.92079
71300 2.92426
71400 2.92769
71500 2.9311
71600 2.93447
71678 2.93709
71680 2.93629
71682 2.93091
71682 2.93091
71700 2.93151
71800 2.93488
71900 2.93822
72000 2.94152
72000 2.94152
72100 2.9448
72200 2.94805
72300 2.95126
72400 2.95445
72500 2.95761
72600 2.96074
72700 2.96384
72702 2.96391
72704 2.9631
72706 2.95806
72800 2.91059
72808 2.90639
72900 2.90969
73000 2.91326
73000 2.91326
73100 2.91679
73200 2.92029
73300 2.92376
73400 2.9272
73500 2.93061
73600 2.93399
73700 2.93733
73726 2.93821
73728 2.93741
73730 2.93203
73730 2.93203
73800 2.93438
73900 2.93772
74000 2.94103
74000 2.94103
74100 2.94431
74200 2.94756
74300 2.95078
74400 2.95397
74500 2.95714
74600 2.96027
74700 2.96338
74750 2.96493
74752 2.96411
74754 2.95907
74800 2.93569
74856 2.90738
74900 2.90895
75000 2.91252
75000 2.91252
75100 2.91606
75200 2.91957
75300 2.92305
75400 2.92649
75500 2.92991
75600 2.93329
75700 2.93664
75774 2.93912
75776 2.93831
75778 2.93293
75778 2.93293
75800 2.93366
75900 2.93701
76000 2.94033
76000 2.94033
76100 2.94362
76200 2.94687
76300 2.9501
76400 2.9533
76500 2.95647
76600 2.95961
76700 2.96272
76798 2.96575
76800 2.96494
76800 2.96494
76802 2.9599
76900 2.91038
76904 2.90818
77000 2.9116
77000 2.9116
77100 2.91515
77200 2.91867
77300 2.92215
77400 2.92561
77500 2.92903
77600 2.93242
77700 2.93578
77800 2.93911
77822 2.93985
77824 2.93905
77826 2.93366
77826 2.93366
77900 2.93614
78000 2.93946
78000 2.93946
78100 2.94276
78200 2.94602
78300 2.94926
78400 2.95246
78500 2.95564
78600 2.95879
78700 2.96191
78800 2.965
78846 2.96642
78848 2.96561
78850 2.96056
78900 2.93513
78952 2.90883
79000 2.91053
79000 2.91053
79100 2.91409
79200 2.91762
79300 2.92111
79400 2.92458
79500 2.92801
79600 2.93141
79700 2.93478
79800 2.93811
79870 2.94045
79872 2.93964
79874 2.93426
79874 2.93426
79900 2.93512
80000 2.93846
80000 2.93846
80100 2.94176
80200 2.94504
80300 2.94828
80400 2.95149
80500 2.95468
80600 2.95784
80700 2.96096
80800 2.96406
80894 2.96696
80896 2.96615
80898 2.9611
80900 2.9601
81000 2.90956
81000 2.90956
81000 2.90935
81079 2.91216
81079 2.91216
81088 2.86446
81088 2.86438
81089 2.862
81089 2.862
81100 2.86243
81200 2.86643
81300 2.87039
81400 2.87432
81500 2.87821
81600 2.88207
81700 2.88589
81800 2.88967
81900 2.89342
81918 2.89411
81920 2.89332
81922 2.88803
81922 2.88803
82000 2.89097
82000 2.89097
82100 2.89471
82200 2.89841
82300 2.90208
82400 2.90572
82500 2.90932
82600 2.91289
82700 2.91643
82800 2.91994
82900 2.92341
82942 2.92487
82944 2.92408
82946 2.91911
83000 2.89227
83000 2.89227
83048 2.86853
83100 2.87057
83200 2.87449
83300 2.87838
83400 2.88223
83500 2.88605
83600 2.88984
83700 2.89359
83800 2.8973
83900 2.90098
83966 2.90341
83968 2.90262
83970 2.89731
83970 2.89731
84000 2.89841
84000 2.89841
84100 2.90208
84200 2.90572
84300 2.90932
84400 2.91289
84500 2.91643
84600 2.91994
84700 2.92341
84800 2.92685
84900 2.93026
84990 2.93332
84992 2.93252
84994 2.92754
85000 2.92454
85000 2.92454
85096 2.87672
85100 2.87686
85200 2.88072
85300 2.88456
85400 2.88835
85500 2.89212
85600 2.89584
85700 2.89954
85800 2.9032
85900 2.90683
86000 2.91042
86000 2.91042
86014 2.91093
86016 2.91014
86018 2.90482
86018 2.90482
86100 2.90778
86200 2.91136
86300 2.91491
86400 2.91843
86500 2.92192
86600 2.92538
86700 2.9288
86800 2.93219
86900 2.93555
87000 2.93889
87000 2.93889
87038 2.94016
87040 2.93935
87042 2.93436
87100 2.90531
87144 2.88335
87200 2.88547
87300 2.88926
87400 2.89301
87500 2.89673
87600 2.90042
87700 2.90407
87800 2.90769
87900 2.91128
88000 2.91483
88000 2.91483
88062 2.91703
88064 2.91624
88066 2.9109
88066 2.9109
88100 2.91211
88200 2.91565
88300 2.91916
88400 2.92264
88500 2.92609
88600 2.92951
88700 2.9329
88800 2.93625
88900 2.93958
89000 2.94287
89000 2.94287
89086 2.94569
89088 2.94489
89090 2.93988
89100 2.93484
89192 2.88872
89200 2.88901
89300 2.89276
89400 2.89649
89500 2.90017
89600 2.90383
89700 2.90745
89800 2.91104
89900 2.91459
90000 2.91812
90000 2.91812
90100 2.92161
90110 2.92197
90112 2.92117
90114 2.91582
90114 2.91582
90200 2.91884
90300 2.92232
90400 2.92577
90500 2.92919
90600 2.93258
90700 2.93594
90800 2.93927
90900 2.94257
91000 2.94583
91000 2.94583
91100 2.94907
91134 2.95018
91136 2.94937
91138 2.94436
91200 2.91315
91240 2.89307
91300 2.89529
91400 2.89899
91500 2.90265
91600 2.90629
91700 2.90988
91800 2.91345
91900 2.91698
92000 2.92048
92000 2.92048
92100 2.92395
92158 2.92596
92160 2.92517
92162 2.91981
92162 2.91981
92200 2.92113
92300 2.92459
92400 2.92802
92500 2.93142
92600 2.93479
92700 2.93813
92800 2.94144
92900 2.94471
93000 2.94796
93000 2.94796
93100 2.95118
93182 2.95381
93184 2.953
93186 2.94798
93200 2.94089
93288 2.89659
93300 2.89702
93400 2.9007
93500 2.90435
93600 2.90797
93700 2.91155
93800 2.9151
93900 2.91862
94000 2.92211
94000 2.92211
94100 2.92556
94200 2.92898
94206 2.9292
94208 2.9284
94210 2.92304
94210 2.92304
94300 2.92613
94400 2.92955
94500 2.93294
94600 2.93629
94700 2.93962
94800 2.94291
94900 2.94617
95000 2.94941
95000 2.94941
95100 2.95261
95200 2.95579
95230 2.95675
95232 2.95594
95234 2.95091
95300 2.91759
95336 2.89944
95400 2.90177
95500 2.90541
95600 2.90902
95700 2.91259
95800 2.91614
95900 2.91964
96000 2.92312
96000 2.92312
96100 2.92657
96200 2.92998
96254 2.93182
96256 2.93102
96258 2.92565
96258 2.92565
96300 2.92709
96400 2.9305
96500 2.93387
96600 2.93722
96700 2.94054
96800 2.94382
96900 2.94708
97000 2.9503
97000 2.9503
97100 2.9535
97200 2.95667
97278 2.95913
97280 2.95832
97282 2.95329
97300 2.94414
97384 2.90175
97400 2.90232
97500 2.90596
97600 2.90956
97700 2.91313
97800 2.91666
97900 2.92017
98000 2.92364
98000 2.92364
98100 2.92708
98200 2.93049
98300 2.93386
98302 2.93394
98304 2.93314
98306 2.92777
98306 2.92777
98400 2.93096
98500 2.93434
98600 2.93768
98700 2.94099
98800 2.94427
98900 2.94752
99000 2.95074
99000 2.95074
99100 2.95394
99200 2.9571
99300 2.96023
99326 2.96106
99328 2.96024
99330 2.95521
99400 2.9198
99432 2.90362
99500 2.90607
99600 2.90967
99700 2.91324
99800 2.91678
99900 2.92028
100000 2.92375
100000 2.92375
100100 2.92719
100200 2.9306
100300 2.93397
100350 2.93566
100352 2.93486
100354 2.92949
100354 2.92949
100400 2.93104
100500 2.93441
100600 2.93775
100700 2.94106
100800 2.94435
100900 2.9476
101000 2.95082
101000 2.95082
101100 2.95401
101200 2.95717
101300 2.9603
101374 2.96262
101376 2.9618
101378 2.95677
101400 2.94557
101480 2.90514
101500 2.90585
101600 2.90945
101700 2.91302
101800 2.91655
101900 2.92006
102000 2.92353
102000 2.92353
102100 2.92697
102200 2.93038
102300 2.93376
102398 2.93705
102400 2.93625
102400 2.93625
102402 2.93087
102402 2.93087
102500 2.93417
102600 2.93752
102700 2.94083
102800 2.94411
102900 2.94737
103000 2.95059
103000 2.95059
103100 2.95378
103200 2.95695
103300 2.96008
103400 2.96319
103422 2.96388
103424 2.96307
103426 2.95803
103500 2.92056
103528 2.90636
103600 2.90894
103700 2.91251
103800 2.91606
103900 2.91957
104000 2.92304
104000 2.92304
104100 2.92649
104200 2.9299
104300 2.93328
104400 2.93664
104446 2.93818
104448 2.93738
104450 2.932
104450 2.932
104500 2.93368
104600 2.93702
104700 2.94034
104800 2.94363
104900 2.94689
105000 2.95011
105000 2.95011
105100 2.95331
105200 2.95648
105300 2.95962
105400 2.96273
105470 2.9649
105472 2.96409
105474 2.95905
105500 2.9458
105576 2.90735
105600 2.9082
105700 2.91178
105800 2.91533
105900 2.91885
106000 2.92233
106000 2.92233
106100 2.92578
106200 2.9292
106300 2.93259
106400 2.93595
106494 2.93909
106496 2.93829
106498 2.93291
106498 2.93291
106500 2.93297
106600 2.93632
106700 2.93965
106800 2.94294
106900 2.9462
107000 2.94944
107000 2.94944
107100 2.95264
107200 2.95582
107300 2.95896
107400 2.96208
107500 2.96517
107518 2.96573
107520 2.96492
107522 2.95988
107600 2.92036
107624 2.90816
107700 2.91087
107800 2.91442
107900 2.91795
108000 2.92144
108000 2.92144
108100 2.9249
108200 2.92833
108300 2.93173
108400 2.93509
108500 2.93843
108542 2.93983
108544 2.93903
108546 2.93364
108546 2.93364
108600 2.93545
108700 2.93878
108800 2.94208
108900 2.94535
109000 2.9486
109000 2.9486
109100 2.95181
109200 2.95499
109300 2.95814
109400 2.96127
109500 2.96436
109566 2.9664
109568 2.96559
109570 2.96055
109600 2.94525
109672 2.90881
109700 2.9098
109800 2.91337
109900 2.9169
110000 2.9204
110000 2.9204
110100 2.92387
110200 2.92731
110300 2.93071
110400 2.93409
110500 2.93743
110590 2.94043
110592 2.93963
110594 2.93424
110594 2.93424
110600 2.93444
110700 2.93778
110800 2.94109
110900 2.94437
111000 2.94762
111000 2.94762
111100 2.95084
111200 2.95403
111300 2.95719
111400 2.96033
111500 2.96343
111600 2.96651
111614 2.96695
111616 2.96613
111618 2.96109
111700 2.91954
111720 2.90934
111799 2.91215
111799 2.91215
111800 2.9078
111808 2.86444
111808 2.86437
111809 2.86199
111809 2.86199
111900 2.86562
112000 2.86959
112000 2.86959
112100 2.87353
112200 2.87742
112300 2.88129
112400 2.88511
112500 2.88891
112600 2.89266
112638 2.8941
112640 2.89331
112642 2.88802
112642 2.88802
112700 2.8902
112800 2.89395
112900 2.89766
113000 2.90134
113000 2.90134
113100 2.90498
113200 2.90859
113300 2.91217
113400 2.91571
113500 2.91923
113600 2.92271
113662 2.92486
113664 2.92406
113666 2.9191
113700 2.90216
113768 2.86852
113800 2.86977
113900 2.8737
114000 2.8776
114000 2.8776
114100 2.88146
114200 2.88528
114300 2.88907
114400 2.89283
114500 2.89655
114600 2.90024
114686 2.9034
114688 2.90261
114690 2.8973
114690 2.8973
114700 2.89766
114800 2.90134
114900 2.90498
115000 2.90859
115000 2.90859
115100 2.91217
115200 2.91572
115300 2.91923
115400 2.92271
115500 2.92616
115600 2.92957
115700 2.93296
115710 2.93331
115712 2.93251
115714 2.92753
115800 2.88476
115816 2.87671
115900 2.87995
116000 2.88379
116000 2.88379
116100 2.88759
116200 2.89136
116300 2.89509
116400 2.89879
116500 2.90246
116600 2.9061
116700 2.9097
116734 2.91093
116736 2.91014
116738 2.90481
116738 2.90481
116800 2.90705
116900 2.91064
117000 2.9142
117000 2.9142
117100 2.91772
117200 2.92122
117300 2.92468
117400 2.92811
117500 2.93151
117600 2.93488
117700 2.93821
117758 2.94015
117760 2.93934
117762 2.93435
117800 2.91527
117864 2.88334
117900 2.8847
118000 2.8885
118000 2.8885
118100 2.89226
118200 2.89599
118300 2.89968
118400 2.90334
118500 2.90696
118600 2.91056
118700 2.91412
118782 2.91702
118784 2.91623
118786 2.91089
118786 2.91089
118800 2.91139
118900 2.91494
119000 2.91846
119000 2.91846
119100 2.92194
119200 2.9254
119300 2.92882
119400 2.93222
119500 2.93558
119600 2.93891
119700 2.94221
119800 2.94548
119806 2.94569
119808 2.94488
119810 2.93988
119900 2.89485
119912 2.88872
120000 2.89201
120000 2.89201
120100 2.89574
120200 2.89943
120300 2.9031
120400 2.90672
120500 2.91032
120600 2.91388
120700 2.91741
120800 2.92091
120830 2.92196
120832 2.92117
120834 2.91582
120834 2.91582
120900 2.91813
121000 2.92162
121000 2.92162
121100 2.92508
121200 2.92851
121300 2.9319
121400 2.93527
121500 2.9386
121600 2.9419
121700 2.94518
121800 2.94842
121854 2.95017
121856 2.94936
121858 2.94435
121900 2.92316
121960 2.89307
122000 2.89454
122000 2.89454
122100 2.89825
122200 2.90192
122300 2.90556
122400 2.90916
122500 2.91274
122600 2.91628
122700 2.91978
122800 2.92326
122878 2.92596
122880 2.92516
122882 2.91981
122882 2.91981
122900 2.92043
123000 2.9239
123000 2.9239
123100 2.92733
123200 2.93074
123300 2.93412
123400 2.93746
123500 2.94077
123600 2.94406
123700 2.94731
123800 2.95053
123900 2.95373
123902 2.9538
123904 2.95299
123906 2.94797
124000 2.90076
124000 2.90076
124008 2.89659
124100 2.89997
124200 2.90362
124300 2.90725
124400 2.91084
124500 2.91439
124600 2.91792
124700 2.92141
124800 2.92487
124900 2.9283
124926 2.9292
124928 2.9284
124930 2.92304
124930 2.92304
125000 2.92544
125000 2.92544
125100 2.92887
125200 2.93226
125300 2.93562
125400 2.93895
125500 2.94225
125600 2.94552
125700 2.94876
125800 2.95197
125900 2.95515
125950 2.95675
125952 2.95593
125954 2.95091
126000 2.92762
126000 2.92762
126056 2.89944
126100 2.90104
126200 2.90469
126300 2.9083
126400 2.91188
126500 2.91543
126600 2.91894
126700 2.92242
126800 2.92588
126900 2.9293
126974 2.93182
126976 2.93102
126978 2.92565
126978 2.92565
127000 2.9264
127000 2.9264
127100 2.92981
127200 2.9332
127300 2.93655
127400 2.93987
127500 2.94316
127600 2.94643
127700 2.94966
127800 2.95286
127900 2.95603
127998 2.95913
128000 2.95831
128000 2.95831
128000 2.95831
128002 2.95328
128100 2.90394
128104 2.90175
128200 2.90523
128300 2.90884
128400 2.91241
128500 2.91596
128600 2.91947
128700 2.92294
128800 2.92639
128900 2.9298
129000 2.93319
129000 2.93319
129022 2.93394
129024 2.93314
129026 2.92777
129026 2.92777
129100 2.93028
129200 2.93366
129300 2.93701
129400 2.94033
129500 2.94362
129600 2.94687
129700 2.9501
129800 2.9533
129900 2.95647
130000 2.95961
130000 2.95961
130046 2.96105
130048 2.96024
130050 2.95521
130100 2.92985
130152 2.90362
130200 2.90535
130300 2.90895
130400 2.91253
130500 2.91607
130600 2.91958
130700 2.92306
130800 2.9265
130900 2.92992
131000 2.9333
131000 2.9333
131070 2.93566
131072 2.93486
131074 2.92948
131074 2.92948
131100 2.93036
131200 2.93374
131300 2.93709
131400 2.9404
131500 2.94369
131600 2.94695
131700 2.95017
131800 2.95337
131900 2.95654
132000 2.95968
132000 2.95968
132094 2.96262
132096 2.9618
132098 2.95677
132100 2.95576
132200 2.90534
132200 2.90513
132300 2.90873
132400 2.9123
132500 2.91585
132600 2.91936
132700 2.92284
132800 2.92629
132900 2.9297
133000 2.93309
133000 2.93309
133100 2.93644
133118 2.93705
133120 2.93625
133122 2.93087
133122 2.93087
133200 2.9335
133300 2.93685
133400 2.94017
133500 2.94346
133600 2.94672
133700 2.94995
133800 2.95314
133900 2.95631
134000 2.95946
134000 2.95946
134100 2.96257
134142 2.96388
134144 2.96307
134146 2.95803
134200 2.93061
134248 2.90636
134300 2.90822
134400 2.9118
134500 2.91535
134600 2.91887
134700 2.92235
134800 2.9258
134900 2.92922
135000 2.93261
135000 2.93261
135100 2.93597
135166 2.93818
135168 2.93738
135170 2.932
135170 2.932
135200 2.933
135300 2.93636
135400 2.93968
135500 2.94297
135600 2.94624
135700 2.94947
135800 2.95267
135900 2.95585
136000 2.95899
136000 2.95899
136100 2.96211
136190 2.9649
136192 2.96409
136194 2.95905
136200 2.956
136296 2.90735
136300 2.90748
136400 2.91107
136500 2.91462
136600 2.91815
136700 2.92164
136800 2.9251
136900 2.92852
137000 2.93192
137000 2.93192
137100 2.93528
137200 2.93862
137214 2.93909
137216 2.93829
137218 2.93291
137218 2.93291
137300 2.93565
137400 2.93898
137500 2.94228
137600 2.94555
137700 2.94879
137800 2.952
137900 2.95518
138000 2.95833
138000 2.95833
138100 2.96146
138200 2.96455
138238 2.96573
138240 2.96492
138242 2.95987
138300 2.93042
138344 2.90816
138400 2.91015
138500 2.91372
138600 2.91725
138700 2.92074
138800 2.92421
138900 2.92765
139000 2.93105
139000 2.93105
139100 2.93442
139200 2.93776
139262 2.93983
139264 2.93903
139266 2.93364
139266 2.93364
139300 2.93478
139400 2.93812
139500 2.94142
139600 2.9447
139700 2.94795
139800 2.95117
139900 2.95436
140000 2.95751
140000 2.95751
140100 2.96065
140200 2.96375
140286 2.9664
140288 2.96559
140290 2.96054
140300 2.95545
140392 2.90881
140400 2.90908
140500 2.91265
140600 2.91619
140700 2.9197
140800 2.92318
140900 2.92662
141000 2.93003
141000 2.93003
141100 2.93342
141200 2.93677
141300 2.94009
141310 2.94043
141312 2.93963
141314 2.93424
141314 2.93424
141400 2.93711
141500 2.94043
141600 2.94371
141700 2.94697
141800 2.9502
141900 2.95339
142000 2.95656
142000 2.95656
142100 2.9597
142200 2.96281
142300 2.96589
142334 2.96695
142336 2.96613
142338 2.96109
142400 2.92959
142440 2.90934
142500 2.91147
142519 2.91215
142519 2.91215
142528 2.86444
142528 2.86436
142529 2.86199
142529 2.86199
142600 2.86482
142700 2.8688
142800 2.87274
142900 2.87665
143000 2.88052
143000 2.88052
143100 2.88435
143200 2.88815
143300 2.89191
143358 2.8941
143360 2.89331
143362 2.88802
143362 2.88802
143400 2.88945
143500 2.8932
143600 2.89692
143700 2.9006
143800 2.90426
143900 2.90787
144000 2.91146
144000 2.91146
144100 2.91501
144200 2.91853
144300 2.92201
144382 2.92486
144384 2.92406
144386 2.9191
144400 2.91212
144488 2.86852
144500 2.86898
144600 2.87291
144700 2.87682
144800 2.88069
144900 2.88452
145000 2.88832
145000 2.88832
145100 2.89208
145200 2.89581
145300 2.8995
145400 2.90316
145406 2.9034
145408 2.90261
145410 2.8973
145410 2.8973
145500 2.90061
145600 2.90426
145700 2.90787
145800 2.91146
145900 2.91501
146000 2.91853
146000 2.91853
146100 2.92201
146200 2.92547
146300 2.92889
146400 2.93228
146430 2.93331
146432 2.93251
146434 2.92753
146500 2.89462
146536 2.87671
146600 2.87917
146700 2.88302
146800 2.88683
146900 2.89061
147000 2.89435
147000 2.89435
147100 2.89806
147200 2.90173
147300 2.90537
147400 2.90898
147454 2.91093
147456 2.91013
147458 2.90481
147458 2.90481
147500 2.90632
147600 2.90992
147700 2.91349
147800 2.91702
147900 2.92052
148000 2.92399
148000 2.92399
148100 2.92743
148200 2.93083
148300 2.93421
148400 2.93755
148478 2.94015
148480 2.93934
148482 2.93435
148500 2.9253
148584 2.88334
148600 2.88394
148700 2.88774
148800 2.89151
148900 2.89524
149000 2.89894
149000 2.89894
149100 2.90261
149200 2.90624
149300 2.90984
149400 2.91341
149500 2.91694
149502 2.91702
149504 2.91623
149506 2.91089
149506 2.91089
149600 2.91423
149700 2.91776
149800 2.92125
149900 2.92471
150000 2.92814
150000 2.92814
150100 2.93154
150200 2.93491
150300 2.93824
150400 2.94155
150500 2.94483
150526 2.94569
150528 2.94488
150530 2.93988
150600 2.90476
150632 2.88872
150700 2.89126
150800 2.895
150900 2.8987
151000 2.90237
151000 2.90237
151100 2.906
151200 2.9096
151300 2.91317
151400 2.9167
151500 2.92021
151550 2.92196
151552 2.92117
151554 2.91582
151554 2.91582
151600 2.91743
151700 2.92093
151800 2.92439
151900 2.92783
152000 2.93123
152000 2.93123
152100 2.9346
152200 2.93794
152300 2.94125
152400 2.94453
152500 2.94777
152574 2.95017
152576 2.94936
152578 2.94435
152600 2.93323
152680 2.89307
152700 2.8938
152800 2.89751
152900 2.90119
153000 2.90483
153000 2.90483
153100 2.90844
153200 2.91202
153300 2.91557
153400 2.91908
153500 2.92257
153598 2.92596
153600 2.92516
153600 2.92516
153602 2.91981
153602 2.91981
153700 2.92321
153800 2.92665
153900 2.93006
154000 2.93344
154000 2.93344
154100 2.93679
154200 2.94011
154300 2.9434
154400 2.94666
154500 2.94989
154600 2.95309
154622 2.9538
154624 2.95299
154626 2.94797
154700 2.91071
154728 2.89659
154800 2.89923
154900 2.90289
155000 2.90652
155000 2.90652
155100 2.91012
155200 2.91368
155300 2.91721
155400 2.92071
155500 2.92418
155600 2.92761
155646 2.9292
155648 2.9284
155650 2.92304
155650 2.92304
155700 2.92476
155800 2.92819
155900 2.93158
156000 2.93495
156000 2.93495
156100 2.93829
156200 2.94159
156300 2.94487
156400 2.94812
156500 2.95133
156600 2.95452
156670 2.95674
156672 2.95593
156674 2.95091
156700 2.93772
156776 2.89944
156800 2.90031
156900 2.90396
157000 2.90758
157000 2.90758
157100 2.91117
157200 2.91472
157300 2.91824
157400 2.92173
157500 2.92519
157600 2.92861
157694 2.93182
157696 2.93102
157698 2.92565
157698 2.92565
157700 2.92571
157800 2.92913
157900 2.93252
158000 2.93588
158000 2.93588
158100 2.93921
158200 2.94251
158300 2.94578
158400 2.94901
158500 2.95222
158600 2.9554
158700 2.95855
158718 2.95913
158720 2.95831
158722 2.95328
158800 2.91391
158824 2.90175
158900 2.9045
159000 2.90812
159000 2.90812
159100 2.9117
159200 2.91525
159300 2.91877
159400 2.92225
159500 2.9257
159600 2.92912
159700 2.93251
159742 2.93394
159744 2.93314
159746 2.92777
159746 2.92777
159800 2.9296
159900 2.93299
160000 2.93634
160000 2.93634
160100 2.93967
160200 2.94296
160300 2.94622
160400 2.94946
160500 2.95266
160600 2.95584
160700 2.95898
160766 2.96105
160768 2.96024
160770 2.95521
160800 2.93996
160872 2.90362
160900 2.90462
161000 2.90824
161000 2.90824
161100 2.91182
161200 2.91536
161300 2.91888
161400 2.92236
161500 2.92582
161600 2.92924
161700 2.93262
161790 2.93566
161792 2.93486
161794 2.92948
161794 2.92948
161800 2.92968
161900 2.93307
162000 2.93642
162000 2.93642
162100 2.93974
162200 2.94304
162300 2.9463
162400 2.94953
162500 2.95273
162600 2.95591
162700 2.95905
162800 2.96217
162814 2.96262
162816 2.9618
162818 2.95677
162900 2.91532
162920 2.90513
163000 2.90801
163000 2.90801
163100 2.91159
163200 2.91514
163300 2.91866
163400 2.92214
163500 2.9256
163600 2.92902
163700 2.93241
163800 2.93577
163838 2.93705
163840 2.93625
163842 2.93087
163842 2.93087
163900 2.93283
164000 2.93618
164000 2.93618
164100 2.93951
164200 2.9428
164300 2.94607
164400 2.9493
164500 2.95251
164600 2.95568
164700 2.95883
164800 2.96195
164862 2.96388
164864 2.96306
164866 2.95803
164900 2.94073
164968 2.90636
165000 2.9075
165000 2.9075
165100 2.91109
165200 2.91464
165300 2.91816
165400 2.92165
165500 2.92511
165600 2.92854
165700 2.93193
165800 2.9353
165886 2.93818
165888 2.93738
165890 2.932
165890 2.932
165900 2.93233
166000 2.93569
166000 2.93569
166100 2.93902
166200 2.94232
166300 2.94559
166400 2.94883
166500 2.95204
166600 2.95522
166700 2.95837
166800 2.96149
166900 2.96458
166910 2.9649
166912 2.96409
166914 2.95905
167000 2.91555
167000 2.91555
167016 2.90735
167100 2.91036
167200 2.91392
167300 2.91745
167400 2.92094
167500 2.92441
167600 2.92784
167700 2.93124
167800 2.93461
167900 2.93795
167934 2.93909
167936 2.93829
167938 2.93291
167938 2.93291
168000 2.93498
168000 2.93498
168100 2.93832
168200 2.94163
168300 2.9449
168400 2.94815
168500 2.95136
168600 2.95455
168700 2.95771
168800 2.96084
168900 2.96394
168958 2.96573
168960 2.96492
168962 2.95987
169000 2.94053
169000 2.94053
169064 2.90816
169100 2.90944
169200 2.91301
169300 2.91654
169400 2.92005
169500 2.92352
169600 2.92696
169700 2.93037
169800 2.93375
169900 2.9371
169982 2.93983
169984 2.93903
169986 2.93364
169986 2.93364
170000 2.93411
170000 2.93411
170100 2.93745
170200 2.94077
170300 2.94405
170400 2.9473
170500 2.95053
170600 2.95372
170700 2.95689
170800 2.96002
170900 2.96313
171000 2.96621
171000 2.96621
171006 2.9664
171008 2.96559
171010 2.96054
171100 2.91501
171112 2.90881
171200 2.91194
171300 2.91549
171400 2.919
171500 2.92249
171600 2.92594
171700 2.92935
171800 2.93274
171900 2.9361
172000 2.93943
172000 2.93943
172030 2.94043
172032 2.93963
172034 2.93424
172034 2.93424
172100 2.93644
172200 2.93977
172300 2.94306
172400 2.94632
172500 2.94955
172600 2.95276
172700 2.95593
172800 2.95908
172900 2.96219
173000 2.96528
173000 2.96528
173054 2.96695
173056 2.96613
173058 2.96109
173100 2.9397
173160 2.90934
173200 2.91075
173239 2.91215
173239 2.91215
173248 2.86444
173248 2.86436
173249 2.86199
173249 2.86199
173300 2.86402
173400 2.86801
173500 2.87196
173600 2.87587
173700 2.87975
173800 2.88359
173900 2.88739
174000 2.89116
174000 2.89116
174078 2.8941
174080 2.89331
174082 2.88802
174082 2.88802
174100 2.8887
174200 2.89245
174300 2.89618
174400 2.89987
174500 2.90353
174600 2.90715
174700 2.91074
174800 2.9143
174900 2.91783
175000 2.92132
175000 2.92132
175100 2.92478
175102 2.92486
175104 2.92406
175106 2.9191
175200 2.87262
175208 2.86852
175300 2.87213
175400 2.87604
175500 2.87992
175600 2.88376
175700 2.88756
175800 2.89133
175900 2.89506
176000 2.89877
176000 2.89877
176100 2.90243
176126 2.9034
176128 2.90261
176130 2.8973
176130 2.8973
176200 2.89987
176300 2.90353
176400 2.90715
176500 2.91074
176600 2.9143
176700 2.91783
176800 2.92132
176900 2.92478
177000 2.92821
177000 2.92821
177100 2.93161
177150 2.93331
177152 2.93251
177154 2.92753
177200 2.90454
177256 2.87671
177300 2.8784
177400 2.88225
177500 2.88607
177600 2.88986
177700 2.8936
177800 2.89732
177900 2.901
178000 2.90465
178000 2.90465
178100 2.90826
178174 2.91093
178176 2.91013
178178 2.90481
178178 2.90481
178200 2.9056
178300 2.90921
178400 2.91278
178500 2.91632
178600 2.91982
178700 2.9233
178800 2.92674
178900 2.93015
179000 2.93353
179000 2.93353
179100 2.93688
179198 2.94015
179200 2.93934
179200 2.93934
179202 2.93435
179300 2.88552
179304 2.88334
179400 2.88698
179500 2.89076
179600 2.8945
179700 2.89821
179800 2.90188
179900 2.90552
180000 2.90912
180000 2.90912
180100 2.9127
180200 2.91624
180222 2.91702
180224 2.91623
180226 2.91089
180226 2.91089
180300 2.91352
180400 2.91705
180500 2.92055
180600 2.92402
180700 2.92746
180800 2.93086
180900 2.93424
181000 2.93758
181000 2.93758
181100 2.94089
181200 2.94417
181246 2.94569
181248 2.94488
181250 2.93988
181300 2.91473
181352 2.88872
181400 2.89051
181500 2.89425
181600 2.89796
181700 2.90163
181800 2.90528
181900 2.90888
182000 2.91246
182000 2.91246
182100 2.916
182200 2.91951
182270 2.92196
182272 2.92117
182274 2.91582
182274 2.91582
182300 2.91673
182400 2.92023
182500 2.9237
182600 2.92714
182700 2.93055
182800 2.93393
182900 2.93727
183000 2.94059
183000 2.94059
183100 2.94387
183200 2.94713
183294 2.95017
183296 2.94936
183298 2.94435
183300 2.94336
183400 2.89327
183400 2.89307
183500 2.89677
183600 2.90045
183700 2.90411
183800 2.90773
183900 2.91131
184000 2.91486
184000 2.91486
184100 2.91838
184200 2.92187
184300 2.92533
184318 2.92596
184320 2.92516
184322 2.91981
184322 2.91981
184400 2.92251
184500 2.92596
184600 2.92938
184700 2.93277
184800 2.93613
184900 2.93945
185000 2.94275
185000 2.94275
185100 2.94601
185200 2.94925
185300 2.95245
185342 2.9538
185344 2.95299
185346 2.94797
185400 2.92071
185448 2.89659
185500 2.89849
185600 2.90216
185700 2.9058
185800 2.9094
185900 2.91297
186000 2.91651
186000 2.91651
186100 2.92002
186200 2.92349
186300 2.92693
186366 2.9292
186368 2.9284
186370 2.92304
186370 2.92304
186400 2.92407
186500 2.9275
186600 2.93091
186700 2.93428
186800 2.93762
186900 2.94094
187000 2.94422
187000 2.94422
187100 2.94747
187200 2.95069
187300 2.95388
187390 2.95674
187392 2.95593
187394 2.95091
187400 2.94787
187496 2.89944
187500 2.89957
187600 2.90323
187700 2.90686
187800 2.91045
187900 2.91401
188000 2.91754
188000 2.91754
188100 2.92104
188200 2.9245
188300 2.92793
188400 2.93133
188414 2.93182
188416 2.93102
188418 2.92565
188418 2.92565
188500 2.92845
188600 2.93185
188700 2.93521
188800 2.93855
188900 2.94185
189000 2.94512
189000 2.94512
189100 2.94837
189200 2.95158
189300 2.95477
189400 2.95792
189438 2.95913
189440 2.95831
189442 2.95328
189500 2.92393
189544 2.90175
189600 2.90378
189700 2.9074
189800 2.91099
189900 2.91454
190000 2.91807
190000 2.91807
190100 2.92156
190200 2.92502
190300 2.92844
190400 2.93184
190462 2.93394
190464 2.93314
190466 2.92777
190466 2.92777
190500 2.92892
190600 2.93231
190700 2.93567
190800 2.939
190900 2.9423
191000 2.94557
191000 2.94557
191100 2.94881
191200 2.95202
191300 2.9552
191400 2.95835
191486 2.96105
191488 2.96024
191490 2.95521
191500 2.95012
191592 2.90362
191600 2.9039
191700 2.90752
191800 2.9111
191900 2.91466
192000 2.91818
192000 2.91818
192100 2.92167
192200 2.92513
192300 2.92855
192400 2.93195
192500 2.93531
192510 2.93566
192512 2.93486
192514 2.92948
192514 2.92948
192600 2.93239
192700 2.93575
192800 2.93908
192900 2.94238
193000 2.94565
193000 2.94565
193100 2.94889
193200 2.9521
193300 2.95528
193400 2.95843
193500 2.96155
193534 2.96262
193536 2.9618
193538 2.95677
193600 2.92534
193640 2.90513
193700 2.90729
193800 2.91088
193900 2.91443
194000 2.91796
194000 2.91796
194100 2.92145
194200 2.92491
194300 2.92834
194400 2.93174
194500 2.9351
194558 2.93705
194560 2.93625
194562 2.93087
194562 2.93087
194600 2.93215
194700 2.93551
194800 2.93884
194900 2.94215
195000 2.94542
195000 2.94542
195100 2.94866
195200 2.95187
195300 2.95505
195400 2.9582
195500 2.96133
195582 2.96388
195584 2.96306
195586 2.95803
195600 2.9509
195688 2.90636
195700 2.90678
195800 2.91037
195900 2.91393
196000 2.91746
196000 2.91746
196100 2.92096
196200 2.92442
196300 2.92786
196400 2.93126
196500 2.93463
196600 2.93797
196606 2.93818
196608 2.93738
196610 2.932
196610 2.932
196700 2.93502
196800 2.93835
196900 2.94166
197000 2.94493
197000 2.94493
197100 2.94818
197200 2.9514
197300 2.95458
197400 2.95774
197500 2.96087
197600 2.96397
197630 2.9649
197632 2.96409
197634 2.95905
197700 2.92558
197736 2.90735
197800 2.90964
197900 2.91321
198000 2.91674
198000 2.91674
198100 2.92025
198200 2.92372
198300 2.92716
198400 2.93056
198500 2.93394
198600 2.93729
198654 2.93909
198656 2.93829
198658 2.93291
198658 2.93291
198700 2.93431
198800 2.93766
198900 2.94097
199000 2.94425
199000 2.94425
199100 2.9475
199200 2.95072
199300 2.95391
199400 2.95708
199500 2.96021
199600 2.96332
199678 2.96573
199680 2.96492
199682 2.95987
199700 2.9507
199784 2.90816
199800 2.90872
199900 2.91229
200000 2.91584
200000 2.91584
200100 2.91935
200200 2.92283
200300 2.92628
200400 2.92969
200500 2.93308
200600 2.93643
200700 2.93975
200702 2.93983
200704 2.93903
200706 2.93364
200706 2.93364
200800 2.93679
200900 2.94011
201000 2.94339
201000 2.94339
201100 2.94665
201200 2.94988
201300 2.95308
201400 2.95625
201500 2.9594
201600 2.96251
201700 2.96559
201726 2.9664
201728 2.96559
201730 2.96054
201800 2.92503
201832 2.90881
201900 2.91123
202000 2.91478
202000 2.91478
202100 2.9183
202200 2.92179
202300 2.92525
202400 2.92867
202500 2.93207
202600 2.93543
202700 2.93876
202750 2.94043
202752 2.93963
202754 2.93424
202754 2.93424
202800 2.93578
202900 2.9391
203000 2.9424
203000 2.9424
203100 2.94567
203200 2.94891
203300 2.95212
203400 2.9553
203500 2.95845
203600 2.96157
203700 2.96466
203774 2.96695
203776 2.96613
203778 2.96109
203800 2.94986
203880 2.90934
203900 2.91004
203959 2.91215
203959 2.91215
203968 2.86444
203968 2.86436
203969 2.86199
203969 2.86199
