0 3
0 3
2 3
100 3
200 3
300 3
400 3
500 3
600 3
700 3
800 3
900 3
1000 3
1000 3
1024 3
1026 3
1100 3
1200 3
1300 3
1400 3
1500 3
1600 3
1700 3
1800 3
1900 3
2000 3
2000 3
2048 3
2050 3
2100 3
2200 3
2300 3
2400 3
2500 3
2502 3
2505 3
2505 3
2506 3
2506 3
2509 3
2509 3
2510 3
2600 3
2700 3
2800 3
2900 3
3000 3
3000 3
3072 3
3074 2.99796
3100 2.99253
3176 2.97667
3200 2.97695
3300 2.97813
3400 2.97931
3500 2.98049
3600 2.98166
3700 2.98282
3800 2.98399
3900 2.98515
4000 2.9863
4000 2.9863
4094 2.98739
4096 2.98706
4098 2.98486
4098 2.98486
4100 2.98488
4200 2.98604
4300 2.98719
4400 2.98833
4500 2.98948
4600 2.99062
4700 2.99175
4800 2.99288
4900 2.99401
5000 2.99513
5000 2.99513
5100 2.99625
5118 2.99645
5120 2.99612
5122 2.99408
5200 2.97788
5224 2.97283
5300 2.97374
5400 2.97493
5500 2.97613
5600 2.97731
5700 2.9785
5800 2.97967
5900 2.98085
6000 2.98202
6000 2.98202
6100 2.98318
6142 2.98368
6144 2.98335
6146 2.98116
6146 2.98116
6200 2.98179
6300 2.98295
6400 2.98412
6500 2.98527
6600 2.98643
6700 2.98758
6800 2.98872
6900 2.98986
7000 2.991
7000 2.991
7100 2.99213
7166 2.99288
7168 2.99255
7170 2.99051
7200 2.98428
7272 2.96931
7300 2.96964
7400 2.97085
7500 2.97206
7600 2.97326
7700 2.97446
7800 2.97565
7900 2.97684
8000 2.97803
8000 2.97803
8100 2.97921
8190 2.98027
8192 2.97994
8194 2.97775
8194 2.97775
8200 2.97782
8300 2.979
8400 2.98018
8500 2.98135
8600 2.98252
8700 2.98368
8800 2.98484
8900 2.986
9000 2.98715
9000 2.98715
9100 2.9883
9200 2.98944
9214 2.9896
9216 2.98927
9218 2.98724
9300 2.97027
9320 2.96607
9400 2.96704
9500 2.96826
9600 2.96948
9700 2.97069
9800 2.9719
9900 2.9731
10000 2.9743
10000 2.9743
10100 2.97549
10200 2.97668
10238 2.97714
10240 2.97681
10242 2.97462
10242 2.97462
10300 2.97531
10400 2.9765
10500 2.97769
10600 2.97887
10700 2.98005
10800 2.98122
10900 2.98239
11000 2.98356
11000 2.98356
11100 2.98472
11200 2.98587
11262 2.98659
11264 2.98626
11266 2.98423
11300 2.97719
11368 2.96309
11400 2.96348
11500 2.96472
11600 2.96594
11700 2.96717
11800 2.96839
11900 2.96961
12000 2.97082
12000 2.97082
12100 2.97202
12200 2.97323
12286 2.97426
12288 2.97393
12290 2.97175
12290 2.97175
12300 2.97187
12400 2.97307
12500 2.97427
12600 2.97546
12700 2.97665
12800 2.97784
12900 2.97902
13000 2.9802
13000 2.9802
13100 2.98137
13200 2.98254
13300 2.9837
13310 2.98382
13312 2.98349
13314 2.98146
13400 2.96372
13416 2.96036
13500 2.9614
13600 2.96264
13700 2.96387
13800 2.96511
13900 2.96633
14000 2.96756
14000 2.96756
14100 2.96878
14200 2.96999
14300 2.9712
14334 2.97162
14336 2.97129
14338 2.96911
14338 2.96911
14400 2.96986
14500 2.97107
14600 2.97227
14700 2.97347
14800 2.97467
14900 2.97586
15000 2.97705
15000 2.97705
15100 2.97824
15200 2.97942
15300 2.98059
15358 2.98128
15360 2.98095
15362 2.97892
15400 2.97107
15464 2.95784
15500 2.95829
15600 2.95954
15700 2.96079
15800 2.96203
15900 2.96327
16000 2.96451
16000 2.96451
16100 2.96574
16200 2.96696
16300 2.96818
16382 2.96918
16384 2.96886
16386 2.96668
16386 2.96668
16400 2.96685
16500 2.96807
16600 2.96929
16700 2.9705
16800 2.97171
16900 2.97291
17000 2.97411
17000 2.97411
17100 2.9753
17200 2.97649
17300 2.97768
17400 2.97886
17406 2.97894
17408 2.97861
17410 2.97658
17500 2.95807
17512 2.95553
17600 2.95664
17700 2.9579
17800 2.95915
17900 2.9604
18000 2.96164
18000 2.96164
18100 2.96288
18200 2.96412
18300 2.96535
18400 2.96658
18430 2.96695
18432 2.96662
18434 2.96445
18434 2.96445
18500 2.96526
18600 2.96648
18700 2.96771
18800 2.96892
18900 2.97014
19000 2.97135
19000 2.97135
19100 2.97255
19200 2.97375
19300 2.97495
19400 2.97614
19454 2.97679
19456 2.97646
19458 2.97443
19500 2.96579
19560 2.95341
19600 2.95391
19639 2.95441
19639 2.95441
19648 2.93493
19648 2.9349
19649 2.93392
19649 2.93392
19700 2.9346
19800 2.93594
19900 2.93728
20000 2.93861
20000 2.93861
20100 2.93993
20200 2.94125
20300 2.94257
20400 2.94388
20478 2.9449
20480 2.94458
20482 2.94242
20482 2.94242
20500 2.94265
20600 2.94396
20700 2.94527
20800 2.94657
20900 2.94786
21000 2.94915
21000 2.94915
21100 2.95044
21200 2.95172
21300 2.953
21400 2.95427
21500 2.95554
21502 2.95557
21504 2.95524
21506 2.95323
21600 2.93415
21608 2.93245
21700 2.93368
21800 2.93502
21900 2.93636
22000 2.93769
22000 2.93769
22100 2.93902
22200 2.94035
22300 2.94166
22400 2.94298
22500 2.94429
22526 2.94463
22528 2.94431
22530 2.94215
22530 2.94215
22600 2.94307
22700 2.94437
22800 2.94568
22900 2.94698
23000 2.94827
23000 2.94827
23100 2.94956
23200 2.95085
23300 2.95213
23400 2.9534
23500 2.95467
23550 2.95531
23552 2.95499
23554 2.95298
23600 2.94362
23656 2.93219
23700 2.93278
23800 2.93413
23900 2.93547
24000 2.9368
24000 2.9368
24100 2.93813
24200 2.93946
24300 2.94078
24400 2.9421
24500 2.94341
24574 2.94439
24576 2.94406
24578 2.9419
24578 2.9419
24600 2.94219
24700 2.9435
24800 2.94481
24900 2.94611
25000 2.94741
25000 2.94741
25100 2.9487
25200 2.94999
25300 2.95127
25400 2.95255
25500 2.95382
25598 2.95507
25600 2.95475
25600 2.95475
25602 2.95274
25700 2.93285
25704 2.93196
25800 2.93325
25900 2.93459
26000 2.93593
26000 2.93593
26100 2.93726
26200 2.93859
26300 2.93992
26400 2.94124
26500 2.94255
26600 2.94387
26622 2.94416
26624 2.94384
26626 2.94168
26626 2.94168
26700 2.94265
26800 2.94396
26900 2.94526
27000 2.94656
27000 2.94656
27100 2.94786
27200 2.94915
27300 2.95044
27400 2.95172
27500 2.95299
27600 2.95427
27646 2.95485
27648 2.95453
27650 2.95252
27700 2.94235
27752 2.93174
27800 2.93238
27900 2.93373
28000 2.93507
28000 2.93507
28100 2.93641
28200 2.93775
28300 2.93907
28400 2.9404
28500 2.94171
28600 2.94303
28670 2.94395
28672 2.94363
28674 2.94147
28674 2.94147
28700 2.94181
28800 2.94312
28900 2.94443
29000 2.94573
29000 2.94573
29100 2.94703
29200 2.94833
29300 2.94962
29400 2.9509
29500 2.95218
29600 2.95345
29694 2.95465
29696 2.95433
29698 2.95232
29700 2.95192
29800 2.93163
29800 2.93154
29900 2.93289
30000 2.93423
30000 2.93423
30100 2.93557
30200 2.93691
30300 2.93824
30400 2.93957
30500 2.94089
30600 2.94221
30700 2.94352
30718 2.94376
30720 2.94344
30722 2.94128
30722 2.94128
30800 2.9423
30900 2.94361
31000 2.94492
31000 2.94492
31100 2.94622
31200 2.94752
31300 2.94881
31400 2.9501
31500 2.95138
31600 2.95266
31700 2.95393
31742 2.95447
31744 2.95415
31746 2.95214
31800 2.94116
31848 2.93136
31900 2.93206
32000 2.93341
32000 2.93341
32100 2.93475
32200 2.93609
32300 2.93742
32400 2.93875
32500 2.94008
32600 2.9414
32700 2.94271
32766 2.94358
32768 2.94326
32770 2.9411
32770 2.9411
32800 2.94149
32900 2.94281
33000 2.94412
33000 2.94412
33100 2.94542
33200 2.94672
33300 2.94802
33400 2.94931
33500 2.95059
33600 2.95187
33700 2.95315
33790 2.9543
33792 2.95398
33794 2.95197
33800 2.95075
33896 2.93119
33900 2.93124
34000 2.93259
34000 2.93259
34100 2.93394
34200 2.93528
34300 2.93662
34400 2.93795
34500 2.93928
34600 2.9406
34700 2.94192
34800 2.94323
34814 2.94342
34816 2.9431
34818 2.94094
34818 2.94094
34900 2.94202
35000 2.94333
35000 2.94333
35100 2.94464
35200 2.94594
35300 2.94724
35400 2.94853
35500 2.94982
35600 2.9511
35700 2.95238
35800 2.95366
35838 2.95415
35840 2.95382
35842 2.95181
35900 2.94002
35944 2.93104
36000 2.93179
36000 2.93179
36100 2.93314
36200 2.93449
36300 2.93583
36400 2.93716
36500 2.93849
36600 2.93982
36700 2.94114
36800 2.94245
36862 2.94327
36864 2.94295
36866 2.94079
36866 2.94079
36900 2.94124
37000 2.94255
37000 2.94255
37100 2.94386
37200 2.94517
37300 2.94647
37400 2.94777
37500 2.94906
37600 2.95034
37700 2.95163
37800 2.9529
37886 2.954
37888 2.95368
37890 2.95167
37900 2.94964
37992 2.9309
38000 2.931
38000 2.931
38100 2.93235
38200 2.9337
38300 2.93504
38400 2.93638
38500 2.93772
38600 2.93904
38700 2.94037
38800 2.94169
38900 2.943
38910 2.94314
38912 2.94281
38914 2.94066
38914 2.94066
39000 2.94179
39000 2.94179
39100 2.9431
39200 2.94441
39300 2.94571
39400 2.94701
39500 2.9483
39600 2.94959
39700 2.95088
39800 2.95216
39900 2.95343
39934 2.95387
39936 2.95355
39938 2.95154
40000 2.93894
40000 2.93894
40040 2.93077
40100 2.93158
40200 2.93293
40300 2.93427
40400 2.93561
40500 2.93695
40600 2.93828
40700 2.93961
40800 2.94093
40900 2.94224
40958 2.94301
40960 2.94269
40962 2.94053
40962 2.94053
41000 2.94103
41000 2.94103
41100 2.94234
41200 2.94366
41300 2.94496
41400 2.94626
41500 2.94756
41600 2.94885
41700 2.95014
41800 2.95142
41900 2.9527
41982 2.95375
41984 2.95343
41986 2.95142
42000 2.94857
42000 2.94857
42088 2.93065
42100 2.93081
42200 2.93216
42300 2.93351
42400 2.93485
42500 2.93619
42600 2.93752
42700 2.93885
42800 2.94018
42900 2.9415
43000 2.94281
43000 2.94281
43006 2.94289
43008 2.94257
43010 2.94041
43010 2.94041
43100 2.9416
43200 2.94291
43300 2.94422
43400 2.94553
43500 2.94683
43600 2.94812
43700 2.94941
43800 2.9507
43900 2.95198
44000 2.95325
44000 2.95325
44030 2.95364
44032 2.95331
44034 2.95131
44100 2.9379
44136 2.93054
44200 2.9314
44300 2.93275
44400 2.9341
44500 2.93544
44600 2.93678
44700 2.93811
44800 2.93943
44900 2.94076
45000 2.94207
45000 2.94207
45054 2.94279
45056 2.94247
45058 2.94031
45058 2.94031
45100 2.94086
45200 2.94218
45300 2.94349
45400 2.9448
45500 2.9461
45600 2.9474
45700 2.94869
45800 2.94998
45900 2.95126
46000 2.95254
46000 2.95254
46078 2.95354
46080 2.95321
46082 2.9512
46100 2.94754
46184 2.93044
46200 2.93065
46300 2.932
46400 2.93335
46500 2.9347
46600 2.93604
46700 2.93737
46800 2.9387
46900 2.94002
47000 2.94134
47000 2.94134
47100 2.94266
47102 2.94269
47104 2.94237
47106 2.94021
47106 2.94021
47200 2.94145
47300 2.94276
47400 2.94407
47500 2.94538
47600 2.94668
47700 2.94797
47800 2.94926
47900 2.95055
48000 2.95183
48000 2.95183
48100 2.95311
48126 2.95344
48128 2.95312
48130 2.95111
48200 2.9369
48232 2.93035
48300 2.93126
48400 2.93261
48500 2.93396
48600 2.9353
48700 2.93664
48800 2.93797
48900 2.9393
49000 2.94062
49000 2.94062
49100 2.94194
49150 2.9426
49152 2.94228
49154 2.94012
49154 2.94012
49200 2.94073
49300 2.94204
49400 2.94336
49500 2.94466
49600 2.94597
49700 2.94726
49800 2.94856
49900 2.94985
50000 2.95113
50000 2.95113
50100 2.95241
50174 2.95336
50176 2.95303
50178 2.95102
50200 2.94655
50280 2.93026
50300 2.93053
50359 2.93133
50359 2.93133
50368 2.91201
50368 2.91198
50369 2.91101
50369 2.91101
50400 2.91145
50500 2.91287
50600 2.91429
50700 2.91571
50800 2.91712
50900 2.91852
51000 2.91992
51000 2.91992
51100 2.92131
51198 2.92268
51200 2.92236
51200 2.92236
51202 2.92022
51202 2.92022
51300 2.92158
51400 2.92297
51500 2.92435
51600 2.92573
51700 2.9271
51800 2.92847
51900 2.92983
52000 2.93118
52000 2.93118
52100 2.93254
52200 2.93388
52222 2.93419
52224 2.93386
52226 2.93187
52300 2.917
52328 2.91132
52400 2.91234
52500 2.91376
52600 2.91518
52700 2.91659
52800 2.918
52900 2.9194
53000 2.92079
53000 2.92079
53100 2.92218
53200 2.92357
53246 2.92421
53248 2.92389
53250 2.92175
53250 2.92175
53300 2.92244
53400 2.92382
53500 2.9252
53600 2.92658
53700 2.92794
53800 2.92931
53900 2.93067
54000 2.93202
54000 2.93202
54100 2.93337
54200 2.93471
54270 2.93566
54272 2.93534
54274 2.93334
54300 2.92811
54376 2.91278
54400 2.91311
54500 2.91453
54600 2.91594
54700 2.91735
54800 2.91875
54900 2.92015
55000 2.92154
55000 2.92154
55100 2.92293
55200 2.92431
55294 2.92562
55296 2.9253
55298 2.92315
55298 2.92315
55300 2.92318
55400 2.92456
55500 2.92593
55600 2.92731
55700 2.92867
55800 2.93003
55900 2.93139
56000 2.93274
56000 2.93274
56100 2.93409
56200 2.93543
56300 2.93677
56318 2.93701
56320 2.93669
56322 2.93469
56400 2.919
56424 2.91411
56500 2.91518
56600 2.91659
56700 2.918
56800 2.9194
56900 2.9208
57000 2.92219
57000 2.92219
57100 2.92357
57200 2.92495
57300 2.92633
57342 2.92691
57344 2.92659
57346 2.92444
57346 2.92444
57400 2.92518
57500 2.92656
57600 2.92793
57700 2.92929
57800 2.93065
57900 2.93201
58000 2.93335
58000 2.93335
58100 2.9347
58200 2.93604
58300 2.93737
58366 2.93826
58368 2.93793
58370 2.93594
58400 2.92989
58472 2.91534
58500 2.91573
58600 2.91714
58700 2.91854
58800 2.91994
58900 2.92134
59000 2.92272
59000 2.92272
59100 2.92411
59200 2.92549
59300 2.92686
59390 2.9281
59392 2.92778
59394 2.92563
59394 2.92563
59400 2.92571
59500 2.92708
59600 2.92845
59700 2.92981
59800 2.93117
59900 2.93252
60000 2.93387
60000 2.93387
60100 2.93521
60200 2.93655
60300 2.93788
60400 2.93921
60414 2.9394
60416 2.93908
60418 2.93708
60500 2.92056
60520 2.91647
60600 2.91759
60700 2.91899
60800 2.92039
60900 2.92178
61000 2.92317
61000 2.92317
61100 2.92455
61200 2.92593
61300 2.9273
61400 2.92866
61438 2.92919
61440 2.92887
61442 2.92672
61442 2.92672
61500 2.92751
61600 2.92888
61700 2.93024
61800 2.93159
61900 2.93294
62000 2.93429
62000 2.93429
62100 2.93563
62200 2.93697
62300 2.9383
62400 2.93962
62462 2.94045
62464 2.94013
62466 2.93813
62500 2.93126
62568 2.91751
62600 2.91795
62700 2.91935
62800 2.92075
62900 2.92214
63000 2.92353
63000 2.92353
63100 2.92491
63200 2.92628
63300 2.92765
63400 2.92902
63486 2.93019
63488 2.92987
63490 2.92772
63490 2.92772
63500 2.92786
63600 2.92922
63700 2.93058
63800 2.93194
63900 2.93328
64000 2.93463
64000 2.93463
64100 2.93597
64200 2.9373
64300 2.93863
64400 2.93996
64500 2.94128
64510 2.94141
64512 2.94109
64514 2.93909
64600 2.92176
64616 2.91846
64700 2.91963
64800 2.92103
64900 2.92242
65000 2.9238
65000 2.9238
65100 2.92518
65200 2.92655
65300 2.92792
65400 2.92929
65500 2.93065
65534 2.93111
65536 2.93079
65538 2.92864
65538 2.92864
65600 2.92949
65700 2.93085
65800 2.9322
65900 2.93355
66000 2.93489
66000 2.93489
66100 2.93623
66200 2.93756
66300 2.93889
66400 2.94021
66500 2.94153
66558 2.9423
66560 2.94198
66562 2.93998
66600 2.9323
66664 2.91934
66700 2.91984
66800 2.92123
66900 2.92262
67000 2.924
67000 2.924
67100 2.92538
67200 2.92676
67300 2.92812
67400 2.92949
67500 2.93085
67582 2.93196
67584 2.93164
67586 2.92949
67586 2.92949
67600 2.92968
67700 2.93104
67800 2.93239
67900 2.93374
68000 2.93508
68000 2.93508
68100 2.93642
68200 2.93775
68300 2.93908
68400 2.9404
68500 2.94172
68600 2.94303
68606 2.94312
68608 2.9428
68610 2.94079
68700 2.92264
68712 2.92015
68800 2.92137
68900 2.92275
69000 2.92414
69000 2.92414
69100 2.92552
69200 2.92689
69300 2.92826
69400 2.92962
69500 2.93098
69600 2.93233
69630 2.93274
69632 2.93242
69634 2.93027
69634 2.93027
69700 2.93116
69800 2.93251
69900 2.93386
70000 2.9352
70000 2.9352
70100 2.93654
70200 2.93787
70300 2.9392
70400 2.94052
70500 2.94184
70600 2.94315
70654 2.94387
70656 2.94354
70658 2.94154
70700 2.93305
70760 2.92089
70800 2.92144
70900 2.92283
71000 2.92421
71000 2.92421
71100 2.92559
71200 2.92696
71300 2.92833
71400 2.92969
71500 2.93105
71600 2.9324
71678 2.93346
71680 2.93313
71682 2.93098
71682 2.93098
71700 2.93123
71800 2.93258
71900 2.93393
72000 2.93527
72000 2.93527
72100 2.9366
72200 2.93794
72300 2.93926
72400 2.94059
72500 2.9419
72600 2.94322
72700 2.94452
72702 2.94456
72704 2.94423
72706 2.94223
72800 2.92326
72808 2.92157
72900 2.92284
73000 2.92422
73000 2.92422
73100 2.9256
73200 2.92697
73300 2.92834
73400 2.9297
73500 2.93106
73600 2.93241
73700 2.93376
73726 2.93411
73728 2.93379
73730 2.93164
73730 2.93164
73800 2.93259
73900 2.93393
74000 2.93527
74000 2.93527
74100 2.93661
74200 2.93794
74300 2.93927
74400 2.94059
74500 2.94191
74600 2.94322
74700 2.94453
74750 2.94519
74752 2.94487
74754 2.94286
74800 2.93356
74856 2.92219
74900 2.9228
75000 2.92418
75000 2.92418
75100 2.92556
75200 2.92693
75300 2.9283
75400 2.92966
75500 2.93102
75600 2.93237
75700 2.93372
75774 2.93472
75776 2.9344
75778 2.93225
75778 2.93225
75800 2.93254
75900 2.93389
76000 2.93523
76000 2.93523
76100 2.93657
76200 2.9379
76300 2.93923
76400 2.94055
76500 2.94187
76600 2.94318
76700 2.94449
76798 2.94577
76800 2.94545
76800 2.94545
76802 2.94345
76900 2.92366
76904 2.92277
77000 2.92409
77000 2.92409
77100 2.92547
77200 2.92684
77300 2.92821
77400 2.92957
77500 2.93093
77600 2.93228
77700 2.93363
77800 2.93497
77822 2.93527
77824 2.93495
77826 2.9328
77826 2.9328
77900 2.9338
78000 2.93514
78000 2.93514
78100 2.93648
78200 2.93781
78300 2.93914
78400 2.94046
78500 2.94178
78600 2.94309
78700 2.9444
78800 2.9457
78846 2.94631
78848 2.94598
78850 2.94398
78900 2.93386
78952 2.9233
79000 2.92395
79000 2.92395
79100 2.92533
79200 2.92671
79300 2.92807
79400 2.92944
79500 2.9308
79600 2.93215
79700 2.9335
79800 2.93484
79870 2.93578
79872 2.93546
79874 2.93331
79874 2.93331
79900 2.93366
80000 2.935
80000 2.935
80100 2.93634
80200 2.93767
80300 2.939
80400 2.94033
80500 2.94164
80600 2.94296
80700 2.94427
80800 2.94557
80894 2.9468
80896 2.94647
80898 2.94447
80900 2.94407
81000 2.92387
81000 2.92387
81000 2.92378
81079 2.92487
81079 2.92487
81088 2.9056
81088 2.90556
81089 2.9046
81089 2.9046
81100 2.90475
81200 2.9062
81300 2.90765
81400 2.90908
81500 2.91052
81600 2.91195
81700 2.91337
81800 2.91479
81900 2.9162
81918 2.91646
81920 2.91614
81922 2.914
81922 2.914
82000 2.9151
82000 2.9151
82100 2.91652
82200 2.91792
82300 2.91932
82400 2.92072
82500 2.92211
82600 2.92349
82700 2.92487
82800 2.92625
82900 2.92762
82942 2.9282
82944 2.92788
82946 2.92589
83000 2.91507
83000 2.91507
83048 2.90541
83100 2.90616
83200 2.9076
83300 2.90904
83400 2.91047
83500 2.9119
83600 2.91332
83700 2.91474
83800 2.91615
83900 2.91756
83966 2.91849
83968 2.91817
83970 2.91604
83970 2.91604
84000 2.91646
84000 2.91646
84100 2.91786
84200 2.91926
84300 2.92066
84400 2.92205
84500 2.92343
84600 2.92482
84700 2.92619
84800 2.92756
84900 2.92893
84990 2.93016
84992 2.92984
84994 2.92785
85000 2.92665
85000 2.92665
85096 2.90734
85100 2.90739
85200 2.90883
85300 2.91027
85400 2.9117
85500 2.91312
85600 2.91454
85700 2.91595
85800 2.91736
85900 2.91876
86000 2.92016
86000 2.92016
86014 2.92036
86016 2.92004
86018 2.9179
86018 2.9179
86100 2.91905
86200 2.92045
86300 2.92184
86400 2.92322
86500 2.9246
86600 2.92598
86700 2.92735
86800 2.92872
86900 2.93008
87000 2.93144
87000 2.93144
87038 2.93196
87040 2.93163
87042 2.92964
87100 2.918
87144 2.90912
87200 2.90992
87300 2.91135
87400 2.91277
87500 2.91419
87600 2.91561
87700 2.91701
87800 2.91842
87900 2.91982
88000 2.92121
88000 2.92121
88062 2.92208
88064 2.92176
88066 2.91962
88066 2.91962
88100 2.92009
88200 2.92148
88300 2.92287
88400 2.92425
88500 2.92563
88600 2.927
88700 2.92837
88800 2.92973
88900 2.93109
89000 2.93244
89000 2.93244
89086 2.93361
89088 2.93329
89090 2.93129
89100 2.92929
89192 2.91075
89200 2.91086
89300 2.91229
89400 2.91371
89500 2.91512
89600 2.91654
89700 2.91794
89800 2.91934
89900 2.92074
90000 2.92213
90000 2.92213
90100 2.92351
90110 2.92366
90112 2.92334
90114 2.9212
90114 2.9212
90200 2.92239
90300 2.92377
90400 2.92515
90500 2.92653
90600 2.9279
90700 2.92926
90800 2.93062
90900 2.93197
91000 2.93332
91000 2.93332
91100 2.93467
91134 2.93513
91136 2.93481
91138 2.93281
91200 2.92034
91240 2.91225
91300 2.9131
91400 2.91452
91500 2.91593
91600 2.91734
91700 2.91874
91800 2.92014
91900 2.92153
92000 2.92292
92000 2.92292
92100 2.9243
92158 2.92511
92160 2.92479
92162 2.92265
92162 2.92265
92200 2.92317
92300 2.92455
92400 2.92593
92500 2.9273
92600 2.92867
92700 2.93003
92800 2.93138
92900 2.93273
93000 2.93408
93000 2.93408
93100 2.93542
93182 2.93652
93184 2.9362
93186 2.93421
93200 2.93139
93288 2.91363
93300 2.9138
93400 2.91521
93500 2.91662
93600 2.91803
93700 2.91943
93800 2.92082
93900 2.92221
94000 2.9236
94000 2.9236
94100 2.92498
94200 2.92635
94206 2.92644
94208 2.92612
94210 2.92398
94210 2.92398
94300 2.92522
94400 2.92659
94500 2.92796
94600 2.92932
94700 2.93068
94800 2.93204
94900 2.93339
95000 2.93473
95000 2.93473
95100 2.93607
95200 2.9374
95230 2.93781
95232 2.93749
95234 2.93549
95300 2.9222
95336 2.9149
95400 2.9158
95500 2.91721
95600 2.91861
95700 2.92001
95800 2.9214
95900 2.92279
96000 2.92417
96000 2.92417
96100 2.92555
96200 2.92692
96254 2.92767
96256 2.92735
96258 2.9252
96258 2.9252
96300 2.92578
96400 2.92715
96500 2.92852
96600 2.92988
96700 2.93124
96800 2.93259
96900 2.93393
97000 2.93528
97000 2.93528
97100 2.93661
97200 2.93795
97278 2.93899
97280 2.93867
97282 2.93667
97300 2.93304
97384 2.91607
97400 2.91629
97500 2.91769
97600 2.91909
97700 2.92049
97800 2.92188
97900 2.92327
98000 2.92465
98000 2.92465
98100 2.92602
98200 2.9274
98300 2.92876
98302 2.92879
98304 2.92847
98306 2.92633
98306 2.92633
98400 2.92761
98500 2.92898
98600 2.93034
98700 2.93169
98800 2.93304
98900 2.93439
99000 2.93573
99000 2.93573
99100 2.93707
99200 2.9384
99300 2.93972
99326 2.94007
99328 2.93975
99330 2.93775
99400 2.92364
99432 2.91714
99500 2.91809
99600 2.91949
99700 2.92088
99800 2.92227
99900 2.92366
100000 2.92503
100000 2.92503
100100 2.92641
100200 2.92778
100300 2.92914
100350 2.92983
100352 2.92951
100354 2.92736
100354 2.92736
100400 2.92799
100500 2.92935
100600 2.93071
100700 2.93207
100800 2.93341
100900 2.93476
101000 2.9361
101000 2.9361
101100 2.93743
101200 2.93876
101300 2.94008
101374 2.94107
101376 2.94074
101378 2.93875
101400 2.9343
101480 2.91812
101500 2.91839
101600 2.91979
101700 2.92119
101800 2.92258
101900 2.92396
102000 2.92534
102000 2.92534
102100 2.92671
102200 2.92808
102300 2.92944
102398 2.93078
102400 2.93046
102400 2.93046
102402 2.92831
102402 2.92831
102500 2.92965
102600 2.931
102700 2.93236
102800 2.9337
102900 2.93505
103000 2.93638
103000 2.93638
103100 2.93772
103200 2.93905
103300 2.94037
103400 2.94169
103422 2.94198
103424 2.94166
103426 2.93966
103500 2.92473
103528 2.91902
103600 2.92003
103700 2.92142
103800 2.92281
103900 2.92419
104000 2.92557
104000 2.92557
104100 2.92694
104200 2.92831
104300 2.92967
104400 2.93103
104446 2.93166
104448 2.93134
104450 2.92919
104450 2.92919
104500 2.92986
104600 2.93122
104700 2.93257
104800 2.93392
104900 2.93526
105000 2.9366
105000 2.9366
105100 2.93793
105200 2.93926
105300 2.94058
105400 2.9419
105470 2.94282
105472 2.9425
105474 2.9405
105500 2.93524
105576 2.91986
105600 2.92019
105700 2.92158
105800 2.92296
105900 2.92435
106000 2.92572
106000 2.92572
106100 2.9271
106200 2.92846
106300 2.92983
106400 2.93118
106494 2.93246
106496 2.93214
106498 2.92999
106498 2.92999
106500 2.93001
106600 2.93137
106700 2.93272
106800 2.93407
106900 2.93541
107000 2.93675
107000 2.93675
107100 2.93808
107200 2.9394
107300 2.94073
107400 2.94204
107500 2.94336
107518 2.9436
107520 2.94327
107522 2.94127
107600 2.92553
107624 2.92062
107700 2.92167
107800 2.92306
107900 2.92444
108000 2.92582
108000 2.92582
108100 2.92719
108200 2.92856
108300 2.92992
108400 2.93127
108500 2.93263
108542 2.9332
108544 2.93288
108546 2.93073
108546 2.93073
108600 2.93146
108700 2.93281
108800 2.93415
108900 2.93549
109000 2.93683
109000 2.93683
109100 2.93816
109200 2.93949
109300 2.94081
109400 2.94213
109500 2.94344
109566 2.94431
109568 2.94399
109570 2.94198
109600 2.93591
109672 2.92132
109700 2.92171
109800 2.92309
109900 2.92447
110000 2.92585
110000 2.92585
110100 2.92722
110200 2.92859
110300 2.92995
110400 2.93131
110500 2.93266
110590 2.93388
110592 2.93356
110594 2.93141
110594 2.93141
110600 2.93148
110700 2.93284
110800 2.93418
110900 2.93552
111000 2.93686
111000 2.93686
111100 2.93819
111200 2.93952
111300 2.94084
111400 2.94215
111500 2.94347
111600 2.94477
111614 2.94496
111616 2.94464
111618 2.94264
111700 2.92607
111720 2.92197
111799 2.92306
111799 2.92306
111800 2.92131
111808 2.9038
111808 2.90377
111809 2.9028
111809 2.9028
111900 2.90412
112000 2.90558
112000 2.90558
112100 2.90702
112200 2.90846
112300 2.9099
112400 2.91133
112500 2.91275
112600 2.91417
112638 2.91472
112640 2.9144
112642 2.91226
112642 2.91226
112700 2.91309
112800 2.9145
112900 2.91592
113000 2.91733
113000 2.91733
113100 2.91873
113200 2.92013
113300 2.92152
113400 2.92291
113500 2.92429
113600 2.92567
113662 2.92652
113664 2.9262
113666 2.92422
113700 2.9174
113768 2.90375
113800 2.90421
113900 2.90566
114000 2.90711
114000 2.90711
114100 2.90855
114200 2.90998
114300 2.91141
114400 2.91284
114500 2.91426
114600 2.91567
114686 2.91689
114688 2.91657
114690 2.91444
114690 2.91444
114700 2.91458
114800 2.91599
114900 2.9174
115000 2.9188
115000 2.9188
115100 2.9202
115200 2.92159
115300 2.92298
115400 2.92436
115500 2.92574
115600 2.92711
115700 2.92847
115710 2.92862
115712 2.9283
115714 2.92631
115800 2.90909
115816 2.90582
115900 2.90703
116000 2.90847
116000 2.90847
116100 2.90991
116200 2.91134
116300 2.91276
116400 2.91418
116500 2.91559
116600 2.917
116700 2.91841
116734 2.91889
116736 2.91857
116738 2.91643
116738 2.91643
116800 2.9173
116900 2.91871
117000 2.9201
117000 2.9201
117100 2.9215
117200 2.92288
117300 2.92427
117400 2.92564
117500 2.92702
117600 2.92838
117700 2.92975
117758 2.93054
117760 2.93022
117762 2.92823
117800 2.9206
117864 2.90772
117900 2.90823
118000 2.90967
118000 2.90967
118100 2.9111
118200 2.91253
118300 2.91395
118400 2.91536
118500 2.91677
118600 2.91818
118700 2.91958
118782 2.92073
118784 2.92041
118786 2.91827
118786 2.91827
118800 2.91846
118900 2.91986
119000 2.92125
119000 2.92125
119100 2.92264
119200 2.92403
119300 2.9254
119400 2.92678
119500 2.92815
119600 2.92951
119700 2.93087
119800 2.93222
119806 2.93231
119808 2.93199
119810 2.92999
119900 2.91195
119912 2.90947
120000 2.91072
120000 2.91072
120100 2.91215
120200 2.91357
120300 2.91499
120400 2.9164
120500 2.9178
120600 2.91921
120700 2.9206
120800 2.92199
120830 2.92242
120832 2.9221
120834 2.91996
120834 2.91996
120900 2.92087
121000 2.92226
121000 2.92226
121100 2.92365
121200 2.92503
121300 2.9264
121400 2.92777
121500 2.92914
121600 2.9305
121700 2.93185
121800 2.9332
121854 2.93393
121856 2.93361
121858 2.93162
121900 2.92317
121960 2.91107
122000 2.91164
122000 2.91164
122100 2.91306
122200 2.91448
122300 2.91589
122400 2.9173
122500 2.9187
122600 2.9201
122700 2.92149
122800 2.92288
122878 2.92397
122880 2.92365
122882 2.92151
122882 2.92151
122900 2.92175
123000 2.92314
123000 2.92314
123100 2.92452
123200 2.9259
123300 2.92727
123400 2.92864
123500 2.93
123600 2.93135
123700 2.9327
123800 2.93405
123900 2.93539
123902 2.93543
123904 2.9351
123906 2.93311
124000 2.91423
124000 2.91423
124008 2.91255
124100 2.91385
124200 2.91526
124300 2.91667
124400 2.91808
124500 2.91948
124600 2.92087
124700 2.92226
124800 2.92365
124900 2.92503
124926 2.92539
124928 2.92507
124930 2.92293
124930 2.92293
125000 2.9239
125000 2.9239
125100 2.92527
125200 2.92665
125300 2.92802
125400 2.92938
125500 2.93074
125600 2.93209
125700 2.93344
125800 2.93479
125900 2.93612
125950 2.9368
125952 2.93648
125954 2.93448
126000 2.92521
126000 2.92521
126056 2.9139
126100 2.91452
126200 2.91593
126300 2.91734
126400 2.91874
126500 2.92014
126600 2.92153
126700 2.92292
126800 2.9243
126900 2.92568
126974 2.9267
126976 2.92638
126978 2.92424
126978 2.92424
127000 2.92454
127000 2.92454
127100 2.92592
127200 2.92729
127300 2.92865
127400 2.93002
127500 2.93137
127600 2.93272
127700 2.93407
127800 2.93541
127900 2.93675
127998 2.93806
128000 2.93774
128000 2.93774
128000 2.93774
128002 2.93574
128100 2.91603
128104 2.91515
128200 2.9165
128300 2.9179
128400 2.9193
128500 2.9207
128600 2.92209
128700 2.92348
128800 2.92486
128900 2.92623
129000 2.9276
129000 2.9276
129022 2.92791
129024 2.92759
129026 2.92544
129026 2.92544
129100 2.92646
129200 2.92783
129300 2.92919
129400 2.93055
129500 2.9319
129600 2.93325
129700 2.9346
129800 2.93594
129900 2.93727
130000 2.9386
130000 2.9386
130046 2.93922
130048 2.9389
130050 2.9369
130100 2.92681
130152 2.91629
130200 2.91696
130300 2.91837
130400 2.91977
130500 2.92116
130600 2.92255
130700 2.92393
130800 2.92531
130900 2.92669
131000 2.92805
131000 2.92805
131070 2.92902
131072 2.9287
131074 2.92655
131074 2.92655
131100 2.9269
131200 2.92827
131300 2.92963
131400 2.93099
131500 2.93234
131600 2.93369
131700 2.93503
131800 2.93637
131900 2.93771
132000 2.93903
132000 2.93903
132094 2.94028
132096 2.93996
132098 2.93796
132100 2.93757
132200 2.91743
132200 2.91735
132300 2.91874
132400 2.92014
132500 2.92153
132600 2.92292
132700 2.9243
132800 2.92568
132900 2.92705
133000 2.92842
133000 2.92842
133100 2.92978
133118 2.93003
133120 2.92971
133122 2.92757
133122 2.92757
133200 2.92863
133300 2.92999
133400 2.93135
133500 2.9327
133600 2.93404
133700 2.93539
133800 2.93672
133900 2.93805
134000 2.93938
134000 2.93938
134100 2.9407
134142 2.94126
134144 2.94094
134146 2.93894
134200 2.92804
134248 2.91831
134300 2.91904
134400 2.92043
134500 2.92182
134600 2.92321
134700 2.92459
134800 2.92597
134900 2.92734
135000 2.92871
135000 2.92871
135100 2.93007
135166 2.93097
135168 2.93065
135170 2.9285
135170 2.9285
135200 2.92891
135300 2.93027
135400 2.93162
135500 2.93297
135600 2.93432
135700 2.93566
135800 2.93699
135900 2.93832
136000 2.93965
136000 2.93965
136100 2.94097
136190 2.94216
136192 2.94184
136194 2.93984
136200 2.93863
136296 2.9192
136300 2.91925
136400 2.92065
136500 2.92204
136600 2.92342
136700 2.9248
136800 2.92618
136900 2.92755
137000 2.92892
137000 2.92892
137100 2.93028
137200 2.93163
137214 2.93183
137216 2.93151
137218 2.92936
137218 2.92936
137300 2.93047
137400 2.93182
137500 2.93317
137600 2.93452
137700 2.93586
137800 2.93719
137900 2.93852
138000 2.93985
138000 2.93985
138100 2.94117
138200 2.94248
138238 2.94299
138240 2.94267
138242 2.94067
138300 2.92895
138344 2.92002
138400 2.92079
138500 2.92218
138600 2.92357
138700 2.92495
138800 2.92632
138900 2.92769
139000 2.92906
139000 2.92906
139100 2.93042
139200 2.93177
139262 2.93262
139264 2.9323
139266 2.93015
139266 2.93015
139300 2.93061
139400 2.93196
139500 2.93331
139600 2.93465
139700 2.93599
139800 2.93733
139900 2.93866
140000 2.93998
140000 2.93998
140100 2.9413
140200 2.94262
140286 2.94375
140288 2.94343
140290 2.94142
140300 2.93941
140392 2.92077
140400 2.92088
140500 2.92227
140600 2.92365
140700 2.92503
140800 2.9264
140900 2.92777
141000 2.92914
141000 2.92914
141100 2.9305
141200 2.93185
141300 2.9332
141310 2.93334
141312 2.93302
141314 2.93087
141314 2.93087
141400 2.93203
141500 2.93338
141600 2.93473
141700 2.93607
141800 2.9374
141900 2.93873
142000 2.94005
142000 2.94005
142100 2.94137
142200 2.94269
142300 2.944
142334 2.94445
142336 2.94412
142338 2.94212
142400 2.92959
142440 2.92146
142500 2.92229
142519 2.92255
142519 2.92255
142528 2.9033
142528 2.90327
142529 2.9023
142529 2.9023
142600 2.90333
142700 2.90479
142800 2.90623
142900 2.90768
143000 2.90912
143000 2.90912
143100 2.91055
143200 2.91198
143300 2.9134
143358 2.91423
143360 2.91391
143362 2.91178
143362 2.91178
143400 2.91232
143500 2.91374
143600 2.91515
143700 2.91656
143800 2.91797
143900 2.91937
144000 2.92077
144000 2.92077
144100 2.92216
144200 2.92354
144300 2.92492
144382 2.92605
144384 2.92574
144386 2.92375
144400 2.92094
144488 2.90329
144500 2.90346
144600 2.90491
144700 2.90636
144800 2.9078
144900 2.90924
145000 2.91067
145000 2.91067
145100 2.9121
145200 2.91352
145300 2.91494
145400 2.91635
145406 2.91644
145408 2.91612
145410 2.91399
145410 2.91399
145500 2.91526
145600 2.91667
145700 2.91808
145800 2.91948
145900 2.92087
146000 2.92226
146000 2.92226
146100 2.92365
146200 2.92503
146300 2.9264
146400 2.92777
146430 2.92819
146432 2.92787
146434 2.92588
146500 2.91265
146536 2.9054
146600 2.90632
146700 2.90776
146800 2.9092
146900 2.91063
147000 2.91206
147000 2.91206
147100 2.91348
147200 2.9149
147300 2.91631
147400 2.91771
147454 2.91848
147456 2.91816
147458 2.91602
147458 2.91602
147500 2.91661
147600 2.91802
147700 2.91942
147800 2.92081
147900 2.9222
148000 2.92359
148000 2.92359
148100 2.92497
148200 2.92634
148300 2.92771
148400 2.92908
148478 2.93014
148480 2.92982
148482 2.92783
148500 2.92422
148584 2.90733
148600 2.90755
148700 2.90899
148800 2.91043
148900 2.91185
149000 2.91328
149000 2.91328
149100 2.9147
149200 2.91611
149300 2.91752
149400 2.91892
149500 2.92031
149502 2.92035
149504 2.92003
149506 2.91789
149506 2.91789
149600 2.9192
149700 2.9206
149800 2.92199
149900 2.92338
150000 2.92476
150000 2.92476
150100 2.92613
150200 2.9275
150300 2.92887
150400 2.93023
150500 2.93159
150526 2.93194
150528 2.93162
150530 2.92963
150600 2.91558
150632 2.90911
150700 2.91008
150800 2.91151
150900 2.91293
151000 2.91435
151000 2.91435
151100 2.91576
151200 2.91717
151300 2.91858
151400 2.91997
151500 2.92137
151550 2.92207
151552 2.92175
151554 2.91961
151554 2.91961
151600 2.92025
151700 2.92164
151800 2.92303
151900 2.92441
152000 2.92579
152000 2.92579
152100 2.92716
152200 2.92852
152300 2.92989
152400 2.93124
152500 2.93259
152574 2.9336
152576 2.93328
152578 2.93128
152600 2.92686
152680 2.91074
152700 2.91102
152800 2.91245
152900 2.91387
153000 2.91528
153000 2.91528
153100 2.91669
153200 2.9181
153300 2.9195
153400 2.92089
153500 2.92228
153598 2.92365
153600 2.92333
153600 2.92333
153602 2.92119
153602 2.92119
153700 2.92254
153800 2.92393
153900 2.92531
154000 2.92668
154000 2.92668
154100 2.92805
154200 2.92941
154300 2.93077
154400 2.93212
154500 2.93347
154600 2.93482
154622 2.93512
154624 2.9348
154626 2.9328
154700 2.91793
154728 2.91224
154800 2.91326
154900 2.91468
155000 2.91609
155000 2.91609
155100 2.9175
155200 2.9189
155300 2.9203
155400 2.92169
155500 2.92308
155600 2.92446
155646 2.9251
155648 2.92478
155650 2.92264
155650 2.92264
155700 2.92333
155800 2.92471
155900 2.92608
156000 2.92745
156000 2.92745
156100 2.92882
156200 2.93018
156300 2.93154
156400 2.93289
156500 2.93423
156600 2.93557
156670 2.93651
156672 2.93619
156674 2.9342
156700 2.92896
156776 2.91362
156800 2.91396
156900 2.91537
157000 2.91678
157000 2.91678
157100 2.91819
157200 2.91959
157300 2.92098
157400 2.92237
157500 2.92376
157600 2.92514
157694 2.92643
157696 2.92611
157698 2.92397
157698 2.92397
157700 2.92399
157800 2.92537
157900 2.92675
158000 2.92811
158000 2.92811
158100 2.92948
158200 2.93084
158300 2.93219
158400 2.93354
158500 2.93488
158600 2.93622
158700 2.93755
158718 2.9378
158720 2.93748
158722 2.93548
158800 2.91978
158824 2.91489
158900 2.91596
159000 2.91737
159000 2.91737
159100 2.91877
159200 2.92017
159300 2.92156
159400 2.92295
159500 2.92433
159600 2.92571
159700 2.92708
159742 2.92766
159744 2.92734
159746 2.92519
159746 2.92519
159800 2.92593
159900 2.92731
160000 2.92867
160000 2.92867
160100 2.93003
160200 2.93139
160300 2.93274
160400 2.93409
160500 2.93543
160600 2.93677
160700 2.9381
160766 2.93898
160768 2.93866
160770 2.93666
160800 2.93061
160872 2.91606
160900 2.91645
161000 2.91785
161000 2.91785
161100 2.91925
161200 2.92065
161300 2.92204
161400 2.92343
161500 2.92481
161600 2.92618
161700 2.92755
161790 2.92879
161792 2.92847
161794 2.92632
161794 2.92632
161800 2.9264
161900 2.92777
162000 2.92913
162000 2.92913
162100 2.93049
162200 2.93185
162300 2.9332
162400 2.93454
162500 2.93588
162600 2.93722
162700 2.93855
162800 2.93987
162814 2.94006
162816 2.93974
162818 2.93774
162900 2.92122
162920 2.91713
163000 2.91825
163000 2.91825
163100 2.91965
163200 2.92104
163300 2.92243
163400 2.92381
163500 2.92519
163600 2.92657
163700 2.92794
163800 2.9293
163838 2.92982
163840 2.9295
163842 2.92736
163842 2.92736
163900 2.92815
164000 2.92951
164000 2.92951
164100 2.93087
164200 2.93222
164300 2.93357
164400 2.93491
164500 2.93625
164600 2.93758
164700 2.93891
164800 2.94024
164862 2.94106
164864 2.94074
164866 2.93874
164900 2.93187
164968 2.91811
165000 2.91856
165000 2.91856
165100 2.91995
165200 2.92135
165300 2.92274
165400 2.92412
165500 2.9255
165600 2.92687
165700 2.92824
165800 2.9296
165886 2.93077
165888 2.93045
165890 2.92831
165890 2.92831
165900 2.92844
166000 2.9298
166000 2.9298
166100 2.93116
166200 2.93251
166300 2.93386
166400 2.9352
166500 2.93654
166600 2.93787
166700 2.9392
166800 2.94052
166900 2.94184
166910 2.94198
166912 2.94165
166914 2.93965
167000 2.92231
167000 2.92231
167016 2.91902
167100 2.92019
167200 2.92158
167300 2.92297
167400 2.92435
167500 2.92573
167600 2.9271
167700 2.92846
167800 2.92983
167900 2.93118
167934 2.93165
167936 2.93133
167938 2.92918
167938 2.92918
168000 2.93002
168000 2.93002
168100 2.93138
168200 2.93273
168300 2.93408
168400 2.93542
168500 2.93675
168600 2.93809
168700 2.93941
168800 2.94073
168900 2.94205
168958 2.94282
168960 2.9425
168962 2.9405
169000 2.93281
169000 2.93281
169064 2.91985
169100 2.92035
169200 2.92174
169300 2.92313
169400 2.92451
169500 2.92588
169600 2.92726
169700 2.92862
169800 2.92998
169900 2.93134
169982 2.93245
169984 2.93213
169986 2.92998
169986 2.92998
170000 2.93017
170000 2.93017
170100 2.93153
170200 2.93288
170300 2.93422
170400 2.93557
170500 2.9369
170600 2.93823
170700 2.93956
170800 2.94088
170900 2.9422
171000 2.94351
171000 2.94351
171006 2.94359
171008 2.94327
171010 2.94127
171100 2.92311
171112 2.92061
171200 2.92183
171300 2.92322
171400 2.9246
171500 2.92598
171600 2.92735
171700 2.92871
171800 2.93008
171900 2.93143
172000 2.93278
172000 2.93278
172030 2.93319
172032 2.93287
172034 2.93072
172034 2.93072
172100 2.93161
172200 2.93296
172300 2.93431
172400 2.93565
172500 2.93699
172600 2.93832
172700 2.93964
172800 2.94096
172900 2.94228
173000 2.94359
173000 2.94359
173054 2.9443
173056 2.94398
173058 2.94198
173100 2.93348
173160 2.92132
173200 2.92187
173239 2.92241
173239 2.92241
173248 2.90316
173248 2.90312
173249 2.90216
173249 2.90216
173300 2.9029
173400 2.90436
173500 2.90581
173600 2.90725
173700 2.90869
173800 2.91013
173900 2.91155
174000 2.91298
174000 2.91298
174078 2.91409
174080 2.91377
174082 2.91164
174082 2.91164
174100 2.91189
174200 2.91332
174300 2.91473
174400 2.91615
174500 2.91755
174600 2.91896
174700 2.92035
174800 2.92175
174900 2.92313
175000 2.92451
175000 2.92451
175100 2.92589
175102 2.92592
175104 2.9256
175106 2.92362
175200 2.90483
175208 2.90316
175300 2.90449
175400 2.90594
175500 2.90739
175600 2.90883
175700 2.91026
175800 2.91169
175900 2.91311
176000 2.91453
176000 2.91453
176100 2.91594
176126 2.91632
176128 2.916
176130 2.91386
176130 2.91386
176200 2.91485
176300 2.91626
176400 2.91767
176500 2.91907
176600 2.92047
176700 2.92186
176800 2.92325
176900 2.92463
177000 2.926
177000 2.926
177100 2.92738
177150 2.92806
177152 2.92774
177154 2.92576
177200 2.91653
177256 2.90528
177300 2.90591
177400 2.90735
177500 2.90879
177600 2.91023
177700 2.91165
177800 2.91308
177900 2.9145
178000 2.91591
178000 2.91591
178100 2.91732
178174 2.91836
178176 2.91804
178178 2.91591
178178 2.91591
178200 2.91621
178300 2.91762
178400 2.91902
178500 2.92042
178600 2.92181
178700 2.9232
178800 2.92458
178900 2.92596
179000 2.92733
179000 2.92733
179100 2.92869
179198 2.93003
179200 2.92971
179200 2.92971
179202 2.92772
179300 2.9081
179304 2.90722
179400 2.9086
179500 2.91003
179600 2.91146
179700 2.91289
179800 2.9143
179900 2.91572
180000 2.91713
180000 2.91713
180100 2.91853
180200 2.91993
180222 2.92024
180224 2.91992
180226 2.91778
180226 2.91778
180300 2.91882
180400 2.92022
180500 2.92161
180600 2.923
180700 2.92438
180800 2.92576
180900 2.92713
181000 2.92849
181000 2.92849
181100 2.92986
181200 2.93121
181246 2.93184
181248 2.93152
181250 2.92953
181300 2.91949
181352 2.90901
181400 2.90969
181500 2.91112
181600 2.91255
181700 2.91397
181800 2.91538
181900 2.91679
182000 2.9182
182000 2.9182
182100 2.9196
182200 2.92099
182270 2.92197
182272 2.92165
182274 2.91951
182274 2.91951
182300 2.91987
182400 2.92126
182500 2.92265
182600 2.92404
182700 2.92541
182800 2.92679
182900 2.92816
183000 2.92952
183000 2.92952
183100 2.93088
183200 2.93223
183294 2.9335
183296 2.93318
183298 2.93119
183300 2.93079
183400 2.91073
183400 2.91065
183500 2.91207
183600 2.91349
183700 2.91491
183800 2.91632
183900 2.91773
184000 2.91913
184000 2.91913
184100 2.92053
184200 2.92192
184300 2.9233
184318 2.92356
184320 2.92324
184322 2.9211
184322 2.9211
184400 2.92218
184500 2.92356
184600 2.92494
184700 2.92632
184800 2.92769
184900 2.92905
185000 2.93041
185000 2.93041
185100 2.93177
185200 2.93312
185300 2.93446
185342 2.93503
185344 2.93471
185346 2.93272
185400 2.92185
185448 2.91216
185500 2.91289
185600 2.91431
185700 2.91573
185800 2.91713
185900 2.91854
186000 2.91994
186000 2.91994
186100 2.92133
186200 2.92272
186300 2.9241
186366 2.92502
186368 2.9247
186370 2.92255
186370 2.92255
186400 2.92297
186500 2.92435
186600 2.92573
186700 2.9271
186800 2.92847
186900 2.92983
187000 2.93119
187000 2.93119
187100 2.93254
187200 2.93388
187300 2.93523
187390 2.93644
187392 2.93611
187394 2.93412
187400 2.93291
187496 2.91355
187500 2.9136
187600 2.91501
187700 2.91642
187800 2.91783
187900 2.91923
188000 2.92063
188000 2.92063
188100 2.92202
188200 2.9234
188300 2.92478
188400 2.92616
188414 2.92636
188416 2.92604
188418 2.92389
188418 2.92389
188500 2.92502
188600 2.9264
188700 2.92777
188800 2.92913
188900 2.93049
189000 2.93185
189000 2.93185
189100 2.9332
189200 2.93454
189300 2.93588
189400 2.93721
189438 2.93773
189440 2.9374
189442 2.93541
189500 2.92372
189544 2.91482
189600 2.91561
189700 2.91701
189800 2.91842
189900 2.91982
190000 2.92121
190000 2.92121
190100 2.9226
190200 2.92398
190300 2.92536
190400 2.92674
190462 2.92759
190464 2.92727
190466 2.92513
190466 2.92513
190500 2.92559
190600 2.92696
190700 2.92833
190800 2.92969
190900 2.93105
191000 2.9324
191000 2.9324
191100 2.93375
191200 2.93509
191300 2.93643
191400 2.93776
191486 2.93891
191488 2.93859
191490 2.93659
191500 2.93458
191592 2.91599
191600 2.9161
191700 2.91751
191800 2.91891
191900 2.92031
192000 2.9217
192000 2.9217
192100 2.92308
192200 2.92447
192300 2.92584
192400 2.92721
192500 2.92858
192510 2.92872
192512 2.9284
192514 2.92626
192514 2.92626
192600 2.92743
192700 2.9288
192800 2.93016
192900 2.93152
193000 2.93287
193000 2.93287
193100 2.93421
193200 2.93555
193300 2.93689
193400 2.93822
193500 2.93955
193534 2.94
193536 2.93968
193538 2.93768
193600 2.92518
193640 2.91707
193700 2.91791
193800 2.91931
193900 2.9207
194000 2.92209
194000 2.92209
194100 2.92348
194200 2.92486
194300 2.92623
194400 2.9276
194500 2.92897
194558 2.92976
194560 2.92944
194562 2.9273
194562 2.9273
194600 2.92781
194700 2.92918
194800 2.93054
194900 2.93189
195000 2.93324
195000 2.93324
195100 2.93459
195200 2.93593
195300 2.93726
195400 2.93859
195500 2.93992
195582 2.941
195584 2.94068
195586 2.93868
195600 2.93586
195688 2.91806
195700 2.91822
195800 2.91962
195900 2.92101
196000 2.9224
196000 2.9224
196100 2.92379
196200 2.92517
196300 2.92654
196400 2.92791
196500 2.92927
196600 2.93063
196606 2.93072
196608 2.9304
196610 2.92825
196610 2.92825
196700 2.92948
196800 2.93084
196900 2.93219
197000 2.93354
197000 2.93354
197100 2.93488
197200 2.93622
197300 2.93755
197400 2.93888
197500 2.94021
197600 2.94152
197630 2.94192
197632 2.9416
197634 2.9396
197700 2.92628
197736 2.91897
197800 2.91986
197900 2.92125
198000 2.92264
198000 2.92264
198100 2.92402
198200 2.9254
198300 2.92677
198400 2.92814
198500 2.92951
198600 2.93086
198654 2.9316
198656 2.93128
198658 2.92913
198658 2.92913
198700 2.9297
198800 2.93106
198900 2.93241
199000 2.93376
199000 2.93376
199100 2.9351
199200 2.93644
199300 2.93777
199400 2.9391
199500 2.94042
199600 2.94174
199678 2.94277
199680 2.94245
199682 2.94045
199700 2.93681
199784 2.9198
199800 2.92002
199900 2.92141
200000 2.9228
200000 2.9228
200100 2.92418
200200 2.92556
200300 2.92694
200400 2.9283
200500 2.92967
200600 2.93102
200700 2.93238
200702 2.93241
200704 2.93209
200706 2.92994
200706 2.92994
200800 2.93121
200900 2.93256
201000 2.93391
201000 2.93391
201100 2.93525
201200 2.93659
201300 2.93792
201400 2.93925
201500 2.94057
201600 2.94189
201700 2.9432
201726 2.94355
201728 2.94323
201730 2.94122
201800 2.92709
201832 2.92057
201900 2.92151
202000 2.9229
202000 2.9229
202100 2.92428
202200 2.92566
202300 2.92703
202400 2.9284
202500 2.92976
202600 2.93112
202700 2.93247
202750 2.93315
202752 2.93283
202754 2.93068
202754 2.93068
202800 2.9313
202900 2.93265
203000 2.934
203000 2.934
203100 2.93534
203200 2.93668
203300 2.93801
203400 2.93934
203500 2.94066
203600 2.94198
203700 2.94329
203774 2.94426
203776 2.94394
203778 2.94194
203800 2.93749
203880 2.92128
203900 2.92155
203959 2.92237
203959 2.92237
203968 2.90312
203968 2.90309
203969 2.90212
203969 2.90212
