0 3
0 3
2 3
100 3
200 3
300 3
400 3
500 3
600 3
700 3
800 3
900 3
1000 3
1000 3
1024 3
1026 3
1100 3
1200 3
1300 3
1400 3
1500 3
1600 3
1700 3
1800 3
1900 3
2000 3
2000 3
2048 3
2050 3
2100 3
2200 3
2300 3
2400 3
2500 3
2502 3
2505 3
2505 3
2506 3
2506 3
2509 3
2509 3
2510 3
2600 3
2700 3
2800 3
2900 3
3000 3
3000 3
3072 3
3074 2.98301
3100 2.93866
3176 2.81406
3200 2.81756
3300 2.8321
3400 2.84621
3500 2.85988
3600 2.87315
3700 2.88602
3800 2.8985
3900 2.9106
4000 2.92234
4000 2.92234
4094 2.93309
4096 2.93042
4098 2.91258
4098 2.91258
4100 2.91279
4200 2.92446
4300 2.93578
4400 2.94676
4500 2.95741
4600 2.96774
4700 2.97775
4800 2.98747
4900 2.99689
5000 3.00602
5000 3.00602
5100 3.01488
5118 3.01649
5120 3.01369
5122 2.99661
5200 2.8656
5224 2.82645
5300 2.83728
5400 2.85123
5500 2.86476
5600 2.87788
5700 2.8906
5800 2.90294
5900 2.91491
6000 2.92652
6000 2.92652
6100 2.93777
6142 2.94245
6144 2.93976
6146 2.92185
6146 2.92185
6200 2.92803
6300 2.93924
6400 2.95012
6500 2.96066
6600 2.97089
6700 2.98081
6800 2.99043
6900 2.99976
7000 3.00881
7000 3.00881
7100 3.01759
7166 3.02327
7168 3.02047
7170 3.00335
7200 2.9517
7272 2.83258
7300 2.83651
7400 2.85048
7500 2.86403
7600 2.87717
7700 2.88992
7800 2.90228
7900 2.91427
8000 2.9259
8000 2.9259
8100 2.93717
8190 2.94707
8192 2.94438
8194 2.92644
8194 2.92644
8200 2.92711
8300 2.93835
8400 2.94925
8500 2.95982
8600 2.97007
8700 2.98002
8800 2.98966
8900 2.99902
9000 3.00809
9000 3.00809
9100 3.01689
9200 3.02542
9214 3.02663
9216 3.02382
9218 3.00668
9300 2.86846
9320 2.83561
9400 2.84679
9500 2.86045
9600 2.8737
9700 2.88655
9800 2.89901
9900 2.9111
10000 2.92282
10000 2.92282
10100 2.93419
10200 2.94522
10238 2.94936
10240 2.94667
10242 2.92871
10242 2.92871
10300 2.93523
10400 2.94622
10500 2.95688
10600 2.96723
10700 2.97726
10800 2.98699
10900 2.99642
11000 3.00557
11000 3.00557
11100 3.01445
11200 3.02305
11262 3.02829
11264 3.02548
11266 3.00833
11300 2.94974
11368 2.83712
11400 2.84157
11500 2.85539
11600 2.86879
11700 2.88179
11800 2.89439
11900 2.90662
12000 2.91848
12000 2.91848
12100 2.92998
12200 2.94113
12286 2.9505
12288 2.9478
12290 2.92984
12290 2.92984
12300 2.93095
12400 2.94207
12500 2.95286
12600 2.96332
12700 2.97347
12800 2.98332
12900 2.99286
13000 3.00212
13000 3.00212
13100 3.0111
13200 3.01981
13300 3.02825
13310 3.02912
13312 3.02631
13314 3.00915
13400 2.86426
13416 2.83786
13500 2.84953
13600 2.86311
13700 2.87628
13800 2.88905
13900 2.90144
14000 2.91345
14000 2.91345
14100 2.9251
14200 2.9364
14300 2.94736
14334 2.95106
14336 2.94836
14338 2.9304
14338 2.9304
14400 2.93732
14500 2.94825
14600 2.95886
14700 2.96914
14800 2.97911
14900 2.98878
15000 2.99816
15000 2.99816
15100 3.00726
15200 3.01609
15300 3.02464
15358 3.02952
15360 3.02671
15362 3.00955
15400 2.94414
15464 2.83823
15500 2.84323
15600 2.857
15700 2.87035
15800 2.8833
15900 2.89586
16000 2.90804
16000 2.90804
16100 2.91986
16200 2.93132
16300 2.94243
16382 2.95134
16384 2.94864
16386 2.93067
16386 2.93067
16400 2.93223
16500 2.94331
16600 2.95406
16700 2.96449
16800 2.97461
16900 2.98441
17000 2.99393
17000 2.99393
17100 3.00315
17200 3.0121
17300 3.02078
17400 3.02919
17406 3.02972
17408 3.02691
17410 3.00975
17500 2.85835
17512 2.83841
17600 2.85062
17700 2.86416
17800 2.8773
17900 2.89004
18000 2.9024
18000 2.9024
18100 2.91438
18200 2.92601
18300 2.93728
18400 2.94821
18430 2.95147
18432 2.94878
18434 2.93081
18434 2.93081
18500 2.93817
18600 2.94907
18700 2.95965
18800 2.96991
18900 2.97986
19000 2.98951
19000 2.98951
19100 2.99887
19200 3.00795
19300 3.01675
19400 3.02529
19454 3.02982
19456 3.02701
19458 3.00985
19500 2.93767
19560 2.8385
19600 2.84405
19639 2.84949
19639 2.84949
19648 2.69719
19648 2.69695
19649 2.68955
19649 2.68955
19700 2.69897
19800 2.71708
19900 2.73466
20000 2.7517
20000 2.7517
20100 2.76822
20200 2.78425
20300 2.7998
20400 2.81488
20478 2.82638
20480 2.82387
20482 2.80675
20482 2.80675
20500 2.80943
20600 2.82422
20700 2.83856
20800 2.85247
20900 2.86596
21000 2.87905
21000 2.87905
21100 2.89173
21200 2.90404
21300 2.91598
21400 2.92755
21500 2.93878
21502 2.93905
21504 2.93637
21506 2.91978
21600 2.76936
21608 2.75651
21700 2.77153
21800 2.78746
21900 2.80291
22000 2.81789
22000 2.81789
22100 2.83243
22200 2.84652
22300 2.86019
22400 2.87345
22500 2.88631
22526 2.88964
22528 2.88703
22530 2.86948
22530 2.86948
22600 2.87858
22700 2.89129
22800 2.90361
22900 2.91555
23000 2.92714
23000 2.92714
23100 2.93838
23200 2.94928
23300 2.95985
23400 2.97011
23500 2.98005
23550 2.98495
23552 2.9822
23554 2.96532
23600 2.88825
23656 2.79797
23700 2.80462
23800 2.81955
23900 2.83403
24000 2.84808
24000 2.84808
24100 2.8617
24200 2.87491
24300 2.88773
24400 2.90015
24500 2.91221
24574 2.92094
24576 2.91829
24578 2.90053
24578 2.90053
24600 2.90318
24700 2.91514
24800 2.92674
24900 2.938
25000 2.94891
25000 2.94891
25100 2.95949
25200 2.96975
25300 2.97971
25400 2.98936
25500 2.99873
25598 3.00767
25600 3.00489
25600 3.00489
25602 2.98786
25700 2.82547
25704 2.81848
25800 2.83237
25900 2.84646
26000 2.86013
26000 2.86013
26100 2.87339
26200 2.88625
26300 2.89872
26400 2.91082
26500 2.92255
26600 2.93393
26622 2.93643
26624 2.93376
26626 2.91589
26626 2.91589
26700 2.92447
26800 2.93579
26900 2.94677
27000 2.95741
27000 2.95741
27100 2.96774
27200 2.97775
27300 2.98747
27400 2.99689
27500 3.00603
27600 3.01489
27646 3.01891
27648 3.01611
27650 2.99902
27700 2.91387
27752 2.82864
27800 2.83545
27900 2.84946
28000 2.86304
28000 2.86304
28100 2.87621
28200 2.88898
28300 2.90137
28400 2.91339
28500 2.92504
28600 2.93634
28670 2.9441
28672 2.94141
28674 2.92349
28674 2.92349
28700 2.92645
28800 2.93771
28900 2.94863
29000 2.95922
29000 2.95922
29100 2.9695
29200 2.97946
29300 2.98912
29400 2.99849
29500 3.00758
29600 3.01639
29694 3.02447
29696 3.02167
29698 3.00454
29700 3.00111
29800 2.83433
29800 2.83366
29900 2.84766
30000 2.8613
30000 2.8613
30100 2.87452
30200 2.88735
30300 2.89979
30400 2.91185
30500 2.92355
30600 2.9349
30700 2.9459
30718 2.94789
30720 2.9452
30722 2.92725
30722 2.92725
30800 2.93602
30900 2.947
31000 2.95764
31000 2.95764
31100 2.96796
31200 2.97797
31300 2.98767
31400 2.99709
31500 3.00622
31600 3.01507
31700 3.02366
31742 3.02722
31744 3.02442
31746 3.00727
31800 2.91508
31848 2.83615
31900 2.84342
32000 2.85718
32000 2.85718
32100 2.87053
32200 2.88347
32300 2.89603
32400 2.9082
32500 2.92001
32600 2.93147
32700 2.94258
32766 2.94977
32768 2.94707
32770 2.92912
32770 2.92912
32800 2.93248
32900 2.94356
33000 2.95431
33000 2.95431
33100 2.96473
33200 2.97483
33300 2.98463
33400 2.99414
33500 3.00336
33600 3.0123
33700 3.02097
33790 3.02859
33792 3.02578
33794 3.00862
33800 2.99821
33896 2.83738
33900 2.83789
34000 2.85182
34000 2.85182
34100 2.86533
34200 2.87843
34300 2.89114
34400 2.90346
34500 2.91541
34600 2.92701
34700 2.93825
34800 2.94915
34814 2.9507
34816 2.948
34818 2.93004
34818 2.93004
34900 2.93918
35000 2.95006
35000 2.95006
35100 2.96061
35200 2.97084
35300 2.98076
35400 2.99038
35500 2.99972
35600 3.00877
35700 3.01755
35800 3.02606
35838 3.02926
35840 3.02645
35842 3.00929
35900 2.91034
35944 2.83799
36000 2.84578
36000 2.84578
36100 2.85947
36200 2.87275
36300 2.88563
36400 2.89812
36500 2.91024
36600 2.92198
36700 2.93338
36800 2.94443
36862 2.95116
36864 2.94846
36866 2.93049
36866 2.93049
36900 2.9343
37000 2.94532
37000 2.94532
37100 2.95601
37200 2.96638
37300 2.97644
37400 2.98619
37500 2.99565
37600 3.00482
37700 3.01372
37800 3.02235
37886 3.0296
37888 3.02678
37890 3.00962
37900 2.99224
37992 2.83829
38000 2.83936
38000 2.83936
38100 2.85325
38200 2.86671
38300 2.87977
38400 2.89244
38500 2.90473
38600 2.91664
38700 2.9282
38800 2.9394
38900 2.95027
38910 2.95139
38912 2.94869
38914 2.93072
38914 2.93072
39000 2.94029
39000 2.94029
39100 2.95113
39200 2.96165
39300 2.97185
39400 2.98174
39500 2.99133
39600 3.00064
39700 3.00966
39800 3.01841
39900 3.0269
39934 3.02976
39936 3.02695
39938 3.00979
40000 2.90417
40000 2.90417
40040 2.83844
40100 2.84678
40200 2.86044
40300 2.87369
40400 2.88654
40500 2.89901
40600 2.91109
40700 2.92282
40800 2.93418
40900 2.94521
40958 2.9515
40960 2.9488
40962 2.93083
40962 2.93083
41000 2.93508
41000 2.93508
41100 2.94608
41200 2.95675
41300 2.96709
41400 2.97713
41500 2.98686
41600 2.9963
41700 3.00545
41800 3.01433
41900 3.02294
41982 3.02984
41984 3.02703
41986 3.00987
42000 2.98554
42000 2.98554
42088 2.83851
42100 2.84015
42200 2.85401
42300 2.86745
42400 2.88049
42500 2.89314
42600 2.9054
42700 2.91729
42800 2.92883
42900 2.94002
43000 2.95087
43000 2.95087
43006 2.95155
43008 2.94886
43010 2.93089
43010 2.93089
43100 2.94089
43200 2.95172
43300 2.96222
43400 2.9724
43500 2.98227
43600 2.99185
43700 3.00114
43800 3.01015
43900 3.01888
44000 3.02736
44000 3.02736
44030 3.02988
44032 3.02707
44034 3.00991
44100 2.89767
44136 2.83855
44200 2.84744
44300 2.86108
44400 2.87432
44500 2.88715
44600 2.89959
44700 2.91166
44800 2.92337
44900 2.93472
45000 2.94573
45000 2.94573
45054 2.95158
45056 2.94888
45058 2.93091
45058 2.93091
45100 2.93561
45200 2.94659
45300 2.95724
45400 2.96757
45500 2.97759
45600 2.98731
45700 2.99674
45800 3.00588
45900 3.01474
46000 3.02334
46000 3.02334
46078 3.0299
46080 3.02709
46082 3.00993
46100 2.97869
46184 2.83857
46200 2.84076
46300 2.85461
46400 2.86803
46500 2.88105
46600 2.89368
46700 2.90593
46800 2.91781
46900 2.92933
47000 2.9405
47000 2.9405
47100 2.95134
47102 2.9516
47104 2.9489
47106 2.93093
47106 2.93093
47200 2.94137
47300 2.95218
47400 2.96267
47500 2.97283
47600 2.9827
47700 2.99226
47800 3.00154
47900 3.01053
48000 3.01926
48000 3.01926
48100 3.02772
48126 3.02991
48128 3.0271
48130 3.00994
48200 2.89111
48232 2.83858
48300 2.84802
48400 2.86165
48500 2.87486
48600 2.88768
48700 2.90011
48800 2.91216
48900 2.92385
49000 2.93519
49000 2.93519
49100 2.94618
49150 2.9516
49152 2.9489
49154 2.93093
49154 2.93093
49200 2.93607
49300 2.94704
49400 2.95768
49500 2.968
49600 2.97801
49700 2.98771
49800 2.99712
49900 3.00625
50000 3.01511
50000 3.01511
50100 3.0237
50174 3.02992
50176 3.02711
50178 3.00994
50200 2.97182
50280 2.83858
50300 2.84134
50359 2.84957
50359 2.84957
50368 2.69727
50368 2.69703
50369 2.68963
50369 2.68963
50400 2.69535
50500 2.71358
50600 2.73126
50700 2.7484
50800 2.76503
50900 2.78115
51000 2.79679
51000 2.79679
51100 2.81196
51198 2.82644
51200 2.82393
51200 2.82393
51202 2.80681
51202 2.80681
51300 2.82136
51400 2.83578
51500 2.84978
51600 2.86335
51700 2.87651
51800 2.88928
51900 2.90166
52000 2.91366
52000 2.91366
52100 2.92531
52200 2.9366
52222 2.93909
52224 2.93641
52226 2.91982
52300 2.80034
52328 2.75655
52400 2.76832
52500 2.78435
52600 2.79989
52700 2.81497
52800 2.82959
52900 2.84377
53000 2.85752
53000 2.85752
53100 2.87086
53200 2.8838
53246 2.88967
53248 2.88706
53250 2.86951
53250 2.86951
53300 2.87602
53400 2.8888
53500 2.9012
53600 2.91322
53700 2.92488
53800 2.93619
53900 2.94715
54000 2.95779
54000 2.95779
54100 2.9681
54200 2.97811
54270 2.98497
54272 2.98222
54274 2.96534
54300 2.92141
54376 2.79799
54400 2.8016
54500 2.81662
54600 2.83119
54700 2.84532
54800 2.85903
54900 2.87232
55000 2.88521
55000 2.88521
55100 2.89772
55200 2.90984
55294 2.92095
55296 2.9183
55298 2.90054
55298 2.90054
55300 2.90076
55400 2.91279
55500 2.92447
55600 2.93579
55700 2.94676
55800 2.95741
55900 2.96774
56000 2.97775
56000 2.97775
56100 2.98747
56200 2.99689
56300 3.00602
56318 3.00768
56320 3.0049
56322 2.98787
56400 2.85746
56424 2.81849
56500 2.8295
56600 2.84369
56700 2.85744
56800 2.87078
56900 2.88372
57000 2.89627
57000 2.89627
57100 2.90844
57200 2.92024
57300 2.93169
57342 2.93644
57344 2.93376
57346 2.9159
57346 2.9159
57400 2.92217
57500 2.93356
57600 2.9446
57700 2.95532
57800 2.96571
57900 2.97578
58000 2.98556
58000 2.98556
58100 2.99503
58200 3.00423
58300 3.01314
58366 3.01891
58368 3.01612
58370 2.99902
58400 2.9475
58472 2.82864
58500 2.8326
58600 2.84669
58700 2.86036
58800 2.87361
58900 2.88646
59000 2.89893
59000 2.89893
59100 2.91102
59200 2.92274
59300 2.93412
59390 2.9441
59392 2.94141
59394 2.92349
59394 2.92349
59400 2.92416
59500 2.93549
59600 2.94648
59700 2.95714
59800 2.96747
59900 2.97749
60000 2.98721
60000 2.98721
60100 2.99664
60200 3.00579
60300 3.01465
60400 3.02326
60414 3.02447
60416 3.02167
60418 3.00454
60500 2.86648
60520 2.83367
60600 2.84489
60700 2.85861
60800 2.87191
60900 2.88481
61000 2.89733
61000 2.89733
61100 2.90947
61200 2.92124
61300 2.93266
61400 2.94373
61438 2.94789
61440 2.9452
61442 2.92726
61442 2.92726
61500 2.93379
61600 2.94483
61700 2.95554
61800 2.96592
61900 2.97599
62000 2.98576
62000 2.98576
62100 2.99523
62200 3.00441
62300 3.01332
62400 3.02197
62462 3.02723
62464 3.02442
62466 3.00727
62500 2.94872
62568 2.83615
62600 2.84061
62700 2.85446
62800 2.86789
62900 2.88092
63000 2.89355
63000 2.89355
63100 2.9058
63200 2.91768
63300 2.92921
63400 2.94038
63486 2.94977
63488 2.94707
63490 2.92912
63490 2.92912
63500 2.93023
63600 2.94137
63700 2.95218
63800 2.96267
63900 2.97284
64000 2.9827
64000 2.9827
64100 2.99226
64200 3.00154
64300 3.01053
64400 3.01926
64500 3.02772
64510 3.02859
64512 3.02578
64514 3.00862
64600 2.86377
64616 2.83738
64700 2.84907
64800 2.86266
64900 2.87584
65000 2.88863
65000 2.88863
65100 2.90103
65200 2.91305
65300 2.92472
65400 2.93603
65500 2.947
65534 2.9507
65536 2.948
65538 2.93004
65538 2.93004
65600 2.93697
65700 2.94791
65800 2.95853
65900 2.96882
66000 2.9788
66000 2.9788
66100 2.98848
66200 2.99787
66300 3.00698
66400 3.01581
66500 3.02438
66558 3.02926
66560 3.02645
66562 3.00929
66600 2.94389
66664 2.83799
66700 2.84299
66800 2.85677
66900 2.87013
67000 2.88309
67000 2.88309
67100 2.89565
67200 2.90784
67300 2.91966
67400 2.93113
67500 2.94225
67582 2.95116
67584 2.94846
67586 2.93049
67586 2.93049
67600 2.93205
67700 2.94314
67800 2.9539
67900 2.96433
68000 2.97445
68000 2.97445
68100 2.98426
68200 2.99378
68300 3.00301
68400 3.01196
68500 3.02064
68600 3.02906
68606 3.0296
68608 3.02678
68610 3.00962
68700 2.85823
68712 2.83829
68800 2.8505
68900 2.86405
69000 2.87719
69000 2.87719
69100 2.88994
69200 2.9023
69300 2.91429
69400 2.92591
69500 2.93719
69600 2.94813
69630 2.95139
69632 2.94869
69634 2.93072
69634 2.93072
69700 2.93808
69800 2.94899
69900 2.95957
70000 2.96983
70000 2.96983
70100 2.97979
70200 2.98944
70300 2.9988
70400 3.00788
70500 3.01668
70600 3.02522
70654 3.02976
70656 3.02695
70658 3.00979
70700 2.93761
70760 2.83844
70800 2.844
70900 2.85774
71000 2.87107
71000 2.87107
71100 2.884
71200 2.89654
71300 2.9087
71400 2.9205
71500 2.93194
71600 2.94303
71678 2.9515
71680 2.9488
71682 2.93083
71682 2.93083
71700 2.93284
71800 2.9439
71900 2.95464
72000 2.96505
72000 2.96505
72100 2.97514
72200 2.98494
72300 2.99443
72400 3.00364
72500 3.01258
72600 3.02124
72700 3.02964
72702 3.02984
72704 3.02703
72706 3.00987
72800 2.85201
72808 2.83851
72900 2.85127
73000 2.8648
73000 2.8648
73100 2.87791
73200 2.89064
73300 2.90298
73400 2.91494
73500 2.92655
73600 2.93781
73700 2.94873
73726 2.95155
73728 2.94886
73730 2.93089
73730 2.93089
73800 2.93869
73900 2.94958
74000 2.96014
74000 2.96014
74100 2.97039
74200 2.98032
74300 2.98996
74400 2.9993
74500 3.00837
74600 3.01716
74700 3.02568
74750 3.02988
74752 3.02707
74754 3.00991
74800 2.93099
74856 2.83855
74900 2.84466
75000 2.85839
75000 2.85839
75100 2.8717
75200 2.88461
75300 2.89713
75400 2.90928
75500 2.92105
75600 2.93248
75700 2.94356
75774 2.95158
75776 2.94888
75778 2.93091
75778 2.93091
75800 2.93337
75900 2.94442
76000 2.95514
76000 2.95514
76100 2.96553
76200 2.97561
76300 2.98539
76400 2.99488
76500 3.00407
76600 3.01299
76700 3.02164
76798 3.0299
76800 3.02709
76800 3.02709
76802 3.00993
76900 2.84564
76904 2.83857
77000 2.85187
77000 2.85187
77100 2.86538
77200 2.87848
77300 2.89119
77400 2.90351
77500 2.91546
77600 2.92705
77700 2.93829
77800 2.9492
77822 2.9516
77824 2.9489
77826 2.93093
77826 2.93093
77900 2.93917
78000 2.95005
78000 2.95005
78100 2.9606
78200 2.97083
78300 2.98075
78400 2.99037
78500 2.9997
78600 3.00876
78700 3.01753
78800 3.02605
78846 3.02991
78848 3.0271
78850 3.00994
78900 2.9243
78952 2.83858
79000 2.84525
79000 2.84525
79100 2.85896
79200 2.87225
79300 2.88514
79400 2.89765
79500 2.90978
79600 2.92154
79700 2.93295
79800 2.94401
79870 2.9516
79872 2.9489
79874 2.93093
79874 2.93093
79900 2.93384
80000 2.94487
80000 2.94487
80100 2.95558
80200 2.96596
80300 2.97603
80400 2.98579
80500 2.99527
80600 3.00445
80700 3.01336
80800 3.022
80894 3.02992
80896 3.02711
80898 3.00994
80900 3.00651
81000 2.83925
81000 2.83925
81000 2.83858
81079 2.84957
81079 2.84957
81088 2.69727
81088 2.69703
81089 2.68963
81089 2.68963
81100 2.69164
81200 2.70998
81300 2.72776
81400 2.74501
81500 2.76174
81600 2.77797
81700 2.7937
81800 2.80897
81900 2.82377
81918 2.82644
81920 2.82393
81922 2.80681
81922 2.80681
82000 2.81842
82000 2.81842
82100 2.83293
82200 2.84701
82300 2.86067
82400 2.87391
82500 2.88675
82600 2.89921
82700 2.91129
82800 2.92301
82900 2.93437
82942 2.93909
82944 2.93641
82946 2.91982
83000 2.83186
83000 2.83186
83048 2.75655
83100 2.76506
83200 2.78118
83300 2.79682
83400 2.81199
83500 2.8267
83600 2.84097
83700 2.85481
83800 2.86822
83900 2.88124
83966 2.88967
83968 2.88706
83970 2.86951
83970 2.86951
84000 2.87342
84000 2.87342
84100 2.88628
84200 2.89875
84300 2.91084
84400 2.92257
84500 2.93395
84600 2.94499
84700 2.95569
84800 2.96607
84900 2.97613
84990 2.98497
84992 2.98222
84994 2.96534
85000 2.95516
85000 2.95516
85096 2.79799
85100 2.79854
85200 2.81365
85300 2.82831
85400 2.84253
85500 2.85632
85600 2.86969
85700 2.88267
85800 2.89525
85900 2.90745
86000 2.91928
86000 2.91928
86014 2.92095
86016 2.9183
86018 2.90054
86018 2.90054
86100 2.91042
86200 2.92216
86300 2.93355
86400 2.9446
86500 2.95531
86600 2.9657
86700 2.97578
86800 2.98555
86900 2.99503
87000 3.00422
87000 3.00422
87038 3.00768
87040 3.0049
87042 2.98787
87100 2.89003
87144 2.81849
87200 2.82662
87300 2.84089
87400 2.85472
87500 2.86815
87600 2.88116
87700 2.89379
87800 2.90603
87900 2.91791
88000 2.92943
88000 2.92943
88062 2.93644
88064 2.93376
88066 2.9159
88066 2.9159
88100 2.91985
88200 2.93131
88300 2.94242
88400 2.9532
88500 2.96365
88600 2.97379
88700 2.98362
88800 2.99316
88900 3.00241
89000 3.01138
89000 3.01138
89086 3.01891
89088 3.01612
89090 2.99902
89100 2.98174
89192 2.82864
89200 2.82974
89300 2.84391
89400 2.85766
89500 2.87099
89600 2.88392
89700 2.89647
89800 2.90863
89900 2.92043
90000 2.93187
90000 2.93187
90100 2.94297
90110 2.9441
90112 2.94141
90114 2.92349
90114 2.92349
90200 2.93325
90300 2.94431
90400 2.95503
90500 2.96543
90600 2.97551
90700 2.98529
90800 2.99478
90900 3.00398
91000 3.0129
91000 3.0129
91100 3.02156
91134 3.02447
91136 3.02167
91138 3.00454
91200 2.89922
91240 2.83367
91300 2.84209
91400 2.8559
91500 2.86928
91600 2.88227
91700 2.89486
91800 2.90707
91900 2.91891
92000 2.9304
92000 2.9304
92100 2.94154
92158 2.94789
92160 2.9452
92162 2.92726
92162 2.92726
92200 2.93154
92300 2.94265
92400 2.95342
92500 2.96387
92600 2.974
92700 2.98383
92800 2.99336
92900 3.0026
93000 3.01156
93000 3.01156
93100 3.02026
93182 3.02723
93184 3.02442
93186 3.00727
93200 2.98298
93288 2.83615
93300 2.83779
93400 2.85172
93500 2.86524
93600 2.87834
93700 2.89105
93800 2.90338
93900 2.91533
94000 2.92693
94000 2.92693
94100 2.93818
94200 2.94908
94206 2.94977
94208 2.94707
94210 2.92912
94210 2.92912
94300 2.93917
94400 2.95005
94500 2.9606
94600 2.97083
94700 2.98075
94800 2.99037
94900 2.99971
95000 3.00876
95000 3.00876
95100 3.01754
95200 3.02605
95230 3.02859
95232 3.02578
95234 3.00862
95300 2.89646
95336 2.83738
95400 2.8463
95500 2.85997
95600 2.87324
95700 2.8861
95800 2.89858
95900 2.91068
96000 2.92241
96000 2.92241
96100 2.93379
96200 2.94483
96254 2.9507
96256 2.948
96258 2.93004
96258 2.93004
96300 2.93474
96400 2.94575
96500 2.95643
96600 2.96679
96700 2.97683
96800 2.98657
96900 2.99602
97000 3.00518
97000 3.00518
97100 3.01407
97200 3.02269
97278 3.02926
97280 3.02645
97282 3.00929
97300 2.97806
97384 2.83799
97400 2.84019
97500 2.85405
97600 2.86749
97700 2.88053
97800 2.89317
97900 2.90544
98000 2.91733
98000 2.91733
98100 2.92886
98200 2.94005
98300 2.9509
98302 2.95116
98304 2.94846
98306 2.93049
98306 2.93049
98400 2.94095
98500 2.95177
98600 2.96227
98700 2.97245
98800 2.98232
98900 2.9919
99000 3.00119
99000 3.00119
99100 3.01019
99200 3.01893
99300 3.0274
99326 3.0296
99328 3.02678
99330 3.00962
99400 2.89081
99432 2.83829
99500 2.84774
99600 2.86138
99700 2.8746
99800 2.88742
99900 2.89986
100000 2.91192
100000 2.91192
100100 2.92362
100200 2.93496
100300 2.94597
100350 2.95139
100352 2.94869
100354 2.93072
100354 2.93072
100400 2.93586
100500 2.94684
100600 2.95748
100700 2.96781
100800 2.97782
100900 2.98753
101000 2.99695
101000 2.99695
101100 3.00608
101200 3.01494
101300 3.02354
101374 3.02976
101376 3.02695
101378 3.00979
101400 2.97166
101480 2.83844
101500 2.8412
101600 2.85503
101700 2.86844
101800 2.88145
101900 2.89407
102000 2.9063
102000 2.9063
102100 2.91817
102200 2.92968
102300 2.94084
102398 2.9515
102400 2.9488
102400 2.9488
102402 2.93083
102402 2.93083
102500 2.94172
102600 2.95252
102700 2.96299
102800 2.97315
102900 2.983
103000 2.99256
103000 2.99256
103100 3.00182
103200 3.01081
103300 3.01953
103400 3.02798
103422 3.02984
103424 3.02703
103426 3.00987
103500 2.88448
103528 2.83851
103600 2.84851
103700 2.86212
103800 2.87532
103900 2.88812
104000 2.90054
104000 2.90054
104100 2.91258
104200 2.92426
104300 2.93558
104400 2.94657
104446 2.95155
104448 2.94886
104450 2.93089
104450 2.93089
104500 2.93647
104600 2.94743
104700 2.95805
104800 2.96836
104900 2.97836
105000 2.98805
105000 2.98805
105100 2.99746
105200 3.00658
105300 3.01542
105400 3.024
105470 3.02988
105472 3.02707
105474 3.00991
105500 2.96492
105576 2.83855
105600 2.84187
105700 2.85568
105800 2.86907
105900 2.88206
106000 2.89466
106000 2.89466
106100 2.90688
106200 2.91873
106300 2.93022
106400 2.94137
106494 2.95158
106496 2.94888
106498 2.93091
106498 2.93091
106500 2.93112
106600 2.94224
106700 2.95302
106800 2.96348
106900 2.97362
107000 2.98346
107000 2.98346
107100 2.993
107200 3.00226
107300 3.01123
107400 3.01993
107500 3.02838
107518 3.0299
107520 3.02709
107522 3.00993
107600 2.87799
107624 2.83857
107700 2.84912
107800 2.86271
107900 2.87589
108000 2.88868
108000 2.88868
108100 2.90108
108200 2.9131
108300 2.92476
108400 2.93607
108500 2.94704
108542 2.9516
108544 2.9489
108546 2.93093
108546 2.93093
108600 2.93695
108700 2.9479
108800 2.95851
108900 2.9688
109000 2.97879
109000 2.97879
109100 2.98847
109200 2.99786
109300 3.00697
109400 3.0158
109500 3.02437
109566 3.02991
109568 3.0271
109570 3.00994
109600 2.95811
109672 2.83858
109700 2.84246
109800 2.85625
109900 2.86962
110000 2.8826
110000 2.8826
110100 2.89518
110200 2.90738
110300 2.91922
110400 2.93069
110500 2.94183
110590 2.9516
110592 2.9489
110594 2.93093
110594 2.93093
110600 2.93159
110700 2.94269
110800 2.95346
110900 2.96391
111000 2.97404
111000 2.97404
111100 2.98387
111200 2.99339
111300 3.00264
111400 3.0116
111500 3.02029
111600 3.02872
111614 3.02992
111616 3.02711
111618 3.00994
111700 2.87149
111720 2.83858
111799 2.84957
111799 2.84957
111800 2.83542
111808 2.69727
111808 2.69703
111809 2.68963
111809 2.68963
111900 2.70635
112000 2.72425
112000 2.72425
112100 2.7416
112200 2.75844
112300 2.77476
112400 2.79059
112500 2.80595
112600 2.82084
112638 2.82644
112640 2.82393
112642 2.80681
112642 2.80681
112700 2.81546
112800 2.83007
112900 2.84423
113000 2.85797
113000 2.85797
113100 2.87129
113200 2.88422
113300 2.89675
113400 2.90891
113500 2.92069
113600 2.93213
113662 2.93909
113664 2.93641
113666 2.91982
113700 2.86395
113768 2.75655
113800 2.76177
113900 2.778
114000 2.79373
114000 2.79373
114100 2.80899
114200 2.8238
114300 2.83815
114400 2.85207
114500 2.86557
114600 2.87867
114686 2.88967
114688 2.88706
114690 2.86951
114690 2.86951
114700 2.8708
114800 2.88374
114900 2.89629
115000 2.90846
115000 2.90846
115100 2.92026
115200 2.9317
115300 2.94281
115400 2.95357
115500 2.96401
115600 2.97414
115700 2.98396
115710 2.98497
115712 2.98222
115714 2.96534
115800 2.82378
115816 2.79799
115900 2.81067
116000 2.82542
116000 2.82542
116100 2.83972
116200 2.8536
116300 2.86705
116400 2.8801
116500 2.89276
116600 2.90504
116700 2.91694
116734 2.92095
116736 2.9183
116738 2.90054
116738 2.90054
116800 2.90802
116900 2.91984
117000 2.9313
117000 2.9313
117100 2.94241
117200 2.95319
117300 2.96365
117400 2.97378
117500 2.98362
117600 2.99315
117700 3.0024
117758 3.00768
117760 3.0049
117762 2.98787
117800 2.92321
117864 2.81849
117900 2.82371
118000 2.83807
118000 2.83807
118100 2.85199
118200 2.8655
118300 2.87859
118400 2.8913
118500 2.90361
118600 2.91556
118700 2.92715
118782 2.93644
118784 2.93376
118786 2.9159
118786 2.9159
118800 2.91751
118900 2.92904
119000 2.94023
119000 2.94023
119100 2.95107
119200 2.96159
119300 2.97179
119400 2.98168
119500 2.99128
119600 3.00058
119700 3.00961
119800 3.01836
119806 3.01891
119808 3.01612
119810 2.99902
119900 2.84847
119912 2.82864
120000 2.84111
120000 2.84111
120100 2.85494
120200 2.86836
120300 2.88137
120400 2.89399
120500 2.90623
120600 2.9181
120700 2.92961
120800 2.94077
120830 2.9441
120832 2.94141
120834 2.92349
120834 2.92349
120900 2.931
121000 2.94212
121000 2.94212
121100 2.95291
121200 2.96337
121300 2.97352
121400 2.98336
121500 2.99291
121600 3.00216
121700 3.01114
121800 3.01985
121854 3.02447
121856 3.02167
121858 3.00454
121900 2.93256
121960 2.83367
122000 2.83928
122000 2.83928
122100 2.85317
122200 2.86664
122300 2.8797
122400 2.89237
122500 2.90466
122600 2.91657
122700 2.92813
122800 2.93934
122878 2.94789
122880 2.9452
122882 2.92726
122882 2.92726
122900 2.92928
123000 2.94046
123000 2.94046
123100 2.95129
123200 2.9618
123300 2.972
123400 2.98189
123500 2.99147
123600 3.00077
123700 3.00979
123800 3.01854
123900 3.02702
123902 3.02723
123904 3.02442
123906 3.00727
124000 2.84963
124000 2.84963
124008 2.83615
124100 2.84897
124200 2.86257
124300 2.87575
124400 2.88854
124500 2.90094
124600 2.91297
124700 2.92464
124800 2.93595
124900 2.94693
124926 2.94977
124928 2.94707
124930 2.92912
124930 2.92912
125000 2.93696
125000 2.93696
125100 2.9479
125200 2.95851
125300 2.96881
125400 2.97879
125500 2.98847
125600 2.99786
125700 3.00697
125800 3.0158
125900 3.02437
125950 3.02859
125952 3.02578
125954 3.00862
126000 2.92976
126000 2.92976
126056 2.83738
126100 2.84351
126200 2.85727
126300 2.87062
126400 2.88356
126500 2.89611
126600 2.90829
126700 2.92009
126800 2.93155
126900 2.94265
126974 2.9507
126976 2.948
126978 2.93004
126978 2.93004
127000 2.9325
127000 2.9325
127100 2.94358
127200 2.95432
127300 2.96474
127400 2.97484
127500 2.98465
127600 2.99415
127700 3.00337
127800 3.01231
127900 3.02098
127998 3.02926
128000 3.02645
128000 3.02645
128000 3.02645
128002 3.00929
128100 2.84506
128104 2.83799
128200 2.85131
128300 2.86483
128400 2.87795
128500 2.89067
128600 2.90301
128700 2.91498
128800 2.92658
128900 2.93784
129000 2.94876
129000 2.94876
129022 2.95116
129024 2.94846
129026 2.93049
129026 2.93049
129100 2.93875
129200 2.94964
129300 2.9602
129400 2.97044
129500 2.98037
129600 2.99001
129700 2.99935
129800 3.00841
129900 3.0172
130000 3.02573
130000 3.02573
130046 3.0296
130048 3.02678
130050 3.00962
130100 2.924
130152 2.83829
130200 2.84497
130300 2.85868
130400 2.87199
130500 2.88489
130600 2.8974
130700 2.90954
130800 2.92131
130900 2.93272
131000 2.94379
131000 2.94379
131070 2.95139
131072 2.94869
131074 2.93072
131074 2.93072
131100 2.93362
131200 2.94467
131300 2.95538
131400 2.96577
131500 2.97584
131600 2.98561
131700 2.99509
131800 3.00428
131900 3.01319
132000 3.02184
132000 3.02184
132094 3.02976
132096 3.02695
132098 3.00979
132100 3.00635
132200 2.83911
132200 2.83844
132300 2.8523
132400 2.86579
132500 2.87888
132600 2.89157
132700 2.90388
132800 2.91582
132900 2.92741
133000 2.93864
133000 2.93864
133100 2.94953
133118 2.9515
133120 2.9488
133122 2.93083
133122 2.93083
133200 2.93952
133300 2.95038
133400 2.96092
133500 2.97114
133600 2.98106
133700 2.99067
133800 2.99999
133900 3.00904
134000 3.01781
134000 3.01781
134100 3.02631
134142 3.02984
134144 3.02703
134146 3.00987
134200 2.91755
134248 2.83851
134300 2.84574
134400 2.85944
134500 2.87272
134600 2.8856
134700 2.89809
134800 2.9102
134900 2.92195
135000 2.93335
135000 2.93335
135100 2.9444
135166 2.95155
135168 2.94886
135170 2.93089
135170 2.93089
135200 2.93424
135300 2.94526
135400 2.95596
135500 2.96633
135600 2.97638
135700 2.98614
135800 2.9956
135900 3.00477
136000 3.01367
136000 3.01367
136100 3.0223
136190 3.02988
136192 3.02707
136194 3.00991
136200 2.99948
136296 2.83855
136300 2.83906
136400 2.85295
136500 2.86643
136600 2.8795
136700 2.89217
136800 2.90446
136900 2.91639
137000 2.92795
137000 2.92795
137100 2.93916
137200 2.95004
137214 2.95158
137216 2.94888
137218 2.93091
137218 2.93091
137300 2.94004
137400 2.95089
137500 2.96141
137600 2.97162
137700 2.98152
137800 2.99112
137900 3.00043
138000 3.00946
138000 3.00946
138100 3.01821
138200 3.02671
138238 3.0299
138240 3.02709
138242 3.00993
138300 2.91094
138344 2.83857
138400 2.84635
138500 2.86003
138600 2.87329
138700 2.88615
138800 2.89863
138900 2.91072
139000 2.92246
139000 2.92246
139100 2.93384
139200 2.94488
139262 2.9516
139264 2.9489
139266 2.93093
139266 2.93093
139300 2.93473
139400 2.94574
139500 2.95641
139600 2.96677
139700 2.97682
139800 2.98656
139900 2.99601
140000 3.00517
140000 3.00517
140100 3.01406
140200 3.02267
140286 3.02991
140288 3.0271
140290 3.00994
140300 2.99255
140392 2.83858
140400 2.83965
140500 2.85352
140600 2.86698
140700 2.88003
140800 2.89269
140900 2.90497
141000 2.91688
141000 2.91688
141100 2.92843
141200 2.93963
141300 2.95049
141310 2.9516
141312 2.9489
141314 2.93093
141314 2.93093
141400 2.9405
141500 2.95134
141600 2.96185
141700 2.97204
141800 2.98192
141900 2.99151
142000 3.00081
142000 3.00081
142100 3.00983
142200 3.01858
142300 3.02706
142334 3.02992
142336 3.02711
142338 3.00994
142400 2.90432
142440 2.83858
142500 2.84692
142519 2.84957
142519 2.84957
142528 2.69727
142528 2.69703
142529 2.68963
142529 2.68963
142600 2.70271
142700 2.72071
142800 2.73818
142900 2.75511
143000 2.77154
143000 2.77154
143100 2.78747
143200 2.80292
143300 2.8179
143358 2.82644
143360 2.82393
143362 2.80681
143362 2.80681
143400 2.81249
143500 2.82718
143600 2.84143
143700 2.85526
143800 2.86866
143900 2.88166
144000 2.89427
144000 2.89427
144100 2.9065
144200 2.91837
144300 2.92987
144382 2.93909
144384 2.93641
144386 2.91982
144400 2.89664
144488 2.75655
144500 2.75847
144600 2.77479
144700 2.79063
144800 2.80598
144900 2.82087
145000 2.83531
145000 2.83531
145100 2.84932
145200 2.86291
145300 2.87608
145400 2.88886
145406 2.88967
145408 2.88706
145410 2.86951
145410 2.86951
145500 2.88118
145600 2.89381
145700 2.90605
145800 2.91793
145900 2.92944
146000 2.94061
146000 2.94061
146100 2.95145
146200 2.96195
146300 2.97214
146400 2.98202
146430 2.98497
146432 2.98222
146434 2.96534
146500 2.85573
146536 2.79799
146600 2.80766
146700 2.8225
146800 2.8369
146900 2.85086
147000 2.86439
147000 2.86439
147100 2.87752
147200 2.89026
147300 2.90261
147400 2.91459
147454 2.92095
147456 2.9183
147458 2.90054
147458 2.90054
147500 2.90562
147600 2.91751
147700 2.92904
147800 2.94022
147900 2.95106
148000 2.96158
148000 2.96158
148100 2.97178
148200 2.98167
148300 2.99127
148400 3.00058
148478 3.00768
148480 3.0049
148482 2.98787
148500 2.957
148584 2.81849
148600 2.82078
148700 2.83523
148800 2.84924
148900 2.86283
149000 2.87601
149000 2.87601
149100 2.88879
149200 2.90118
149300 2.9132
149400 2.92486
149500 2.93617
149502 2.93644
149504 2.93376
149506 2.9159
149506 2.9159
149600 2.92677
149700 2.93802
149800 2.94893
149900 2.95951
150000 2.96977
150000 2.96977
150100 2.97973
150200 2.98938
150300 2.99874
150400 3.00782
150500 3.01663
150526 3.01891
150528 3.01612
150530 2.99902
150600 2.88087
150632 2.82864
150700 2.83829
150800 2.85221
150900 2.86571
151000 2.8788
151000 2.8788
151100 2.8915
151200 2.90381
151300 2.91575
151400 2.92733
151500 2.93857
151550 2.9441
151552 2.94141
151554 2.92349
151554 2.92349
151600 2.92874
151700 2.93993
151800 2.95078
151900 2.96131
152000 2.97152
152000 2.97152
152100 2.98142
152200 2.99102
152300 3.00033
152400 3.00937
152500 3.01813
152574 3.02447
152576 3.02167
152578 3.00454
152600 2.96652
152680 2.83367
152700 2.83645
152800 2.85042
152900 2.86398
153000 2.87712
153000 2.87712
153100 2.88987
153200 2.90223
153300 2.91422
153400 2.92585
153500 2.93713
153598 2.94789
153600 2.9452
153600 2.9452
153602 2.92726
153602 2.92726
153700 2.93825
153800 2.94915
153900 2.95973
154000 2.96998
154000 2.96998
154100 2.97993
154200 2.98958
154300 2.99894
154400 3.00801
154500 3.01681
154600 3.02535
154622 3.02723
154624 3.02442
154626 3.00727
154700 2.88205
154728 2.83615
154800 2.8462
154900 2.85988
155000 2.87315
155000 2.87315
155100 2.88602
155200 2.89849
155300 2.9106
155400 2.92233
155500 2.93372
155600 2.94476
155646 2.94977
155648 2.94707
155650 2.92912
155650 2.92912
155700 2.93473
155800 2.94574
155900 2.95642
156000 2.96677
156000 2.96677
156100 2.97682
156200 2.98656
156300 2.99601
156400 3.00517
156500 3.01406
156600 3.02268
156670 3.02859
156672 3.02578
156674 3.00862
156700 2.96367
156776 2.83738
156800 2.84071
156900 2.85455
157000 2.86798
157000 2.86798
157100 2.881
157200 2.89363
157300 2.90588
157400 2.91776
157500 2.92928
157600 2.94046
157694 2.9507
157696 2.948
157698 2.93004
157698 2.93004
157700 2.93024
157800 2.94139
157900 2.9522
158000 2.96268
158000 2.96268
158100 2.97285
158200 2.98271
158300 2.99227
158400 3.00155
158500 3.01055
158600 3.01927
158700 3.02773
158718 3.02926
158720 3.02645
158722 3.00929
158800 2.8774
158824 2.83799
158900 2.84855
159000 2.86216
159000 2.86216
159100 2.87536
159200 2.88816
159300 2.90057
159400 2.91261
159500 2.92429
159600 2.93562
159700 2.9466
159742 2.95116
159744 2.94846
159746 2.93049
159746 2.93049
159800 2.93653
159900 2.94748
160000 2.95811
160000 2.95811
160100 2.96842
160200 2.97841
160300 2.9881
160400 2.99751
160500 3.00662
160600 3.01547
160700 3.02404
160766 3.0296
160768 3.02678
160770 3.00962
160800 2.95781
160872 2.83829
160900 2.84217
161000 2.85597
161000 2.85597
161100 2.86936
161200 2.88234
161300 2.89493
161400 2.90714
161500 2.91898
161600 2.93047
161700 2.9416
161790 2.95139
161792 2.94869
161794 2.93072
161794 2.93072
161800 2.93137
161900 2.94249
162000 2.95326
162000 2.95326
162100 2.96371
162200 2.97385
162300 2.98368
162400 2.99322
162500 3.00246
162600 3.01143
162700 3.02013
162800 3.02857
162814 3.02976
162816 3.02695
162818 3.00979
162900 2.87134
162920 2.83844
163000 2.84955
163000 2.84955
163100 2.86312
163200 2.87629
163300 2.88907
163400 2.90145
163500 2.91347
163600 2.92512
163700 2.93642
163800 2.94738
163838 2.9515
163840 2.9488
163842 2.93083
163842 2.93083
163900 2.9373
164000 2.94824
164000 2.94824
164100 2.95884
164200 2.96912
164300 2.9791
164400 2.98877
164500 2.99815
164600 3.00725
164700 3.01607
164800 3.02463
164862 3.02984
164864 3.02703
164866 3.00987
164900 2.95123
164968 2.83851
165000 2.84295
165000 2.84295
165100 2.85673
165200 2.87009
165300 2.88305
165400 2.89562
165500 2.90781
165600 2.91963
165700 2.9311
165800 2.94222
165886 2.95155
165888 2.94886
165890 2.93089
165890 2.93089
165900 2.93199
166000 2.94308
166000 2.94308
166100 2.95384
166200 2.96428
166300 2.9744
166400 2.98421
166500 2.99373
166600 3.00296
166700 3.01192
166800 3.0206
166900 3.02902
166910 3.02988
166912 3.02707
166914 3.00991
167000 2.86496
167000 2.86496
167016 2.83855
167100 2.85021
167200 2.86376
167300 2.87691
167400 2.88967
167500 2.90204
167600 2.91403
167700 2.92567
167800 2.93695
167900 2.94789
167934 2.95158
167936 2.94888
167938 2.93091
167938 2.93091
168000 2.93783
168000 2.93783
168100 2.94875
168200 2.95933
168300 2.9696
168400 2.97956
168500 2.98922
168600 2.99859
168700 3.00767
168800 3.01648
168900 3.02503
168958 3.0299
168960 3.02709
168962 3.00993
169000 2.9445
169000 2.9445
169064 2.83857
169100 2.84357
169200 2.85732
169300 2.87067
169400 2.88361
169500 2.89616
169600 2.90833
169700 2.92014
169800 2.93159
169900 2.9427
169982 2.9516
169984 2.9489
169986 2.93093
169986 2.93093
170000 2.93248
170000 2.93248
170100 2.94356
170200 2.9543
170300 2.96472
170400 2.97483
170500 2.98463
170600 2.99414
170700 3.00336
170800 3.0123
170900 3.02097
171000 3.02938
171000 3.02938
171006 3.02991
171008 3.0271
171010 3.00994
171100 2.85852
171112 2.83858
171200 2.85078
171300 2.86432
171400 2.87746
171500 2.89019
171600 2.90255
171700 2.91453
171800 2.92615
171900 2.93741
172000 2.94834
172000 2.94834
172030 2.9516
172032 2.9489
172034 2.93093
172034 2.93093
172100 2.93829
172200 2.94919
172300 2.95977
172400 2.97002
172500 2.97997
172600 2.98962
172700 2.99897
172800 3.00805
172900 3.01685
173000 3.02538
173000 3.02538
173054 3.02992
173056 3.02711
173058 3.00994
173100 2.93776
173160 2.83858
173200 2.84414
173239 2.84957
173239 2.84957
173248 2.69727
173248 2.69703
173249 2.68963
173249 2.68963
173300 2.69904
173400 2.71716
173500 2.73473
173600 2.75177
173700 2.76829
173800 2.78432
173900 2.79986
174000 2.81494
174000 2.81494
174078 2.82644
174080 2.82393
174082 2.80681
174082 2.80681
174100 2.80949
174200 2.82428
174300 2.83862
174400 2.85253
174500 2.86601
174600 2.8791
174700 2.89178
174800 2.90409
174900 2.91602
175000 2.9276
175000 2.9276
175100 2.93882
175102 2.93909
175104 2.93641
175106 2.91982
175200 2.7694
175208 2.75655
175300 2.77157
175400 2.7875
175500 2.80295
175600 2.81793
175700 2.83246
175800 2.84655
175900 2.86022
176000 2.87348
176000 2.87348
176100 2.88634
176126 2.88967
176128 2.88706
176130 2.86951
176130 2.86951
176200 2.87861
176300 2.89131
176400 2.90363
176500 2.91558
176600 2.92717
176700 2.93841
176800 2.94931
176900 2.95988
177000 2.97013
177000 2.97013
177100 2.98007
177150 2.98497
177152 2.98222
177154 2.96534
177200 2.88827
177256 2.79799
177300 2.80464
177400 2.81957
177500 2.83405
177600 2.8481
177700 2.86172
177800 2.87493
177900 2.88774
178000 2.90017
178000 2.90017
178100 2.91222
178174 2.92095
178176 2.9183
178178 2.90054
178178 2.90054
178200 2.9032
178300 2.91516
178400 2.92676
178500 2.93801
178600 2.94892
178700 2.9595
178800 2.96977
178900 2.97972
179000 2.98937
179000 2.98937
179100 2.99874
179198 3.00768
179200 3.0049
179200 3.0049
179202 2.98787
179300 2.82548
179304 2.81849
179400 2.83238
179500 2.84647
179600 2.86014
179700 2.8734
179800 2.88626
179900 2.89873
180000 2.91083
180000 2.91083
180100 2.92256
180200 2.93394
180222 2.93644
180224 2.93376
180226 2.9159
180226 2.9159
180300 2.92447
180400 2.93579
180500 2.94677
180600 2.95742
180700 2.96775
180800 2.97776
180900 2.98747
181000 2.99689
181000 2.99689
181100 3.00603
181200 3.01489
181246 3.01891
181248 3.01612
181250 2.99902
181300 2.91388
181352 2.82864
181400 2.83546
181500 2.84946
181600 2.86304
181700 2.87621
181800 2.88899
181900 2.90138
182000 2.91339
182000 2.91339
182100 2.92505
182200 2.93635
182270 2.9441
182272 2.94141
182274 2.92349
182274 2.92349
182300 2.92646
182400 2.93772
182500 2.94864
182600 2.95923
182700 2.9695
182800 2.97946
182900 2.98912
183000 2.99849
183000 2.99849
183100 3.00758
183200 3.0164
183294 3.02447
183296 3.02167
183298 3.00454
183300 3.00112
183400 2.83433
183400 2.83367
183500 2.84766
183600 2.8613
183700 2.87452
183800 2.88735
183900 2.89979
184000 2.91185
184000 2.91185
184100 2.92355
184200 2.9349
184300 2.9459
184318 2.94789
184320 2.9452
184322 2.92726
184322 2.92726
184400 2.93603
184500 2.947
184600 2.95764
184700 2.96796
184800 2.97797
184900 2.98767
185000 2.99709
185000 2.99709
185100 3.00622
185200 3.01507
185300 3.02366
185342 3.02723
185344 3.02442
185346 3.00727
185400 2.91508
185448 2.83615
185500 2.84342
185600 2.85718
185700 2.87053
185800 2.88347
185900 2.89603
186000 2.90821
186000 2.90821
186100 2.92002
186200 2.93147
186300 2.94258
186366 2.94977
186368 2.94707
186370 2.92912
186370 2.92912
186400 2.93248
186500 2.94356
186600 2.95431
186700 2.96473
186800 2.97483
186900 2.98463
187000 2.99414
187000 2.99414
187100 3.00336
187200 3.0123
187300 3.02097
187390 3.02859
187392 3.02578
187394 3.00862
187400 2.99821
187496 2.83738
187500 2.83789
187600 2.85182
187700 2.86533
187800 2.87843
187900 2.89114
188000 2.90346
188000 2.90346
188100 2.91541
188200 2.92701
188300 2.93825
188400 2.94915
188414 2.9507
188416 2.948
188418 2.93004
188418 2.93004
188500 2.93919
188600 2.95006
188700 2.96061
188800 2.97084
188900 2.98076
189000 2.99038
189000 2.99038
189100 2.99972
189200 3.00877
189300 3.01755
189400 3.02606
189438 3.02926
189440 3.02645
189442 3.00929
189500 2.91034
189544 2.83799
189600 2.84578
189700 2.85947
189800 2.87275
189900 2.88563
190000 2.89812
190000 2.89812
190100 2.91024
190200 2.92199
190300 2.93338
190400 2.94443
190462 2.95116
190464 2.94846
190466 2.93049
190466 2.93049
190500 2.9343
190600 2.94532
190700 2.95601
190800 2.96638
190900 2.97644
191000 2.98619
191000 2.98619
191100 2.99565
191200 3.00482
191300 3.01372
191400 3.02235
191486 3.0296
191488 3.02678
191490 3.00962
191500 2.99224
191592 2.83829
191600 2.83936
191700 2.85325
191800 2.86671
191900 2.87977
192000 2.89244
192000 2.89244
192100 2.90473
192200 2.91664
192300 2.9282
192400 2.9394
192500 2.95027
192510 2.95139
192512 2.94869
192514 2.93072
192514 2.93072
192600 2.94029
192700 2.95113
192800 2.96165
192900 2.97185
193000 2.98174
193000 2.98174
193100 2.99133
193200 3.00064
193300 3.00966
193400 3.01841
193500 3.0269
193534 3.02976
193536 3.02695
193538 3.00979
193600 2.90417
193640 2.83844
193700 2.84678
193800 2.86044
193900 2.87369
194000 2.88654
194000 2.88654
194100 2.89901
194200 2.91109
194300 2.92282
194400 2.93419
194500 2.94521
194558 2.9515
194560 2.9488
194562 2.93083
194562 2.93083
194600 2.93508
194700 2.94608
194800 2.95675
194900 2.96709
195000 2.97713
195000 2.97713
195100 2.98686
195200 2.9963
195300 3.00545
195400 3.01433
195500 3.02294
195582 3.02984
195584 3.02703
195586 3.00987
195600 2.98554
195688 2.83851
195700 2.84015
195800 2.85401
195900 2.86745
196000 2.88049
196000 2.88049
196100 2.89314
196200 2.9054
196300 2.91729
196400 2.92883
196500 2.94002
196600 2.95087
196606 2.95155
196608 2.94886
196610 2.93089
196610 2.93089
196700 2.94089
196800 2.95172
196900 2.96222
197000 2.9724
197000 2.9724
197100 2.98227
197200 2.99185
197300 3.00114
197400 3.01015
197500 3.01888
197600 3.02736
197630 3.02988
197632 3.02707
197634 3.00991
197700 2.89767
197736 2.83855
197800 2.84744
197900 2.86108
198000 2.87432
198000 2.87432
198100 2.88715
198200 2.89959
198300 2.91166
198400 2.92337
198500 2.93472
198600 2.94573
198654 2.95158
198656 2.94888
198658 2.93091
198658 2.93091
198700 2.93561
198800 2.94659
198900 2.95724
199000 2.96757
199000 2.96757
199100 2.97759
199200 2.98731
199300 2.99674
199400 3.00588
199500 3.01474
199600 3.02334
199678 3.0299
199680 3.02709
199682 3.00993
199700 2.97869
199784 2.83857
199800 2.84076
199900 2.85461
200000 2.86803
200000 2.86803
200100 2.88105
200200 2.89368
200300 2.90593
200400 2.91781
200500 2.92933
200600 2.9405
200700 2.95134
200702 2.9516
200704 2.9489
200706 2.93093
200706 2.93093
200800 2.94137
200900 2.95218
201000 2.96267
201000 2.96267
201100 2.97283
201200 2.9827
201300 2.99226
201400 3.00154
201500 3.01053
201600 3.01926
201700 3.02772
201726 3.02991
201728 3.0271
201730 3.00994
201800 2.89111
201832 2.83858
201900 2.84802
202000 2.86165
202000 2.86165
202100 2.87486
202200 2.88768
202300 2.90011
202400 2.91216
202500 2.92385
202600 2.93519
202700 2.94618
202750 2.9516
202752 2.9489
202754 2.93093
202754 2.93093
202800 2.93607
202900 2.94704
203000 2.95768
203000 2.95768
203100 2.968
203200 2.97801
203300 2.98771
203400 2.99713
203500 3.00625
203600 3.01511
203700 3.0237
203774 3.02992
203776 3.02711
203778 3.00994
203800 2.97182
203880 2.83858
203900 2.84134
203959 2.84957
203959 2.84957
203968 2.69727
203968 2.69703
203969 2.68963
203969 2.68963
