0 3
0 3
2 3
100 3
200 3
300 3
400 3
500 3
600 3
700 3
800 3
900 3
1000 3
1000 3
1024 3
1026 3
1100 3
1200 3
1300 3
1400 3
1500 3
1600 3
1700 3
1800 3
1900 3
2000 3
2000 3
2048 3
2050 3
2100 3
2200 3
2300 3
2400 3
2500 3
2502 3
2505 3
2505 3
2506 3
2506 3
2509 3
2509 3
2510 3
2600 3
2700 3
2800 3
2900 3
3000 3
3000 3
3072 3
3074 2.99483
3100 2.98059
3176 2.93906
3200 2.93906
3300 2.93906
3400 2.93905
3500 2.93905
3600 2.93905
3700 2.93905
3800 2.93905
3900 2.93905
4000 2.93905
4000 2.93905
4094 2.93905
4096 2.9382
4098 2.93274
4098 2.93274
4100 2.93274
4200 2.93274
4300 2.93274
4400 2.93274
4500 2.93274
4600 2.93274
4700 2.93274
4800 2.93274
4900 2.93274
5000 2.93274
5000 2.93274
5100 2.93274
5118 2.93274
5120 2.93188
5122 2.92683
5200 2.88523
5224 2.87232
5300 2.87232
5400 2.87232
5500 2.87232
5600 2.87232
5700 2.87232
5800 2.87232
5900 2.87232
6000 2.87232
6000 2.87232
6100 2.87232
6142 2.87232
6144 2.87148
6146 2.86615
6146 2.86615
6200 2.86615
6300 2.86615
6400 2.86615
6500 2.86615
6600 2.86615
6700 2.86615
6800 2.86615
6900 2.86615
7000 2.86615
7000 2.86615
7100 2.86615
7166 2.86615
7168 2.86531
7170 2.86038
7200 2.84468
7272 2.8071
7300 2.8071
7400 2.8071
7500 2.8071
7600 2.8071
7700 2.8071
7800 2.8071
7900 2.8071
8000 2.8071
8000 2.8071
8100 2.8071
8190 2.8071
8192 2.80628
8194 2.80107
8194 2.80107
8200 2.80107
8300 2.80107
8400 2.80107
8500 2.80107
8600 2.80107
8700 2.80107
8800 2.80107
8900 2.80107
9000 2.80107
9000 2.80107
9100 2.80107
9200 2.80107
9214 2.80107
9216 2.80025
9218 2.79543
9300 2.75367
9320 2.74337
9400 2.74337
9500 2.74337
9600 2.74336
9700 2.74336
9800 2.74336
9900 2.74336
10000 2.74336
10000 2.74336
10100 2.74336
10200 2.74336
10238 2.74336
10240 2.74256
10242 2.73747
10242 2.73747
10300 2.73747
10400 2.73747
10500 2.73747
10600 2.73747
10700 2.73747
10800 2.73747
10900 2.73747
11000 2.73747
11000 2.73747
11100 2.73747
11200 2.73747
11262 2.73747
11264 2.73667
11266 2.73196
11300 2.71497
11368 2.68108
11400 2.68108
11500 2.68107
11600 2.68107
11700 2.68107
11800 2.68107
11900 2.68107
12000 2.68107
12000 2.68107
12100 2.68107
12200 2.68107
12286 2.68107
12288 2.68029
12290 2.67531
12290 2.67531
12300 2.67531
12400 2.67531
12500 2.67531
12600 2.67531
12700 2.67531
12800 2.67531
12900 2.67531
13000 2.67531
13000 2.67531
13100 2.67531
13200 2.67531
13300 2.67531
13310 2.67531
13312 2.67453
13314 2.66993
13400 2.62811
13416 2.6202
13500 2.6202
13600 2.6202
13700 2.6202
13800 2.6202
13900 2.6202
14000 2.6202
14000 2.6202
14100 2.6202
14200 2.6202
14300 2.6202
14334 2.6202
14336 2.61943
14338 2.61457
14338 2.61457
14400 2.61457
14500 2.61457
14600 2.61457
14700 2.61457
14800 2.61457
14900 2.61457
15000 2.61457
15000 2.61457
15100 2.61457
15200 2.61457
15300 2.61457
15358 2.61457
15360 2.6138
15362 2.6093
15400 2.59118
15464 2.56071
15500 2.56071
15600 2.56071
15700 2.5607
15800 2.5607
15900 2.5607
16000 2.5607
16000 2.5607
16100 2.5607
16200 2.5607
16300 2.5607
16382 2.5607
16384 2.55996
16386 2.5552
16386 2.5552
16400 2.5552
16500 2.5552
16600 2.5552
16700 2.5552
16800 2.5552
16900 2.5552
17000 2.5552
17000 2.5552
17100 2.5552
17200 2.5552
17300 2.5552
17400 2.5552
17406 2.5552
17408 2.55446
17410 2.55006
17500 2.50828
17512 2.50256
17600 2.50256
17700 2.50256
17800 2.50256
17900 2.50256
18000 2.50256
18000 2.50256
18100 2.50256
18200 2.50256
18300 2.50256
18400 2.50256
18430 2.50256
18432 2.50183
18434 2.49719
18434 2.49719
18500 2.49719
18600 2.49718
18700 2.49718
18800 2.49718
18900 2.49718
19000 2.49718
19000 2.49718
19100 2.49718
19200 2.49718
19300 2.49718
19400 2.49718
19454 2.49718
19456 2.49645
19458 2.49216
19500 2.47303
19560 2.44574
19600 2.44574
19639 2.44574
19639 2.44574
19648 2.40539
19648 2.40532
19649 2.40329
19649 2.40329
19700 2.40329
19800 2.40329
19900 2.40329
20000 2.40329
20000 2.40329
20100 2.40329
20200 2.40329
20300 2.40329
20400 2.40329
20478 2.40329
20480 2.40259
20482 2.39813
20482 2.39813
20500 2.39813
20600 2.39813
20700 2.39813
20800 2.39813
20900 2.39813
21000 2.39813
21000 2.39813
21100 2.39812
21200 2.39812
21300 2.39812
21400 2.39812
21500 2.39812
21502 2.39812
21504 2.39742
21506 2.3933
21600 2.35236
21608 2.34872
21700 2.34872
21800 2.34872
21900 2.34872
22000 2.34872
22000 2.34872
22100 2.34872
22200 2.34872
22300 2.34872
22400 2.34872
22500 2.34872
22526 2.34872
22528 2.34803
22530 2.34367
22530 2.34367
22600 2.34367
22700 2.34367
22800 2.34367
22900 2.34367
23000 2.34367
23000 2.34367
23100 2.34367
23200 2.34367
23300 2.34367
23400 2.34367
23500 2.34367
23550 2.34367
23552 2.34299
23554 2.33895
23600 2.3193
23656 2.29539
23700 2.29539
23800 2.29539
23900 2.29539
24000 2.29539
24000 2.29539
24100 2.29539
24200 2.29539
24300 2.29539
24400 2.29539
24500 2.29539
24574 2.29539
24576 2.29472
24578 2.29046
24578 2.29046
24600 2.29046
24700 2.29046
24800 2.29046
24900 2.29046
25000 2.29046
25000 2.29046
25100 2.29046
25200 2.29046
25300 2.29046
25400 2.29046
25500 2.29046
25598 2.29046
25600 2.28979
25600 2.28979
25602 2.28585
25700 2.24509
25704 2.24327
25800 2.24327
25900 2.24327
26000 2.24327
26000 2.24327
26100 2.24327
26200 2.24327
26300 2.24327
26400 2.24327
26500 2.24327
26600 2.24327
26622 2.24327
26624 2.24262
26626 2.23845
26626 2.23845
26700 2.23845
26800 2.23845
26900 2.23845
27000 2.23845
27000 2.23845
27100 2.23845
27200 2.23845
27300 2.23845
27400 2.23845
27500 2.23845
27600 2.23845
27646 2.23845
27648 2.2378
27650 2.23394
27700 2.21354
27752 2.19234
27800 2.19234
27900 2.19234
28000 2.19234
28000 2.19234
28100 2.19234
28200 2.19234
28300 2.19234
28400 2.19234
28500 2.19234
28600 2.19234
28670 2.19234
28672 2.1917
28674 2.18763
28674 2.18763
28700 2.18763
28800 2.18763
28900 2.18763
29000 2.18763
29000 2.18763
29100 2.18763
29200 2.18763
29300 2.18763
29400 2.18763
29500 2.18763
29600 2.18763
29694 2.18762
29696 2.18699
29698 2.18322
29700 2.18244
29800 2.14272
29800 2.14256
29900 2.14256
30000 2.14256
30000 2.14256
30100 2.14256
30200 2.14256
30300 2.14256
30400 2.14256
30500 2.14256
30600 2.14256
30700 2.14256
30718 2.14256
30720 2.14193
30722 2.13796
30722 2.13796
30800 2.13795
30900 2.13795
31000 2.13795
31000 2.13795
31100 2.13795
31200 2.13795
31300 2.13795
31400 2.13795
31500 2.13795
31600 2.13795
31700 2.13795
31742 2.13795
31744 2.13733
31746 2.13365
31800 2.11261
31848 2.09391
31900 2.09391
32000 2.09391
32000 2.09391
32100 2.09391
32200 2.09391
32300 2.09391
32400 2.09391
32500 2.09391
32600 2.09391
32700 2.09391
32766 2.09391
32768 2.0933
32770 2.08941
32770 2.08941
32800 2.08941
32900 2.08941
33000 2.08941
33000 2.08941
33100 2.08941
33200 2.08941
33300 2.08941
33400 2.08941
33500 2.08941
33600 2.08941
33700 2.08941
33790 2.08941
33792 2.0888
33794 2.0852
33800 2.08292
33896 2.04637
33900 2.04637
34000 2.04637
34000 2.04637
34100 2.04637
34200 2.04637
34300 2.04637
34400 2.04637
34500 2.04637
34600 2.04636
34700 2.04636
34800 2.04636
34814 2.04636
34816 2.04577
34818 2.04197
34818 2.04197
34900 2.04197
35000 2.04197
35000 2.04197
35100 2.04197
35200 2.04197
35300 2.04197
35400 2.04197
35500 2.04197
35600 2.04197
35700 2.04197
35800 2.04197
35838 2.04197
35840 2.04137
35842 2.03786
35900 2.01628
35944 1.9999
36000 1.9999
36000 1.9999
36100 1.9999
36200 1.9999
36300 1.9999
36400 1.9999
36500 1.9999
36600 1.9999
36700 1.9999
36800 1.9999
36862 1.9999
36864 1.99932
36866 1.9956
36866 1.9956
36900 1.9956
37000 1.9956
37000 1.9956
37100 1.9956
37200 1.9956
37300 1.9956
37400 1.9956
37500 1.9956
37600 1.9956
37700 1.9956
37800 1.9956
37886 1.9956
37888 1.99502
37890 1.99159
37900 1.98795
37992 1.95449
38000 1.95449
38000 1.95449
38100 1.95449
38200 1.95449
38300 1.95449
38400 1.95449
38500 1.95449
38600 1.95449
38700 1.95449
38800 1.95449
38900 1.95449
38910 1.95449
38912 1.95392
38914 1.95029
38914 1.95029
39000 1.95029
39000 1.95029
39100 1.95029
39200 1.95029
39300 1.95029
39400 1.95029
39500 1.95029
39600 1.95029
39700 1.95029
39800 1.95029
39900 1.95029
39934 1.95029
39936 1.94972
39938 1.94637
40000 1.92434
40000 1.92434
40040 1.91011
40100 1.91011
40200 1.91011
40300 1.91011
40400 1.91011
40500 1.91011
40600 1.91011
40700 1.91011
40800 1.91011
40900 1.91011
40958 1.91011
40960 1.90956
40962 1.90601
40962 1.90601
41000 1.90601
41000 1.90601
41100 1.90601
41200 1.90601
41300 1.90601
41400 1.90601
41500 1.90601
41600 1.90601
41700 1.90601
41800 1.90601
41900 1.90601
41982 1.90601
41984 1.90545
41986 1.90217
42000 1.8973
42000 1.8973
42088 1.86674
42100 1.86674
42200 1.86674
42300 1.86674
42400 1.86674
42500 1.86674
42600 1.86674
42700 1.86674
42800 1.86674
42900 1.86674
43000 1.86674
43000 1.86674
43006 1.86674
43008 1.8662
43010 1.86273
43010 1.86273
43100 1.86273
43200 1.86273
43300 1.86273
43400 1.86273
43500 1.86273
43600 1.86273
43700 1.86273
43800 1.86273
43900 1.86273
44000 1.86273
44000 1.86273
44030 1.86273
44032 1.86219
44034 1.85898
44100 1.8366
44136 1.82436
44200 1.82436
44300 1.82436
44400 1.82436
44500 1.82436
44600 1.82436
44700 1.82436
44800 1.82436
44900 1.82436
45000 1.82436
45000 1.82436
45054 1.82436
45056 1.82382
45058 1.82044
45058 1.82044
45100 1.82044
45200 1.82044
45300 1.82044
45400 1.82044
45500 1.82044
45600 1.82044
45700 1.82044
45800 1.82044
45900 1.82044
46000 1.82044
46000 1.82044
46078 1.82044
46080 1.8199
46082 1.81677
46100 1.81079
46184 1.78293
46184 1.78293
46200 1.78293
46300 1.78293
46400 1.78293
46500 1.78293
46600 1.78293
46700 1.78293
46800 1.78293
46900 1.78293
47000 1.78293
47000 1.78293
47100 1.78293
47200 1.78293
47300 1.78293
47400 1.78293
47500 1.78293
47600 1.78293
47700 1.78293
47800 1.78293
47900 1.78293
48000 1.78293
48000 1.78293
48100 1.78293
48200 1.78293
48300 1.78293
48400 1.78293
48500 1.78293
48600 1.78293
48700 1.78293
48800 1.78293
48900 1.78293
49000 1.78293
49000 1.78293
49100 1.78293
49200 1.78293
49300 1.78293
49400 1.78293
49500 1.78293
49600 1.78293
49700 1.78293
49800 1.78293
49900 1.78293
50000 1.78293
50000 1.78293
50100 1.78293
50200 1.78293
50300 1.78293
50400 1.78293
50500 1.78293
50600 1.78293
50700 1.78293
50800 1.78293
50900 1.78293
51000 1.78293
51000 1.78293
51100 1.78293
51200 1.78293
51300 1.78293
51400 1.78293
51500 1.78293
51600 1.78292
51700 1.78292
51800 1.78292
51900 1.78292
52000 1.78292
52000 1.78292
52100 1.78292
52200 1.78292
52300 1.78292
52400 1.78292
52500 1.78292
52600 1.78292
52700 1.78292
52800 1.78292
52900 1.78292
53000 1.78292
53000 1.78292
53100 1.78292
53200 1.78292
53300 1.78292
53400 1.78292
53500 1.78292
53600 1.78292
53700 1.78292
53800 1.78292
53900 1.78292
54000 1.78292
54000 1.78292
54100 1.78292
54200 1.78292
54300 1.78292
54400 1.78292
54500 1.78292
54600 1.78292
54700 1.78292
54800 1.78292
54900 1.78292
55000 1.78292
55000 1.78292
55100 1.78292
55200 1.78292
55300 1.78292
55400 1.78292
55500 1.78292
55600 1.78292
55700 1.78292
55800 1.78292
55900 1.78292
56000 1.78292
56000 1.78292
56100 1.78292
56200 1.78292
56300 1.78292
56400 1.78292
56500 1.78292
56600 1.78292
56700 1.78292
56800 1.78292
56900 1.78292
57000 1.78292
57000 1.78292
57100 1.78292
57200 1.78292
57300 1.78292
57400 1.78292
57500 1.78292
57600 1.78292
57700 1.78291
57800 1.78291
57900 1.78291
58000 1.78291
58000 1.78291
58100 1.78291
58200 1.78291
58300 1.78291
58400 1.78291
58500 1.78291
58600 1.78291
58700 1.78291
58800 1.78291
58900 1.78291
59000 1.78291
59000 1.78291
59100 1.78291
59200 1.78291
59300 1.78291
59400 1.78291
59500 1.78291
59600 1.78291
59700 1.78291
59800 1.78291
59900 1.78291
60000 1.78291
60000 1.78291
60100 1.78291
60200 1.78291
60300 1.78291
60400 1.78291
60500 1.78291
60600 1.78291
60700 1.78291
60800 1.78291
60900 1.78291
61000 1.78291
61000 1.78291
61100 1.78291
61200 1.78291
61300 1.78291
61400 1.78291
61500 1.78291
61600 1.78291
61700 1.78291
61800 1.78291
61900 1.78291
62000 1.78291
62000 1.78291
62100 1.78291
62200 1.78291
62300 1.78291
62400 1.78291
62500 1.78291
62600 1.78291
62700 1.78291
62800 1.78291
62900 1.78291
63000 1.78291
63000 1.78291
63100 1.78291
63200 1.78291
63300 1.78291
63400 1.78291
63500 1.78291
63600 1.78291
63700 1.78291
63800 1.78291
63900 1.7829
64000 1.7829
64000 1.7829
64100 1.7829
64200 1.7829
64300 1.7829
64400 1.7829
64500 1.7829
64600 1.7829
64700 1.7829
64800 1.7829
64900 1.7829
65000 1.7829
65000 1.7829
65100 1.7829
65200 1.7829
65300 1.7829
65400 1.7829
65500 1.7829
65600 1.7829
65700 1.7829
65800 1.7829
65900 1.7829
66000 1.7829
66000 1.7829
66100 1.7829
66200 1.7829
66300 1.7829
66400 1.7829
66500 1.7829
66600 1.7829
66700 1.7829
66800 1.7829
66900 1.7829
67000 1.7829
67000 1.7829
67100 1.7829
67200 1.7829
67300 1.7829
67400 1.7829
67500 1.7829
67600 1.7829
67700 1.7829
67800 1.7829
67900 1.7829
68000 1.7829
68000 1.7829
68100 1.7829
68200 1.7829
68300 1.7829
68400 1.7829
68500 1.7829
68600 1.7829
68700 1.7829
68800 1.7829
68900 1.7829
69000 1.7829
69000 1.7829
69100 1.7829
69200 1.7829
69300 1.7829
69400 1.7829
69500 1.7829
69600 1.7829
69700 1.7829
69800 1.7829
69900 1.7829
70000 1.7829
70000 1.7829
70100 1.78289
70200 1.78289
70300 1.78289
70400 1.78289
70500 1.78289
70600 1.78289
70700 1.78289
70800 1.78289
70900 1.78289
71000 1.78289
71000 1.78289
71100 1.78289
71200 1.78289
71300 1.78289
71400 1.78289
71500 1.78289
71600 1.78289
71700 1.78289
71800 1.78289
71900 1.78289
72000 1.78289
72000 1.78289
72100 1.78289
72200 1.78289
72300 1.78289
72400 1.78289
72500 1.78289
72600 1.78289
72700 1.78289
72800 1.78289
72900 1.78289
73000 1.78289
73000 1.78289
73100 1.78289
73200 1.78289
73300 1.78289
73400 1.78289
73500 1.78289
73600 1.78289
73700 1.78289
73800 1.78289
73900 1.78289
74000 1.78289
74000 1.78289
74100 1.78289
74200 1.78289
74300 1.78289
74400 1.78289
74500 1.78289
74600 1.78289
74700 1.78289
74800 1.78289
74900 1.78289
75000 1.78289
75000 1.78289
75100 1.78289
75200 1.78289
75300 1.78289
75400 1.78289
75500 1.78289
75600 1.78289
75700 1.78289
75800 1.78289
75900 1.78289
76000 1.78289
76000 1.78289
76100 1.78289
76200 1.78288
76300 1.78288
76400 1.78288
76500 1.78288
76600 1.78288
76700 1.78288
76800 1.78288
76900 1.78288
77000 1.78288
77000 1.78288
77100 1.78288
77200 1.78288
77300 1.78288
77400 1.78288
77500 1.78288
77600 1.78288
77700 1.78288
77800 1.78288
77900 1.78288
78000 1.78288
78000 1.78288
78100 1.78288
78200 1.78288
78300 1.78288
78400 1.78288
78500 1.78288
78600 1.78288
78700 1.78288
78800 1.78288
78900 1.78288
79000 1.78288
79000 1.78288
79100 1.78288
79200 1.78288
79300 1.78288
79400 1.78288
79500 1.78288
79600 1.78288
79700 1.78288
79800 1.78288
79900 1.78288
80000 1.78288
80000 1.78288
80100 1.78288
80200 1.78288
80300 1.78288
80400 1.78288
80500 1.78288
80600 1.78288
80700 1.78288
80800 1.78288
80900 1.78288
81000 1.78288
81000 1.78288
81100 1.78288
81200 1.78288
81300 1.78288
81400 1.78288
81500 1.78288
81600 1.78288
81700 1.78288
81800 1.78288
81900 1.78288
82000 1.78288
82000 1.78288
82100 1.78288
82200 1.78288
82300 1.78288
82400 1.78287
82500 1.78287
82600 1.78287
82700 1.78287
82800 1.78287
82900 1.78287
83000 1.78287
83000 1.78287
83100 1.78287
83200 1.78287
83300 1.78287
83400 1.78287
83500 1.78287
83600 1.78287
83700 1.78287
83800 1.78287
83900 1.78287
84000 1.78287
84000 1.78287
84100 1.78287
84200 1.78287
84300 1.78287
84400 1.78287
84500 1.78287
84600 1.78287
84700 1.78287
84800 1.78287
84900 1.78287
85000 1.78287
85000 1.78287
85100 1.78287
85200 1.78287
85300 1.78287
85400 1.78287
85500 1.78287
85600 1.78287
85700 1.78287
85800 1.78287
85900 1.78287
86000 1.78287
86000 1.78287
86100 1.78287
86200 1.78287
86300 1.78287
86400 1.78287
86500 1.78287
86600 1.78287
86700 1.78287
86800 1.78287
86900 1.78287
87000 1.78287
87000 1.78287
87100 1.78287
87200 1.78287
87300 1.78287
87400 1.78287
87500 1.78287
87600 1.78287
87700 1.78287
87800 1.78287
87900 1.78287
88000 1.78287
88000 1.78287
88100 1.78287
88200 1.78287
88300 1.78287
88400 1.78287
88500 1.78287
88600 1.78286
88700 1.78286
88800 1.78286
88900 1.78286
89000 1.78286
89000 1.78286
89100 1.78286
89200 1.78286
89300 1.78286
89400 1.78286
89500 1.78286
89600 1.78286
89700 1.78286
89800 1.78286
89900 1.78286
90000 1.78286
90000 1.78286
90100 1.78286
90200 1.78286
90300 1.78286
90400 1.78286
90500 1.78286
90600 1.78286
90700 1.78286
90800 1.78286
90900 1.78286
91000 1.78286
91000 1.78286
91100 1.78286
91200 1.78286
91300 1.78286
91400 1.78286
91500 1.78286
91600 1.78286
91700 1.78286
91800 1.78286
91900 1.78286
92000 1.78286
92000 1.78286
92100 1.78286
92200 1.78286
92300 1.78286
92400 1.78286
92500 1.78286
92600 1.78286
92700 1.78286
92800 1.78286
92900 1.78286
93000 1.78286
93000 1.78286
93100 1.78286
93200 1.78286
93300 1.78286
93400 1.78286
93500 1.78286
93600 1.78286
93700 1.78286
93800 1.78286
93900 1.78286
94000 1.78286
94000 1.78286
94100 1.78286
94200 1.78286
94300 1.78286
94400 1.78286
94500 1.78286
94600 1.78286
94700 1.78286
94800 1.78285
94900 1.78285
95000 1.78285
95000 1.78285
95100 1.78285
95200 1.78285
95300 1.78285
95400 1.78285
95500 1.78285
95600 1.78285
95700 1.78285
95800 1.78285
95900 1.78285
96000 1.78285
96000 1.78285
96100 1.78285
96200 1.78285
96300 1.78285
96400 1.78285
96500 1.78285
96600 1.78285
96700 1.78285
96800 1.78285
96900 1.78285
97000 1.78285
97000 1.78285
97100 1.78285
97200 1.78285
97300 1.78285
97400 1.78285
97500 1.78285
97600 1.78285
97700 1.78285
97800 1.78285
97900 1.78285
98000 1.78285
98000 1.78285
98100 1.78285
98200 1.78285
98300 1.78285
98400 1.78285
98500 1.78285
98600 1.78285
98700 1.78285
98800 1.78285
98900 1.78285
99000 1.78285
99000 1.78285
99100 1.78285
99200 1.78285
99300 1.78285
99400 1.78285
99500 1.78285
99600 1.78285
99700 1.78285
99800 1.78285
99900 1.78285
100000 1.78285
100000 1.78285
100100 1.78285
100200 1.78285
100300 1.78285
100400 1.78285
100500 1.78285
100600 1.78285
100700 1.78285
100800 1.78285
100900 1.78284
101000 1.78284
101000 1.78284
101100 1.78284
101200 1.78284
101300 1.78284
101400 1.78284
101500 1.78284
101600 1.78284
101700 1.78284
101800 1.78284
101900 1.78284
102000 1.78284
102000 1.78284
102100 1.78284
102200 1.78284
102300 1.78284
102400 1.78284
102500 1.78284
102600 1.78284
102700 1.78284
102800 1.78284
102900 1.78284
103000 1.78284
103000 1.78284
103100 1.78284
103200 1.78284
103300 1.78284
103400 1.78284
103500 1.78284
103600 1.78284
103700 1.78284
103800 1.78284
103900 1.78284
104000 1.78284
104000 1.78284
104100 1.78284
104200 1.78284
104300 1.78284
104400 1.78284
104500 1.78284
104600 1.78284
104700 1.78284
104800 1.78284
104900 1.78284
105000 1.78284
105000 1.78284
105100 1.78284
105200 1.78284
105300 1.78284
105400 1.78284
105500 1.78284
105600 1.78284
105700 1.78284
105800 1.78284
105900 1.78284
106000 1.78284
106000 1.78284
106100 1.78284
106200 1.78284
106300 1.78284
106400 1.78284
106500 1.78284
106600 1.78284
106700 1.78284
106800 1.78284
106900 1.78284
107000 1.78284
107000 1.78284
107100 1.78283
107200 1.78283
107300 1.78283
107400 1.78283
107500 1.78283
107600 1.78283
107700 1.78283
107800 1.78283
107900 1.78283
108000 1.78283
108000 1.78283
108100 1.78283
108200 1.78283
108300 1.78283
108400 1.78283
108500 1.78283
108600 1.78283
108700 1.78283
108800 1.78283
108900 1.78283
109000 1.78283
109000 1.78283
109100 1.78283
109200 1.78283
109300 1.78283
109400 1.78283
109500 1.78283
109600 1.78283
109700 1.78283
109800 1.78283
109900 1.78283
110000 1.78283
110000 1.78283
110100 1.78283
110200 1.78283
110300 1.78283
110400 1.78283
110500 1.78283
110600 1.78283
110700 1.78283
110800 1.78283
110900 1.78283
111000 1.78283
111000 1.78283
111100 1.78283
111200 1.78283
111300 1.78283
111400 1.78283
111500 1.78283
111600 1.78283
111700 1.78283
111800 1.78283
111900 1.78283
112000 1.78283
112000 1.78283
112100 1.78283
112200 1.78283
112300 1.78283
112400 1.78283
112500 1.78283
112600 1.78283
112700 1.78283
112800 1.78283
112900 1.78283
113000 1.78283
113000 1.78283
113100 1.78283
113200 1.78283
113300 1.78282
113400 1.78282
113500 1.78282
113600 1.78282
113700 1.78282
113800 1.78282
113900 1.78282
114000 1.78282
114000 1.78282
114100 1.78282
114200 1.78282
114300 1.78282
114400 1.78282
114500 1.78282
114600 1.78282
114700 1.78282
114800 1.78282
114900 1.78282
115000 1.78282
115000 1.78282
115100 1.78282
115200 1.78282
115300 1.78282
115400 1.78282
115500 1.78282
115600 1.78282
115700 1.78282
115800 1.78282
115900 1.78282
116000 1.78282
116000 1.78282
116100 1.78282
116200 1.78282
116300 1.78282
116400 1.78282
116500 1.78282
116600 1.78282
116700 1.78282
116800 1.78282
116900 1.78282
117000 1.78282
117000 1.78282
117100 1.78282
117200 1.78282
117300 1.78282
117400 1.78282
117500 1.78282
117600 1.78282
117700 1.78282
117800 1.78282
117900 1.78282
118000 1.78282
118000 1.78282
118100 1.78282
118200 1.78282
118300 1.78282
118400 1.78282
118500 1.78282
118600 1.78282
118700 1.78282
118800 1.78282
118900 1.78282
119000 1.78282
119000 1.78282
119100 1.78282
119200 1.78282
119300 1.78282
119400 1.78281
119500 1.78281
119600 1.78281
119700 1.78281
119800 1.78281
119900 1.78281
120000 1.78281
120000 1.78281
120100 1.78281
120200 1.78281
120300 1.78281
120400 1.78281
120500 1.78281
120600 1.78281
120700 1.78281
120800 1.78281
120900 1.78281
121000 1.78281
121000 1.78281
121100 1.78281
121200 1.78281
121300 1.78281
121400 1.78281
121500 1.78281
121600 1.78281
121700 1.78281
121800 1.78281
121900 1.78281
122000 1.78281
122000 1.78281
122100 1.78281
122200 1.78281
122300 1.78281
122400 1.78281
122500 1.78281
122600 1.78281
122700 1.78281
122800 1.78281
122900 1.78281
123000 1.78281
123000 1.78281
123100 1.78281
123200 1.78281
123300 1.78281
123400 1.78281
123500 1.78281
123600 1.78281
123700 1.78281
123800 1.78281
123900 1.78281
124000 1.78281
124000 1.78281
124100 1.78281
124200 1.78281
124300 1.78281
124400 1.78281
124500 1.78281
124600 1.78281
124700 1.78281
124800 1.78281
124900 1.78281
125000 1.78281
125000 1.78281
125100 1.78281
125200 1.78281
125300 1.78281
125400 1.78281
125500 1.78281
125600 1.7828
125700 1.7828
125800 1.7828
125900 1.7828
126000 1.7828
126000 1.7828
126100 1.7828
126200 1.7828
126300 1.7828
126400 1.7828
126500 1.7828
126600 1.7828
126700 1.7828
126800 1.7828
126900 1.7828
127000 1.7828
127000 1.7828
127100 1.7828
127200 1.7828
127300 1.7828
127400 1.7828
127500 1.7828
127600 1.7828
127700 1.7828
127800 1.7828
127900 1.7828
128000 1.7828
128000 1.7828
128100 1.7828
128200 1.7828
128300 1.7828
128400 1.7828
128500 1.7828
128600 1.7828
128700 1.7828
128800 1.7828
128900 1.7828
129000 1.7828
129000 1.7828
129100 1.7828
129200 1.7828
129300 1.7828
129400 1.7828
129500 1.7828
129600 1.7828
129700 1.7828
129800 1.7828
129900 1.7828
130000 1.7828
130000 1.7828
130100 1.7828
130200 1.7828
130300 1.7828
130400 1.7828
130500 1.7828
130600 1.7828
130700 1.7828
130800 1.7828
130900 1.7828
131000 1.7828
131000 1.7828
131100 1.7828
131200 1.7828
131300 1.7828
131400 1.7828
131500 1.7828
131600 1.7828
131700 1.7828
131800 1.78279
131900 1.78279
132000 1.78279
132000 1.78279
132100 1.78279
132200 1.78279
132300 1.78279
132400 1.78279
132500 1.78279
132600 1.78279
132700 1.78279
132800 1.78279
132900 1.78279
133000 1.78279
133000 1.78279
133100 1.78279
133200 1.78279
133300 1.78279
133400 1.78279
133500 1.78279
133600 1.78279
133700 1.78279
133800 1.78279
133900 1.78279
134000 1.78279
134000 1.78279
134100 1.78279
134200 1.78279
134300 1.78279
134400 1.78279
134500 1.78279
134600 1.78279
134700 1.78279
134800 1.78279
134900 1.78279
135000 1.78279
135000 1.78279
135100 1.78279
135200 1.78279
135300 1.78279
135400 1.78279
135500 1.78279
135600 1.78279
135700 1.78279
135800 1.78279
135900 1.78279
136000 1.78279
136000 1.78279
136100 1.78279
136200 1.78279
136300 1.78279
136400 1.78279
136500 1.78279
136600 1.78279
136700 1.78279
136800 1.78279
136900 1.78279
137000 1.78279
137000 1.78279
137100 1.78279
137200 1.78279
137300 1.78279
137400 1.78279
137500 1.78279
137600 1.78279
137700 1.78279
137800 1.78279
137900 1.78278
138000 1.78278
138000 1.78278
138100 1.78278
138200 1.78278
138300 1.78278
138400 1.78278
138500 1.78278
138600 1.78278
138700 1.78278
138800 1.78278
138900 1.78278
139000 1.78278
139000 1.78278
139100 1.78278
139200 1.78278
139300 1.78278
139400 1.78278
139500 1.78278
139600 1.78278
139700 1.78278
139800 1.78278
139900 1.78278
140000 1.78278
140000 1.78278
140100 1.78278
140200 1.78278
140300 1.78278
140400 1.78278
140500 1.78278
140600 1.78278
140700 1.78278
140800 1.78278
140900 1.78278
141000 1.78278
141000 1.78278
141100 1.78278
141200 1.78278
141300 1.78278
141400 1.78278
141500 1.78278
141600 1.78278
141700 1.78278
141800 1.78278
141900 1.78278
142000 1.78278
142000 1.78278
142100 1.78278
142200 1.78278
142300 1.78278
142400 1.78278
142500 1.78278
142600 1.78278
142700 1.78278
142800 1.78278
142900 1.78278
143000 1.78278
143000 1.78278
143100 1.78278
143200 1.78278
143300 1.78278
143400 1.78278
143500 1.78278
143600 1.78278
143700 1.78278
143800 1.78278
143900 1.78278
144000 1.78278
144000 1.78278
144100 1.78277
144200 1.78277
144300 1.78277
144400 1.78277
144500 1.78277
144600 1.78277
144700 1.78277
144800 1.78277
144900 1.78277
145000 1.78277
145000 1.78277
145100 1.78277
145200 1.78277
145300 1.78277
145400 1.78277
145500 1.78277
145600 1.78277
145700 1.78277
145800 1.78277
145900 1.78277
146000 1.78277
146000 1.78277
146100 1.78277
146200 1.78277
146300 1.78277
146400 1.78277
146500 1.78277
146600 1.78277
146700 1.78277
146800 1.78277
146900 1.78277
147000 1.78277
147000 1.78277
147100 1.78277
147200 1.78277
147300 1.78277
147400 1.78277
147500 1.78277
147600 1.78277
147700 1.78277
147800 1.78277
147900 1.78277
148000 1.78277
148000 1.78277
148100 1.78277
148200 1.78277
148300 1.78277
148400 1.78277
148500 1.78277
148600 1.78277
148700 1.78277
148800 1.78277
148900 1.78277
149000 1.78277
149000 1.78277
149100 1.78277
149200 1.78277
149300 1.78277
149400 1.78277
149500 1.78277
149600 1.78277
149700 1.78277
149800 1.78277
149900 1.78277
150000 1.78277
150000 1.78277
150100 1.78277
150200 1.78277
150300 1.78276
150400 1.78276
150500 1.78276
150600 1.78276
150700 1.78276
150800 1.78276
150900 1.78276
151000 1.78276
151000 1.78276
151100 1.78276
151200 1.78276
151300 1.78276
151400 1.78276
151500 1.78276
151600 1.78276
151700 1.78276
151800 1.78276
151900 1.78276
152000 1.78276
152000 1.78276
152100 1.78276
152200 1.78276
152300 1.78276
152400 1.78276
152500 1.78276
152600 1.78276
152700 1.78276
152800 1.78276
152900 1.78276
153000 1.78276
153000 1.78276
153100 1.78276
153200 1.78276
153300 1.78276
153400 1.78276
153500 1.78276
153600 1.78276
153700 1.78276
153800 1.78276
153900 1.78276
154000 1.78276
154000 1.78276
154100 1.78276
154200 1.78276
154300 1.78276
154400 1.78276
154500 1.78276
154600 1.78276
154700 1.78276
154800 1.78276
154900 1.78276
155000 1.78276
155000 1.78276
155100 1.78276
155200 1.78276
155300 1.78276
155400 1.78276
155500 1.78276
155600 1.78276
155700 1.78276
155800 1.78276
155900 1.78276
156000 1.78276
156000 1.78276
156100 1.78276
156200 1.78276
156300 1.78276
156400 1.78276
156500 1.78275
156600 1.78275
156700 1.78275
156800 1.78275
156900 1.78275
157000 1.78275
157000 1.78275
157100 1.78275
157200 1.78275
157300 1.78275
157400 1.78275
157500 1.78275
157600 1.78275
157700 1.78275
157800 1.78275
157900 1.78275
158000 1.78275
158000 1.78275
158100 1.78275
158200 1.78275
158300 1.78275
158400 1.78275
158500 1.78275
158600 1.78275
158700 1.78275
158800 1.78275
158900 1.78275
159000 1.78275
159000 1.78275
159100 1.78275
159200 1.78275
159300 1.78275
159400 1.78275
159500 1.78275
159600 1.78275
159700 1.78275
159800 1.78275
159900 1.78275
160000 1.78275
160000 1.78275
160100 1.78275
160200 1.78275
160300 1.78275
160400 1.78275
160500 1.78275
160600 1.78275
160700 1.78275
160800 1.78275
160900 1.78275
161000 1.78275
161000 1.78275
161100 1.78275
161200 1.78275
161300 1.78275
161400 1.78275
161500 1.78275
161600 1.78275
161700 1.78275
161800 1.78275
161900 1.78275
162000 1.78275
162000 1.78275
162100 1.78275
162200 1.78275
162300 1.78275
162400 1.78275
162500 1.78275
162600 1.78274
162700 1.78274
162800 1.78274
162900 1.78274
163000 1.78274
163000 1.78274
163100 1.78274
163200 1.78274
163300 1.78274
163400 1.78274
163500 1.78274
163600 1.78274
163700 1.78274
163800 1.78274
163900 1.78274
164000 1.78274
164000 1.78274
164100 1.78274
164200 1.78274
164300 1.78274
164400 1.78274
164500 1.78274
164600 1.78274
164700 1.78274
164800 1.78274
164900 1.78274
165000 1.78274
165000 1.78274
165100 1.78274
165200 1.78274
165300 1.78274
165400 1.78274
165500 1.78274
165600 1.78274
165700 1.78274
165800 1.78274
165900 1.78274
166000 1.78274
166000 1.78274
166100 1.78274
166200 1.78274
166300 1.78274
166400 1.78274
166500 1.78274
166600 1.78274
166700 1.78274
166800 1.78274
166900 1.78274
167000 1.78274
167000 1.78274
167100 1.78274
167200 1.78274
167300 1.78274
167400 1.78274
167500 1.78274
167600 1.78274
167700 1.78274
167800 1.78274
167900 1.78274
168000 1.78274
168000 1.78274
168100 1.78274
168200 1.78274
168300 1.78274
168400 1.78274
168500 1.78274
168600 1.78274
168700 1.78274
168800 1.78273
168900 1.78273
169000 1.78273
169000 1.78273
169100 1.78273
169200 1.78273
169300 1.78273
169400 1.78273
169500 1.78273
169600 1.78273
169700 1.78273
169800 1.78273
169900 1.78273
170000 1.78273
170000 1.78273
170100 1.78273
170200 1.78273
170300 1.78273
170400 1.78273
170500 1.78273
170600 1.78273
170700 1.78273
170800 1.78273
170900 1.78273
171000 1.78273
171000 1.78273
171100 1.78273
171200 1.78273
171300 1.78273
171400 1.78273
171500 1.78273
171600 1.78273
171700 1.78273
171800 1.78273
171900 1.78273
172000 1.78273
172000 1.78273
172100 1.78273
172200 1.78273
172300 1.78273
172400 1.78273
172500 1.78273
172600 1.78273
172700 1.78273
172800 1.78273
172900 1.78273
173000 1.78273
173000 1.78273
173100 1.78273
173200 1.78273
173300 1.78273
173400 1.78273
173500 1.78273
173600 1.78273
173700 1.78273
173800 1.78273
173900 1.78273
174000 1.78273
174000 1.78273
174100 1.78273
174200 1.78273
174300 1.78273
174400 1.78273
174500 1.78273
174600 1.78273
174700 1.78273
174800 1.78273
174900 1.78273
175000 1.78272
175000 1.78272
175100 1.78272
175200 1.78272
175300 1.78272
175400 1.78272
175500 1.78272
175600 1.78272
175700 1.78272
175800 1.78272
175900 1.78272
176000 1.78272
176000 1.78272
176100 1.78272
176200 1.78272
176300 1.78272
176400 1.78272
176500 1.78272
176600 1.78272
176700 1.78272
176800 1.78272
176900 1.78272
177000 1.78272
177000 1.78272
177100 1.78272
177200 1.78272
177300 1.78272
177400 1.78272
177500 1.78272
177600 1.78272
177700 1.78272
177800 1.78272
177900 1.78272
178000 1.78272
178000 1.78272
178100 1.78272
178200 1.78272
178300 1.78272
178400 1.78272
178500 1.78272
178600 1.78272
178700 1.78272
178800 1.78272
178900 1.78272
179000 1.78272
179000 1.78272
179100 1.78272
179200 1.78272
179300 1.78272
179400 1.78272
179500 1.78272
179600 1.78272
179700 1.78272
179800 1.78272
179900 1.78272
180000 1.78272
180000 1.78272
180100 1.78272
180200 1.78272
180300 1.78272
180400 1.78272
180500 1.78272
180600 1.78272
180700 1.78272
180800 1.78272
180900 1.78272
181000 1.78272
181000 1.78272
181100 1.78271
181200 1.78271
181300 1.78271
181400 1.78271
181500 1.78271
181600 1.78271
181700 1.78271
181800 1.78271
181900 1.78271
182000 1.78271
182000 1.78271
182100 1.78271
182200 1.78271
182300 1.78271
182400 1.78271
182500 1.78271
182600 1.78271
182700 1.78271
182800 1.78271
182900 1.78271
183000 1.78271
183000 1.78271
183100 1.78271
183200 1.78271
183300 1.78271
183400 1.78271
183500 1.78271
183600 1.78271
183700 1.78271
183800 1.78271
183900 1.78271
184000 1.78271
184000 1.78271
184100 1.78271
184200 1.78271
184300 1.78271
184400 1.78271
184500 1.78271
184600 1.78271
184700 1.78271
184800 1.78271
184900 1.78271
185000 1.78271
185000 1.78271
185100 1.78271
185200 1.78271
185300 1.78271
185400 1.78271
185500 1.78271
185600 1.78271
185700 1.78271
185800 1.78271
185900 1.78271
186000 1.78271
186000 1.78271
186100 1.78271
186200 1.78271
186300 1.78271
186400 1.78271
186500 1.78271
186600 1.78271
186700 1.78271
186800 1.78271
186900 1.78271
187000 1.78271
187000 1.78271
187100 1.78271
187200 1.78271
187300 1.7827
187400 1.7827
187500 1.7827
187600 1.7827
187700 1.7827
187800 1.7827
187900 1.7827
188000 1.7827
188000 1.7827
188100 1.7827
188200 1.7827
188300 1.7827
188400 1.7827
188500 1.7827
188600 1.7827
188700 1.7827
188800 1.7827
188900 1.7827
189000 1.7827
189000 1.7827
189100 1.7827
189200 1.7827
189300 1.7827
189400 1.7827
189500 1.7827
189600 1.7827
189700 1.7827
189800 1.7827
189900 1.7827
190000 1.7827
190000 1.7827
190100 1.7827
190200 1.7827
190300 1.7827
190400 1.7827
190500 1.7827
190600 1.7827
190700 1.7827
190800 1.7827
190900 1.7827
191000 1.7827
191000 1.7827
191100 1.7827
191200 1.7827
191300 1.7827
191400 1.7827
191500 1.7827
191600 1.7827
191700 1.7827
191800 1.7827
191900 1.7827
192000 1.7827
192000 1.7827
192100 1.7827
192200 1.7827
192300 1.7827
192400 1.7827
192500 1.7827
192600 1.7827
192700 1.7827
192800 1.7827
192900 1.7827
193000 1.7827
193000 1.7827
193100 1.7827
193200 1.7827
193300 1.7827
193400 1.7827
193500 1.78269
193600 1.78269
193700 1.78269
193800 1.78269
193900 1.78269
194000 1.78269
194000 1.78269
194100 1.78269
194200 1.78269
194300 1.78269
194400 1.78269
194500 1.78269
194600 1.78269
194700 1.78269
194800 1.78269
194900 1.78269
195000 1.78269
195000 1.78269
195100 1.78269
195200 1.78269
195300 1.78269
195400 1.78269
195500 1.78269
195600 1.78269
195700 1.78269
195800 1.78269
195900 1.78269
196000 1.78269
196000 1.78269
196100 1.78269
196200 1.78269
196300 1.78269
196400 1.78269
196500 1.78269
196600 1.78269
196700 1.78269
196800 1.78269
196900 1.78269
197000 1.78269
197000 1.78269
197100 1.78269
197200 1.78269
197300 1.78269
197400 1.78269
197500 1.78269
197600 1.78269
197700 1.78269
197800 1.78269
197900 1.78269
198000 1.78269
198000 1.78269
198100 1.78269
198200 1.78269
198300 1.78269
198400 1.78269
198500 1.78269
198600 1.78269
198700 1.78269
198800 1.78269
198900 1.78269
199000 1.78269
199000 1.78269
199100 1.78269
199200 1.78269
199300 1.78269
199400 1.78269
199500 1.78269
199600 1.78269
199700 1.78268
199800 1.78268
199900 1.78268
200000 1.78268
200000 1.78268
200100 1.78268
200200 1.78268
200300 1.78268
200400 1.78268
200500 1.78268
200600 1.78268
200700 1.78268
200800 1.78268
200900 1.78268
201000 1.78268
201000 1.78268
201100 1.78268
201200 1.78268
201300 1.78268
201400 1.78268
201500 1.78268
201600 1.78268
201700 1.78268
201800 1.78268
201900 1.78268
202000 1.78268
202000 1.78268
202100 1.78268
202200 1.78268
202300 1.78268
202400 1.78268
202500 1.78268
202600 1.78268
202700 1.78268
202800 1.78268
202900 1.78268
203000 1.78268
203000 1.78268
203100 1.78268
203200 1.78268
203300 1.78268
203400 1.78268
203500 1.78268
203600 1.78268
203700 1.78268
203800 1.78268
203900 1.78268
