0 3
0 3
2 3
100 3
200 3
300 3
400 3
500 3
600 3
700 3
800 3
900 3
1000 3
1000 3
1024 3
1026 3
1100 3
1200 3
1300 3
1400 3
1500 3
1600 3
1700 3
1800 3
1900 3
2000 3
2000 3
2048 3
2050 3
2100 3
2200 3
2300 3
2400 3
2500 3
2502 3
2505 3
2505 3
2506 3
2506 3
2509 3
2509 3
2510 3
2600 3
2700 3
2800 3
2900 3
3000 3
3000 3
3072 3
3074 2.99793
3100 2.99222
3176 2.97547
3200 2.97547
3300 2.97547
3400 2.97547
3500 2.97547
3600 2.97547
3700 2.97547
3800 2.97547
3900 2.97547
4000 2.97547
4000 2.97547
4094 2.97547
4096 2.97512
4098 2.97291
4098 2.97291
4100 2.97291
4200 2.97291
4300 2.97291
4400 2.97291
4500 2.97291
4600 2.97291
4700 2.97291
4800 2.97291
4900 2.97291
5000 2.97291
5000 2.97291
5100 2.97291
5118 2.97291
5120 2.97257
5122 2.97052
5200 2.95355
5224 2.94826
5300 2.94826
5400 2.94826
5500 2.94826
5600 2.94826
5700 2.94826
5800 2.94826
5900 2.94826
6000 2.94826
6000 2.94826
6100 2.94826
6142 2.94826
6144 2.94792
6146 2.94573
6146 2.94573
6200 2.94573
6300 2.94573
6400 2.94573
6500 2.94573
6600 2.94573
6700 2.94573
6800 2.94573
6900 2.94572
7000 2.94572
7000 2.94572
7100 2.94572
7166 2.94572
7168 2.94538
7170 2.94335
7200 2.93688
7272 2.9213
7300 2.9213
7400 2.9213
7500 2.9213
7600 2.9213
7700 2.9213
7800 2.9213
7900 2.9213
8000 2.9213
8000 2.9213
8100 2.9213
8190 2.9213
8192 2.92096
8194 2.91879
8194 2.91879
8200 2.91879
8300 2.91879
8400 2.91879
8500 2.91879
8600 2.91879
8700 2.91879
8800 2.91879
8900 2.91879
9000 2.91879
9000 2.91879
9100 2.91879
9200 2.91879
9214 2.91879
9216 2.91845
9218 2.91643
9300 2.89893
9320 2.89458
9400 2.89458
9500 2.89458
9600 2.89458
9700 2.89458
9800 2.89458
9900 2.89458
10000 2.89458
10000 2.89458
10100 2.89458
10200 2.89458
10238 2.89458
10240 2.89425
10242 2.8921
10242 2.8921
10300 2.89209
10400 2.89209
10500 2.89209
10600 2.89209
10700 2.89209
10800 2.89209
10900 2.89209
11000 2.89209
11000 2.89209
11100 2.89209
11200 2.89209
11262 2.89209
11264 2.89176
11266 2.88976
11300 2.88256
11368 2.86811
11400 2.86811
11500 2.86811
11600 2.86811
11700 2.86811
11800 2.86811
11900 2.86811
12000 2.86811
12000 2.86811
12100 2.86811
12200 2.86811
12286 2.86811
12288 2.86778
12290 2.86565
12290 2.86565
12300 2.86565
12400 2.86565
12500 2.86565
12600 2.86565
12700 2.86565
12800 2.86565
12900 2.86565
13000 2.86565
13000 2.86565
13100 2.86565
13200 2.86565
13300 2.86565
13310 2.86565
13312 2.86531
13314 2.86334
13400 2.84531
13416 2.84188
13500 2.84188
13600 2.84188
13700 2.84188
13800 2.84188
13900 2.84188
14000 2.84188
14000 2.84188
14100 2.84188
14200 2.84188
14300 2.84188
14334 2.84188
14336 2.84155
14338 2.83944
14338 2.83944
14400 2.83944
14500 2.83944
14600 2.83944
14700 2.83944
14800 2.83944
14900 2.83944
15000 2.83944
15000 2.83944
15100 2.83944
15200 2.83944
15300 2.83944
15358 2.83944
15360 2.83911
15362 2.83715
15400 2.82925
15464 2.8159
15500 2.8159
15600 2.8159
15700 2.8159
15800 2.8159
15900 2.8159
16000 2.8159
16000 2.8159
16100 2.8159
16200 2.8159
16300 2.8159
16382 2.81589
16384 2.81557
16386 2.81347
16386 2.81347
16400 2.81347
16500 2.81347
16600 2.81347
16700 2.81347
16800 2.81347
16900 2.81347
17000 2.81347
17000 2.81347
17100 2.81347
17200 2.81347
17300 2.81347
17400 2.81347
17406 2.81347
17408 2.81314
17410 2.81121
17500 2.79269
17512 2.79014
17600 2.79014
17700 2.79014
17800 2.79014
17900 2.79014
18000 2.79014
18000 2.79014
18100 2.79014
18200 2.79014
18300 2.79014
18400 2.79014
18430 2.79014
18432 2.78982
18434 2.78775
18434 2.78775
18500 2.78774
18600 2.78774
18700 2.78774
18800 2.78774
18900 2.78774
19000 2.78774
19000 2.78774
19100 2.78774
19200 2.78774
19300 2.78774
19400 2.78774
19454 2.78774
19456 2.78742
19458 2.7855
19500 2.77693
19560 2.76463
19600 2.76463
19639 2.76463
19639 2.76463
19648 2.74629
19648 2.74626
19649 2.74533
19649 2.74533
19700 2.74533
19800 2.74533
19900 2.74533
20000 2.74533
20000 2.74533
20100 2.74533
20200 2.74533
20300 2.74533
20400 2.74533
20478 2.74533
20480 2.74501
20482 2.74297
20482 2.74297
20500 2.74297
20600 2.74297
20700 2.74297
20800 2.74297
20900 2.74297
21000 2.74297
21000 2.74297
21100 2.74297
21200 2.74297
21300 2.74297
21400 2.74297
21500 2.74297
21502 2.74297
21504 2.74265
21506 2.74076
21600 2.72191
21608 2.72023
21700 2.72023
21800 2.72023
21900 2.72023
22000 2.72023
22000 2.72023
22100 2.72023
22200 2.72023
22300 2.72023
22400 2.72023
22500 2.72023
22526 2.72023
22528 2.71991
22530 2.71789
22530 2.71789
22600 2.71789
22700 2.71789
22800 2.71789
22900 2.71789
23000 2.71789
23000 2.71789
23100 2.71789
23200 2.71789
23300 2.71789
23400 2.71789
23500 2.71789
23550 2.71789
23552 2.71757
23554 2.7157
23600 2.70655
23656 2.69535
23700 2.69535
23800 2.69535
23900 2.69535
24000 2.69535
24000 2.69535
24100 2.69535
24200 2.69535
24300 2.69535
24400 2.69535
24500 2.69535
24574 2.69535
24576 2.69504
24578 2.69303
24578 2.69303
24600 2.69303
24700 2.69303
24800 2.69303
24900 2.69303
25000 2.69303
25000 2.69303
25100 2.69303
25200 2.69303
25300 2.69303
25400 2.69303
25500 2.69303
25598 2.69303
25600 2.69272
25600 2.69272
25602 2.69086
25700 2.67157
25704 2.6707
25800 2.6707
25900 2.6707
26000 2.6707
26000 2.6707
26100 2.6707
26200 2.6707
26300 2.6707
26400 2.6707
26500 2.6707
26600 2.6707
26622 2.6707
26624 2.67039
26626 2.66841
26626 2.66841
26700 2.66841
26800 2.66841
26900 2.66841
27000 2.66841
27000 2.66841
27100 2.66841
27200 2.66841
27300 2.66841
27400 2.66841
27500 2.66841
27600 2.66841
27646 2.66841
27648 2.66809
27650 2.66626
27700 2.65649
27752 2.64628
27800 2.64628
27900 2.64628
28000 2.64628
28000 2.64628
28100 2.64628
28200 2.64628
28300 2.64628
28400 2.64628
28500 2.64628
28600 2.64628
28670 2.64628
28672 2.64597
28674 2.644
28674 2.644
28700 2.644
28800 2.644
28900 2.644
29000 2.644
29000 2.644
29100 2.644
29200 2.644
29300 2.644
29400 2.644
29500 2.644
29600 2.644
29694 2.644
29696 2.64369
29698 2.64187
29700 2.64149
29800 2.62216
29800 2.62208
29900 2.62208
30000 2.62208
30000 2.62208
30100 2.62208
30200 2.62208
30300 2.62208
30400 2.62208
30500 2.62208
30600 2.62208
30700 2.62208
30718 2.62208
30720 2.62177
30722 2.61982
30722 2.61982
30800 2.61982
30900 2.61982
31000 2.61982
31000 2.61982
31100 2.61982
31200 2.61982
31300 2.61982
31400 2.61982
31500 2.61982
31600 2.61982
31700 2.61982
31742 2.61982
31744 2.61952
31746 2.61771
31800 2.60736
31848 2.5981
31900 2.5981
32000 2.5981
32000 2.5981
32100 2.5981
32200 2.5981
32300 2.5981
32400 2.5981
32500 2.5981
32600 2.5981
32700 2.5981
32766 2.5981
32768 2.5978
32770 2.59587
32770 2.59587
32800 2.59587
32900 2.59587
33000 2.59587
33000 2.59587
33100 2.59587
33200 2.59587
33300 2.59587
33400 2.59587
33500 2.59587
33600 2.59587
33700 2.59587
33790 2.59587
33792 2.59556
33794 2.59377
33800 2.59264
33896 2.57434
33900 2.57434
34000 2.57434
34000 2.57434
34100 2.57434
34200 2.57434
34300 2.57434
34400 2.57434
34500 2.57434
34600 2.57434
34700 2.57434
34800 2.57434
34814 2.57434
34816 2.57404
34818 2.57213
34818 2.57213
34900 2.57213
35000 2.57213
35000 2.57213
35100 2.57213
35200 2.57213
35300 2.57213
35400 2.57213
35500 2.57213
35600 2.57213
35700 2.57213
35800 2.57213
35838 2.57213
35840 2.57183
35842 2.57005
35900 2.55914
35944 2.5508
36000 2.5508
36000 2.5508
36100 2.5508
36200 2.5508
36300 2.5508
36400 2.5508
36500 2.5508
36600 2.5508
36700 2.5508
36800 2.5508
36862 2.5508
36864 2.5505
36866 2.54861
36866 2.54861
36900 2.54861
37000 2.5486
37000 2.5486
37100 2.5486
37200 2.5486
37300 2.5486
37400 2.5486
37500 2.5486
37600 2.5486
37700 2.5486
37800 2.5486
37886 2.5486
37888 2.54831
37890 2.54655
37900 2.54469
37992 2.52747
38000 2.52747
38000 2.52747
38100 2.52747
38200 2.52747
38300 2.52747
38400 2.52747
38500 2.52747
38600 2.52747
38700 2.52747
38800 2.52747
38900 2.52747
38910 2.52747
38912 2.52718
38914 2.5253
38914 2.5253
39000 2.5253
39000 2.5253
39100 2.5253
39200 2.5253
39300 2.5253
39400 2.5253
39500 2.5253
39600 2.5253
39700 2.5253
39800 2.5253
39900 2.5253
39934 2.5253
39936 2.525
39938 2.52326
40000 2.5118
40000 2.5118
40040 2.50436
40100 2.50436
40200 2.50436
40300 2.50436
40400 2.50436
40500 2.50436
40600 2.50436
40700 2.50436
40800 2.50436
40900 2.50436
40958 2.50436
40960 2.50407
40962 2.5022
40962 2.5022
41000 2.5022
41000 2.5022
41100 2.5022
41200 2.5022
41300 2.5022
41400 2.5022
41500 2.5022
41600 2.5022
41700 2.5022
41800 2.5022
41900 2.5022
41982 2.5022
41984 2.50191
41986 2.50019
42000 2.49763
42000 2.49763
42088 2.48146
42100 2.48146
42200 2.48146
42300 2.48146
42400 2.48146
42500 2.48146
42600 2.48146
42700 2.48146
42800 2.48146
42900 2.48146
43000 2.48146
43000 2.48146
43006 2.48146
43008 2.48117
43010 2.47932
43010 2.47932
43100 2.47932
43200 2.47932
43300 2.47932
43400 2.47932
43500 2.47932
43600 2.47932
43700 2.47932
43800 2.47932
43900 2.47932
44000 2.47932
44000 2.47932
44030 2.47932
44032 2.47903
44034 2.47732
44100 2.46535
44136 2.45876
44200 2.45876
44300 2.45876
44400 2.45876
44500 2.45876
44600 2.45876
44700 2.45876
44800 2.45876
44900 2.45876
45000 2.45876
45000 2.45876
45054 2.45876
45056 2.45848
45058 2.45665
45058 2.45665
45100 2.45665
45200 2.45665
45300 2.45665
45400 2.45665
45500 2.45665
45600 2.45665
45700 2.45665
45800 2.45665
45900 2.45665
46000 2.45665
46000 2.45665
46078 2.45665
46080 2.45636
46082 2.45467
46100 2.45143
46184 2.43628
46200 2.43628
46300 2.43628
46400 2.43628
46500 2.43628
46600 2.43628
46700 2.43628
46800 2.43628
46900 2.43628
47000 2.43628
47000 2.43628
47100 2.43628
47102 2.43628
47104 2.43599
47106 2.43418
47106 2.43418
47200 2.43418
47300 2.43418
47400 2.43418
47500 2.43418
47600 2.43418
47700 2.43418
47800 2.43418
47900 2.43418
48000 2.43418
48000 2.43418
48100 2.43418
48126 2.43418
48128 2.4339
48130 2.43222
48200 2.41975
48232 2.414
48300 2.414
48400 2.414
48500 2.414
48600 2.414
48700 2.414
48800 2.414
48900 2.414
49000 2.414
49000 2.414
49100 2.414
49150 2.414
49152 2.41372
49154 2.41192
49154 2.41192
49200 2.41192
49300 2.41192
49400 2.41192
49500 2.41192
49600 2.41192
49700 2.41192
49800 2.41192
49900 2.41192
50000 2.41192
50000 2.41192
50100 2.41192
50174 2.41192
50176 2.41164
50178 2.40998
50200 2.40609
50280 2.39192
50300 2.39192
50359 2.39192
50359 2.39192
50368 2.37606
50368 2.37603
50369 2.37523
50369 2.37523
50400 2.37523
50500 2.37523
50600 2.37523
50700 2.37523
50800 2.37523
50900 2.37523
51000 2.37523
51000 2.37523
51100 2.37523
51198 2.37523
51200 2.37495
51200 2.37495
51202 2.37319
51202 2.37319
51300 2.37319
51400 2.37319
51500 2.37319
51600 2.37319
51700 2.37319
51800 2.37319
51900 2.37319
52000 2.37319
52000 2.37319
52100 2.37319
52200 2.37319
52222 2.37319
52224 2.37291
52226 2.37127
52300 2.35843
52328 2.35351
52400 2.35351
52500 2.35351
52600 2.35351
52700 2.35351
52800 2.35351
52900 2.35351
53000 2.35351
53000 2.35351
53100 2.35351
53200 2.35351
53246 2.35351
53248 2.35323
53250 2.35148
53250 2.35148
53300 2.35148
53400 2.35148
53500 2.35148
53600 2.35148
53700 2.35148
53800 2.35148
53900 2.35148
54000 2.35148
54000 2.35148
54100 2.35148
54200 2.35148
54270 2.35148
54272 2.35121
54274 2.34959
54300 2.34511
54376 2.33198
54400 2.33198
54500 2.33198
54600 2.33198
54700 2.33198
54800 2.33198
54900 2.33198
55000 2.33198
55000 2.33198
55100 2.33198
55200 2.33198
55294 2.33198
55296 2.33171
55298 2.32998
55298 2.32998
55300 2.32998
55400 2.32998
55500 2.32998
55600 2.32998
55700 2.32998
55800 2.32998
55900 2.32998
56000 2.32998
56000 2.32998
56100 2.32998
56200 2.32998
56300 2.32998
56318 2.32998
56320 2.32971
56322 2.3281
56400 2.31481
56424 2.31066
56500 2.31066
56600 2.31066
56700 2.31066
56800 2.31066
56900 2.31066
57000 2.31066
57000 2.31066
57100 2.31066
57200 2.31066
57300 2.31066
57342 2.31066
57344 2.31039
57346 2.30867
57346 2.30867
57400 2.30867
57500 2.30867
57600 2.30867
57700 2.30867
57800 2.30867
57900 2.30867
58000 2.30867
58000 2.30867
58100 2.30867
58200 2.30867
58300 2.30867
58366 2.30867
58368 2.3084
58370 2.30681
58400 2.30174
58472 2.28953
58500 2.28953
58600 2.28953
58700 2.28953
58800 2.28953
58900 2.28953
59000 2.28953
59000 2.28953
59100 2.28953
59200 2.28953
59300 2.28953
59390 2.28953
59392 2.28926
59394 2.28756
59394 2.28756
59400 2.28756
59500 2.28756
59600 2.28756
59700 2.28756
59800 2.28756
59900 2.28756
60000 2.28756
60000 2.28756
60100 2.28756
60200 2.28756
60300 2.28756
60400 2.28756
60414 2.28756
60416 2.28729
60418 2.28572
60500 2.272
60520 2.26859
60600 2.26859
60700 2.26859
60800 2.26859
60900 2.26859
61000 2.26859
61000 2.26859
61100 2.26859
61200 2.26859
61300 2.26859
61400 2.26859
61438 2.26859
61440 2.26832
61442 2.26664
61442 2.26664
61500 2.26664
61600 2.26664
61700 2.26664
61800 2.26664
61900 2.26664
62000 2.26664
62000 2.26664
62100 2.26664
62200 2.26664
62300 2.26664
62400 2.26664
62462 2.26664
62464 2.26637
62466 2.26481
62500 2.25917
62568 2.24784
62600 2.24784
62700 2.24784
62800 2.24784
62900 2.24784
63000 2.24784
63000 2.24784
63100 2.24784
63200 2.24784
63300 2.24784
63400 2.24784
63486 2.24784
63488 2.24758
63490 2.24591
63490 2.24591
63500 2.24591
63600 2.24591
63700 2.24591
63800 2.24591
63900 2.24591
64000 2.24591
64000 2.24591
64100 2.24591
64200 2.24591
64300 2.24591
64400 2.24591
64500 2.24591
64510 2.24591
64512 2.24565
64514 2.2441
64600 2.22998
64616 2.22729
64700 2.22729
64800 2.22729
64900 2.22729
65000 2.22729
65000 2.22729
65100 2.22729
65200 2.22729
65300 2.22729
65400 2.22729
65500 2.22729
65534 2.22729
65536 2.22703
65538 2.22537
65538 2.22537
65600 2.22537
65700 2.22537
65800 2.22537
65900 2.22537
66000 2.22537
66000 2.22537
66100 2.22537
66200 2.22537
66300 2.22537
66400 2.22537
66500 2.22537
66558 2.22537
66560 2.22511
66562 2.22358
66600 2.21739
66664 2.20692
66700 2.20692
66800 2.20692
66900 2.20692
67000 2.20692
67000 2.20692
67100 2.20692
67200 2.20692
67300 2.20692
67400 2.20692
67500 2.20692
67582 2.20692
67584 2.20666
67586 2.20502
67586 2.20502
67600 2.20502
67700 2.20502
67800 2.20502
67900 2.20502
68000 2.20502
68000 2.20502
68100 2.20502
68200 2.20502
68300 2.20502
68400 2.20502
68500 2.20502
68600 2.20502
68606 2.20502
68608 2.20476
68610 2.20324
68700 2.18873
68712 2.18674
68800 2.18674
68900 2.18674
69000 2.18674
69000 2.18674
69100 2.18674
69200 2.18674
69300 2.18674
69400 2.18674
69500 2.18674
69600 2.18674
69630 2.18674
69632 2.18648
69634 2.18486
69634 2.18486
69700 2.18486
69800 2.18486
69900 2.18486
70000 2.18486
70000 2.18486
70100 2.18486
70200 2.18486
70300 2.18486
70400 2.18486
70500 2.18486
70600 2.18486
70654 2.18486
70656 2.1846
70658 2.1831
70700 2.17638
70760 2.16674
70800 2.16674
70900 2.16674
71000 2.16674
71000 2.16674
71100 2.16674
71200 2.16674
71300 2.16674
71400 2.16674
71500 2.16674
71600 2.16674
71678 2.16674
71680 2.16649
71682 2.16488
71682 2.16488
71700 2.16488
71800 2.16488
71900 2.16488
72000 2.16488
72000 2.16488
72100 2.16488
72200 2.16488
72300 2.16488
72400 2.16488
72500 2.16488
72600 2.16488
72700 2.16488
72702 2.16488
72704 2.16462
72706 2.16313
72800 2.14825
72808 2.14692
72900 2.14692
73000 2.14692
73000 2.14692
73100 2.14692
73200 2.14692
73300 2.14692
73400 2.14692
73500 2.14692
73600 2.14692
73700 2.14692
73726 2.14692
73728 2.14667
73730 2.14508
73730 2.14508
73800 2.14508
73900 2.14508
74000 2.14508
74000 2.14508
74100 2.14508
74200 2.14508
74300 2.14508
74400 2.14508
74500 2.14508
74600 2.14508
74700 2.14508
74750 2.14508
74752 2.14483
74754 2.14335
74800 2.13613
74856 2.12729
74900 2.12729
75000 2.12729
75000 2.12729
75100 2.12729
75200 2.12729
75300 2.12729
75400 2.12729
75500 2.12729
75600 2.12729
75700 2.12729
75774 2.12729
75776 2.12704
75778 2.12546
75778 2.12546
75800 2.12546
75900 2.12546
76000 2.12546
76000 2.12546
76100 2.12546
76200 2.12546
76300 2.12546
76400 2.12546
76500 2.12546
76600 2.12546
76700 2.12546
76798 2.12546
76800 2.12521
76800 2.12521
76802 2.12375
76900 2.10852
76904 2.10784
77000 2.10784
77000 2.10784
77100 2.10784
77200 2.10784
77300 2.10784
77400 2.10784
77500 2.10784
77600 2.10784
77700 2.10784
77800 2.10784
77822 2.10784
77824 2.10759
77826 2.10602
77826 2.10602
77900 2.10602
78000 2.10602
78000 2.10602
78100 2.10602
78200 2.10602
78300 2.10602
78400 2.10602
78500 2.10602
78600 2.10602
78700 2.10602
78800 2.10602
78846 2.10602
78848 2.10578
78850 2.10433
78900 2.09662
78952 2.08856
79000 2.08856
79000 2.08856
79100 2.08856
79200 2.08856
79300 2.08856
79400 2.08856
79500 2.08856
79600 2.08856
79700 2.08856
79800 2.08856
79870 2.08856
79872 2.08832
79874 2.08676
79874 2.08676
79900 2.08676
80000 2.08676
80000 2.08676
80100 2.08676
80200 2.08676
80300 2.08676
80400 2.08676
80500 2.08676
80600 2.08676
80700 2.08676
80800 2.08676
80894 2.08676
80896 2.08652
80898 2.08508
80900 2.08478
81000 2.06953
81000 2.06953
81000 2.06946
81079 2.06946
81079 2.06946
81088 2.05574
81088 2.05571
81089 2.05502
81089 2.05502
81100 2.05502
81200 2.05502
81300 2.05502
81400 2.05502
81500 2.05502
81600 2.05502
81700 2.05502
81800 2.05502
81900 2.05502
81918 2.05502
81920 2.05478
81922 2.05325
81922 2.05325
82000 2.05325
82000 2.05325
82100 2.05325
82200 2.05325
82300 2.05325
82400 2.05325
82500 2.05325
82600 2.05325
82700 2.05325
82800 2.05325
82900 2.05325
82942 2.05325
82944 2.05301
82946 2.0516
83000 2.04348
83000 2.04348
83048 2.03623
83100 2.03623
83200 2.03623
83300 2.03623
83400 2.03623
83500 2.03622
83600 2.03622
83700 2.03622
83800 2.03622
83900 2.03622
83966 2.03622
83968 2.03599
83970 2.03447
83970 2.03447
84000 2.03447
84000 2.03447
84100 2.03447
84200 2.03447
84300 2.03447
84400 2.03447
84500 2.03447
84600 2.03447
84700 2.03447
84800 2.03447
84900 2.03447
84990 2.03447
84992 2.03424
84994 2.03283
85000 2.03194
85000 2.03194
85096 2.0176
85100 2.0176
85200 2.0176
85300 2.0176
85400 2.0176
85500 2.0176
85600 2.0176
85700 2.0176
85800 2.0176
85900 2.0176
86000 2.0176
86000 2.0176
86014 2.0176
86016 2.01737
86018 2.01587
86018 2.01587
86100 2.01587
86200 2.01587
86300 2.01587
86400 2.01587
86500 2.01587
86600 2.01587
86700 2.01587
86800 2.01587
86900 2.01587
87000 2.01587
87000 2.01587
87038 2.01587
87040 2.01563
87042 2.01424
87100 2.00569
87144 1.99915
87200 1.99915
87300 1.99915
87400 1.99915
87500 1.99915
87600 1.99915
87700 1.99915
87800 1.99915
87900 1.99915
88000 1.99915
88000 1.99915
88062 1.99915
88064 1.99892
88066 1.99743
88066 1.99743
88100 1.99743
88200 1.99743
88300 1.99743
88400 1.99743
88500 1.99743
88600 1.99743
88700 1.99743
88800 1.99743
88900 1.99743
89000 1.99743
89000 1.99743
89086 1.99743
89088 1.9972
89090 1.99582
89100 1.99436
89192 1.98087
89200 1.98087
89300 1.98087
89400 1.98087
89500 1.98087
89600 1.98087
89700 1.98087
89800 1.98087
89900 1.98087
90000 1.98087
90000 1.98087
90100 1.98087
90110 1.98087
90112 1.98064
90114 1.97917
90114 1.97917
90200 1.97917
90300 1.97917
90400 1.97917
90500 1.97917
90600 1.97917
90700 1.97917
90800 1.97917
90900 1.97917
91000 1.97917
91000 1.97917
91100 1.97917
91134 1.97917
91136 1.97894
91138 1.97757
91200 1.96859
91240 1.96276
91300 1.96276
91400 1.96276
91500 1.96276
91600 1.96276
91700 1.96276
91800 1.96276
91900 1.96276
92000 1.96276
92000 1.96276
92100 1.96276
92158 1.96276
92160 1.96253
92162 1.96107
92162 1.96107
92200 1.96107
92300 1.96107
92400 1.96107
92500 1.96107
92600 1.96107
92700 1.96107
92800 1.96107
92900 1.96107
93000 1.96107
93000 1.96107
93100 1.96107
93182 1.96107
93184 1.96084
93186 1.95949
93200 1.95748
93288 1.94481
93300 1.94481
93400 1.94481
93500 1.94481
93600 1.94481
93700 1.94481
93800 1.94481
93900 1.94481
94000 1.94481
94000 1.94481
94100 1.94481
94200 1.94481
94206 1.94481
94208 1.94458
94210 1.94313
94210 1.94313
94300 1.94313
94400 1.94313
94500 1.94313
94600 1.94313
94700 1.94313
94800 1.94313
94900 1.94313
95000 1.94313
95000 1.94313
95100 1.94313
95200 1.94313
95230 1.94313
95232 1.94291
95234 1.94157
95300 1.93218
95336 1.92702
95400 1.92702
95500 1.92702
95600 1.92702
95700 1.92702
95800 1.92702
95900 1.92702
96000 1.92702
96000 1.92702
96100 1.92702
96200 1.92702
96254 1.92702
96256 1.9268
96258 1.92536
96258 1.92536
96300 1.92536
96400 1.92536
96500 1.92536
96600 1.92536
96700 1.92536
96800 1.92536
96900 1.92536
97000 1.92536
97000 1.92536
97100 1.92536
97200 1.92536
97278 1.92536
97280 1.92514
97282 1.92381
97300 1.92128
97384 1.9094
97400 1.9094
97500 1.9094
97600 1.9094
97700 1.9094
97800 1.9094
97900 1.9094
98000 1.9094
98000 1.9094
98100 1.9094
98200 1.9094
98300 1.9094
98302 1.9094
98304 1.90918
98306 1.90776
98306 1.90776
98400 1.90776
98500 1.90776
98600 1.90776
98700 1.90776
98800 1.90776
98900 1.90776
99000 1.90776
99000 1.90776
99100 1.90776
99200 1.90776
99300 1.90776
99326 1.90776
99328 1.90753
99330 1.90622
99400 1.89645
99432 1.89194
99500 1.89194
99600 1.89194
99700 1.89194
99800 1.89194
99900 1.89194
100000 1.89194
100000 1.89194
100100 1.89194
100200 1.89194
100300 1.89194
100350 1.89194
100352 1.89172
100354 1.89031
100354 1.89031
100400 1.89031
100500 1.89031
100600 1.89031
100700 1.89031
100800 1.89031
100900 1.89031
101000 1.89031
101000 1.89031
101100 1.89031
101200 1.89031
101300 1.89031
101374 1.89031
101376 1.89009
101378 1.88879
101400 1.88574
101480 1.87464
101500 1.87464
101600 1.87464
101700 1.87464
101800 1.87464
101900 1.87464
102000 1.87464
102000 1.87464
102100 1.87464
102200 1.87464
102300 1.87464
102398 1.87464
102400 1.87442
102400 1.87442
102402 1.87302
102402 1.87302
102500 1.87302
102600 1.87302
102700 1.87302
102800 1.87302
102900 1.87302
103000 1.87302
103000 1.87302
103100 1.87302
103200 1.87302
103300 1.87302
103400 1.87302
103422 1.87302
103424 1.8728
103426 1.87151
103500 1.86137
103528 1.85749
103600 1.85749
103700 1.85749
103800 1.85749
103900 1.85749
104000 1.85749
104000 1.85749
104100 1.85749
104200 1.85749
104300 1.85749
104400 1.85749
104446 1.85749
104448 1.85728
104450 1.85589
104450 1.85589
104500 1.85589
104600 1.85589
104700 1.85589
104800 1.85589
104900 1.85589
105000 1.85589
105000 1.85589
105100 1.85589
105200 1.85589
105300 1.85589
105400 1.85589
105470 1.85589
105472 1.85568
105474 1.8544
105500 1.85087
105576 1.84051
105600 1.84051
105700 1.84051
105800 1.84051
105900 1.84051
106000 1.84051
106000 1.84051
106100 1.84051
106200 1.84051
106300 1.84051
106400 1.84051
106494 1.84051
106496 1.84029
106498 1.83892
106498 1.83892
106500 1.83892
106600 1.83892
106700 1.83892
106800 1.83892
106900 1.83892
107000 1.83892
107000 1.83892
107100 1.83892
107200 1.83892
107300 1.83892
107400 1.83892
107500 1.83892
107518 1.83892
107520 1.83871
107522 1.83744
107600 1.82695
107624 1.82367
107700 1.82367
107800 1.82367
107900 1.82367
108000 1.82367
108000 1.82367
108100 1.82367
108200 1.82367
108300 1.82367
108400 1.82367
108500 1.82367
108542 1.82367
108544 1.82346
108546 1.82211
108546 1.82211
108600 1.82211
108700 1.82211
108800 1.82211
108900 1.82211
109000 1.82211
109000 1.82211
109100 1.82211
109200 1.82211
109300 1.82211
109400 1.82211
109500 1.82211
109566 1.82211
109568 1.82189
109570 1.82064
109600 1.81664
109672 1.807
109700 1.807
109800 1.807
109900 1.807
110000 1.807
110000 1.807
110100 1.807
110200 1.807
110300 1.807
110400 1.807
110500 1.807
110590 1.807
110592 1.80679
110594 1.80544
110594 1.80544
110600 1.80544
110700 1.80544
110800 1.80544
110900 1.80544
111000 1.80544
111000 1.80544
111100 1.80544
111200 1.80544
111300 1.80544
111400 1.80544
111500 1.80544
111600 1.80544
111614 1.80544
111616 1.80523
111618 1.80399
111700 1.79316
111700 1.79316
111800 1.79316
111900 1.79316
112000 1.79316
112000 1.79316
112100 1.79316
112200 1.79316
112300 1.79316
112400 1.79316
112500 1.79316
112600 1.79316
112700 1.79316
112800 1.79316
112900 1.79316
113000 1.79316
113000 1.79316
113100 1.79316
113200 1.79316
113300 1.79316
113400 1.79316
113500 1.79316
113600 1.79316
113700 1.79316
113800 1.79316
113900 1.79316
114000 1.79316
114000 1.79316
114100 1.79316
114200 1.79316
114300 1.79316
114400 1.79316
114500 1.79316
114600 1.79316
114700 1.79316
114800 1.79316
114900 1.79316
115000 1.79316
115000 1.79316
115100 1.79316
115200 1.79316
115300 1.79316
115400 1.79316
115500 1.79316
115600 1.79316
115700 1.79316
115800 1.79316
115900 1.79316
116000 1.79316
116000 1.79316
116100 1.79316
116200 1.79316
116300 1.79316
116400 1.79316
116500 1.79316
116600 1.79316
116700 1.79316
116800 1.79316
116900 1.79316
117000 1.79316
117000 1.79316
117100 1.79316
117200 1.79316
117300 1.79316
117400 1.79316
117500 1.79316
117600 1.79316
117700 1.79316
117800 1.79316
117900 1.79316
118000 1.79316
118000 1.79316
118100 1.79316
118200 1.79316
118300 1.79316
118400 1.79316
118500 1.79316
118600 1.79316
118700 1.79316
118800 1.79316
118900 1.79315
119000 1.79315
119000 1.79315
119100 1.79315
119200 1.79315
119300 1.79315
119400 1.79315
119500 1.79315
119600 1.79315
119700 1.79315
119800 1.79315
119900 1.79315
120000 1.79315
120000 1.79315
120100 1.79315
120200 1.79315
120300 1.79315
120400 1.79315
120500 1.79315
120600 1.79315
120700 1.79315
120800 1.79315
120900 1.79315
121000 1.79315
121000 1.79315
121100 1.79315
121200 1.79315
121300 1.79315
121400 1.79315
121500 1.79315
121600 1.79315
121700 1.79315
121800 1.79315
121900 1.79315
122000 1.79315
122000 1.79315
122100 1.79315
122200 1.79315
122300 1.79315
122400 1.79315
122500 1.79315
122600 1.79315
122700 1.79315
122800 1.79315
122900 1.79315
123000 1.79315
123000 1.79315
123100 1.79315
123200 1.79315
123300 1.79315
123400 1.79315
123500 1.79315
123600 1.79315
123700 1.79315
123800 1.79315
123900 1.79315
124000 1.79315
124000 1.79315
124100 1.79315
124200 1.79315
124300 1.79315
124400 1.79315
124500 1.79315
124600 1.79315
124700 1.79315
124800 1.79315
124900 1.79315
125000 1.79315
125000 1.79315
125100 1.79315
125200 1.79315
125300 1.79315
125400 1.79315
125500 1.79315
125600 1.79315
125700 1.79315
125800 1.79315
125900 1.79315
126000 1.79315
126000 1.79315
126100 1.79315
126200 1.79315
126300 1.79315
126400 1.79315
126500 1.79315
126600 1.79315
126700 1.79315
126800 1.79315
126900 1.79315
127000 1.79315
127000 1.79315
127100 1.79315
127200 1.79315
127300 1.79315
127400 1.79315
127500 1.79315
127600 1.79315
127700 1.79315
127800 1.79315
127900 1.79315
128000 1.79315
128000 1.79315
128100 1.79315
128200 1.79315
128300 1.79315
128400 1.79315
128500 1.79315
128600 1.79315
128700 1.79315
128800 1.79315
128900 1.79315
129000 1.79315
129000 1.79315
129100 1.79315
129200 1.79315
129300 1.79315
129400 1.79315
129500 1.79315
129600 1.79315
129700 1.79315
129800 1.79315
129900 1.79315
130000 1.79315
130000 1.79315
130100 1.79315
130200 1.79315
130300 1.79315
130400 1.79315
130500 1.79315
130600 1.79315
130700 1.79315
130800 1.79315
130900 1.79315
131000 1.79315
131000 1.79315
131100 1.79315
131200 1.79315
131300 1.79315
131400 1.79315
131500 1.79315
131600 1.79315
131700 1.79315
131800 1.79315
131900 1.79315
132000 1.79315
132000 1.79315
132100 1.79315
132200 1.79315
132300 1.79315
132400 1.79315
132500 1.79315
132600 1.79315
132700 1.79315
132800 1.79315
132900 1.79315
133000 1.79315
133000 1.79315
133100 1.79315
133200 1.79315
133300 1.79315
133400 1.79315
133500 1.79315
133600 1.79315
133700 1.79315
133800 1.79315
133900 1.79315
134000 1.79315
134000 1.79315
134100 1.79315
134200 1.79314
134300 1.79314
134400 1.79314
134500 1.79314
134600 1.79314
134700 1.79314
134800 1.79314
134900 1.79314
135000 1.79314
135000 1.79314
135100 1.79314
135200 1.79314
135300 1.79314
135400 1.79314
135500 1.79314
135600 1.79314
135700 1.79314
135800 1.79314
135900 1.79314
136000 1.79314
136000 1.79314
136100 1.79314
136200 1.79314
136300 1.79314
136400 1.79314
136500 1.79314
136600 1.79314
136700 1.79314
136800 1.79314
136900 1.79314
137000 1.79314
137000 1.79314
137100 1.79314
137200 1.79314
137300 1.79314
137400 1.79314
137500 1.79314
137600 1.79314
137700 1.79314
137800 1.79314
137900 1.79314
138000 1.79314
138000 1.79314
138100 1.79314
138200 1.79314
138300 1.79314
138400 1.79314
138500 1.79314
138600 1.79314
138700 1.79314
138800 1.79314
138900 1.79314
139000 1.79314
139000 1.79314
139100 1.79314
139200 1.79314
139300 1.79314
139400 1.79314
139500 1.79314
139600 1.79314
139700 1.79314
139800 1.79314
139900 1.79314
140000 1.79314
140000 1.79314
140100 1.79314
140200 1.79314
140300 1.79314
140400 1.79314
140500 1.79314
140600 1.79314
140700 1.79314
140800 1.79314
140900 1.79314
141000 1.79314
141000 1.79314
141100 1.79314
141200 1.79314
141300 1.79314
141400 1.79314
141500 1.79314
141600 1.79314
141700 1.79314
141800 1.79314
141900 1.79314
142000 1.79314
142000 1.79314
142100 1.79314
142200 1.79314
142300 1.79314
142400 1.79314
142500 1.79314
142600 1.79314
142700 1.79314
142800 1.79314
142900 1.79314
143000 1.79314
143000 1.79314
143100 1.79314
143200 1.79314
143300 1.79314
143400 1.79314
143500 1.79314
143600 1.79314
143700 1.79314
143800 1.79314
143900 1.79314
144000 1.79314
144000 1.79314
144100 1.79314
144200 1.79314
144300 1.79314
144400 1.79314
144500 1.79314
144600 1.79314
144700 1.79314
144800 1.79314
144900 1.79314
145000 1.79314
145000 1.79314
145100 1.79314
145200 1.79314
145300 1.79314
145400 1.79314
145500 1.79314
145600 1.79314
145700 1.79314
145800 1.79314
145900 1.79314
146000 1.79314
146000 1.79314
146100 1.79314
146200 1.79314
146300 1.79314
146400 1.79314
146500 1.79314
146600 1.79314
146700 1.79314
146800 1.79314
146900 1.79314
147000 1.79314
147000 1.79314
147100 1.79314
147200 1.79314
147300 1.79314
147400 1.79314
147500 1.79314
147600 1.79314
147700 1.79314
147800 1.79314
147900 1.79314
148000 1.79314
148000 1.79314
148100 1.79314
148200 1.79314
148300 1.79314
148400 1.79314
148500 1.79314
148600 1.79314
148700 1.79314
148800 1.79314
148900 1.79314
149000 1.79314
149000 1.79314
149100 1.79314
149200 1.79314
149300 1.79314
149400 1.79314
149500 1.79313
149600 1.79313
149700 1.79313
149800 1.79313
149900 1.79313
150000 1.79313
150000 1.79313
150100 1.79313
150200 1.79313
150300 1.79313
150400 1.79313
150500 1.79313
150600 1.79313
150700 1.79313
150800 1.79313
150900 1.79313
151000 1.79313
151000 1.79313
151100 1.79313
151200 1.79313
151300 1.79313
151400 1.79313
151500 1.79313
151600 1.79313
151700 1.79313
151800 1.79313
151900 1.79313
152000 1.79313
152000 1.79313
152100 1.79313
152200 1.79313
152300 1.79313
152400 1.79313
152500 1.79313
152600 1.79313
152700 1.79313
152800 1.79313
152900 1.79313
153000 1.79313
153000 1.79313
153100 1.79313
153200 1.79313
153300 1.79313
153400 1.79313
153500 1.79313
153600 1.79313
153700 1.79313
153800 1.79313
153900 1.79313
154000 1.79313
154000 1.79313
154100 1.79313
154200 1.79313
154300 1.79313
154400 1.79313
154500 1.79313
154600 1.79313
154700 1.79313
154800 1.79313
154900 1.79313
155000 1.79313
155000 1.79313
155100 1.79313
155200 1.79313
155300 1.79313
155400 1.79313
155500 1.79313
155600 1.79313
155700 1.79313
155800 1.79313
155900 1.79313
156000 1.79313
156000 1.79313
156100 1.79313
156200 1.79313
156300 1.79313
156400 1.79313
156500 1.79313
156600 1.79313
156700 1.79313
156800 1.79313
156900 1.79313
157000 1.79313
157000 1.79313
157100 1.79313
157200 1.79313
157300 1.79313
157400 1.79313
157500 1.79313
157600 1.79313
157700 1.79313
157800 1.79313
157900 1.79313
158000 1.79313
158000 1.79313
158100 1.79313
158200 1.79313
158300 1.79313
158400 1.79313
158500 1.79313
158600 1.79313
158700 1.79313
158800 1.79313
158900 1.79313
159000 1.79313
159000 1.79313
159100 1.79313
159200 1.79313
159300 1.79313
159400 1.79313
159500 1.79313
159600 1.79313
159700 1.79313
159800 1.79313
159900 1.79313
160000 1.79313
160000 1.79313
160100 1.79313
160200 1.79313
160300 1.79313
160400 1.79313
160500 1.79313
160600 1.79313
160700 1.79313
160800 1.79313
160900 1.79313
161000 1.79313
161000 1.79313
161100 1.79313
161200 1.79313
161300 1.79313
161400 1.79313
161500 1.79313
161600 1.79313
161700 1.79313
161800 1.79313
161900 1.79313
162000 1.79313
162000 1.79313
162100 1.79313
162200 1.79313
162300 1.79313
162400 1.79313
162500 1.79313
162600 1.79313
162700 1.79313
162800 1.79313
162900 1.79313
163000 1.79313
163000 1.79313
163100 1.79313
163200 1.79313
163300 1.79313
163400 1.79313
163500 1.79313
163600 1.79313
163700 1.79313
163800 1.79313
163900 1.79313
164000 1.79313
164000 1.79313
164100 1.79313
164200 1.79313
164300 1.79313
164400 1.79313
164500 1.79313
164600 1.79313
164700 1.79313
164800 1.79313
164900 1.79312
165000 1.79312
165000 1.79312
165100 1.79312
165200 1.79312
165300 1.79312
165400 1.79312
165500 1.79312
165600 1.79312
165700 1.79312
165800 1.79312
165900 1.79312
166000 1.79312
166000 1.79312
166100 1.79312
166200 1.79312
166300 1.79312
166400 1.79312
166500 1.79312
166600 1.79312
166700 1.79312
166800 1.79312
166900 1.79312
167000 1.79312
167000 1.79312
167100 1.79312
167200 1.79312
167300 1.79312
167400 1.79312
167500 1.79312
167600 1.79312
167700 1.79312
167800 1.79312
167900 1.79312
168000 1.79312
168000 1.79312
168100 1.79312
168200 1.79312
168300 1.79312
168400 1.79312
168500 1.79312
168600 1.79312
168700 1.79312
168800 1.79312
168900 1.79312
169000 1.79312
169000 1.79312
169100 1.79312
169200 1.79312
169300 1.79312
169400 1.79312
169500 1.79312
169600 1.79312
169700 1.79312
169800 1.79312
169900 1.79312
170000 1.79312
170000 1.79312
170100 1.79312
170200 1.79312
170300 1.79312
170400 1.79312
170500 1.79312
170600 1.79312
170700 1.79312
170800 1.79312
170900 1.79312
171000 1.79312
171000 1.79312
171100 1.79312
171200 1.79312
171300 1.79312
171400 1.79312
171500 1.79312
171600 1.79312
171700 1.79312
171800 1.79312
171900 1.79312
172000 1.79312
172000 1.79312
172100 1.79312
172200 1.79312
172300 1.79312
172400 1.79312
172500 1.79312
172600 1.79312
172700 1.79312
172800 1.79312
172900 1.79312
173000 1.79312
173000 1.79312
173100 1.79312
173200 1.79312
173300 1.79312
173400 1.79312
173500 1.79312
173600 1.79312
173700 1.79312
173800 1.79312
173900 1.79312
174000 1.79312
174000 1.79312
174100 1.79312
174200 1.79312
174300 1.79312
174400 1.79312
174500 1.79312
174600 1.79312
174700 1.79312
174800 1.79312
174900 1.79312
175000 1.79312
175000 1.79312
175100 1.79312
175200 1.79312
175300 1.79312
175400 1.79312
175500 1.79312
175600 1.79312
175700 1.79312
175800 1.79312
175900 1.79312
176000 1.79312
176000 1.79312
176100 1.79312
176200 1.79312
176300 1.79312
176400 1.79312
176500 1.79312
176600 1.79312
176700 1.79312
176800 1.79312
176900 1.79312
177000 1.79312
177000 1.79312
177100 1.79312
177200 1.79312
177300 1.79312
177400 1.79312
177500 1.79312
177600 1.79312
177700 1.79312
177800 1.79312
177900 1.79312
178000 1.79312
178000 1.79312
178100 1.79312
178200 1.79312
178300 1.79312
178400 1.79312
178500 1.79312
178600 1.79312
178700 1.79312
178800 1.79312
178900 1.79312
179000 1.79312
179000 1.79312
179100 1.79312
179200 1.79312
179300 1.79312
179400 1.79312
179500 1.79312
179600 1.79312
179700 1.79312
179800 1.79312
179900 1.79312
180000 1.79312
180000 1.79312
180100 1.79312
180200 1.79311
180300 1.79311
180400 1.79311
180500 1.79311
180600 1.79311
180700 1.79311
180800 1.79311
180900 1.79311
181000 1.79311
181000 1.79311
181100 1.79311
181200 1.79311
181300 1.79311
181400 1.79311
181500 1.79311
181600 1.79311
181700 1.79311
181800 1.79311
181900 1.79311
182000 1.79311
182000 1.79311
182100 1.79311
182200 1.79311
182300 1.79311
182400 1.79311
182500 1.79311
182600 1.79311
182700 1.79311
182800 1.79311
182900 1.79311
183000 1.79311
183000 1.79311
183100 1.79311
183200 1.79311
183300 1.79311
183400 1.79311
183500 1.79311
183600 1.79311
183700 1.79311
183800 1.79311
183900 1.79311
184000 1.79311
184000 1.79311
184100 1.79311
184200 1.79311
184300 1.79311
184400 1.79311
184500 1.79311
184600 1.79311
184700 1.79311
184800 1.79311
184900 1.79311
185000 1.79311
185000 1.79311
185100 1.79311
185200 1.79311
185300 1.79311
185400 1.79311
185500 1.79311
185600 1.79311
185700 1.79311
185800 1.79311
185900 1.79311
186000 1.79311
186000 1.79311
186100 1.79311
186200 1.79311
186300 1.79311
186400 1.79311
186500 1.79311
186600 1.79311
186700 1.79311
186800 1.79311
186900 1.79311
187000 1.79311
187000 1.79311
187100 1.79311
187200 1.79311
187300 1.79311
187400 1.79311
187500 1.79311
187600 1.79311
187700 1.79311
187800 1.79311
187900 1.79311
188000 1.79311
188000 1.79311
188100 1.79311
188200 1.79311
188300 1.79311
188400 1.79311
188500 1.79311
188600 1.79311
188700 1.79311
188800 1.79311
188900 1.79311
189000 1.79311
189000 1.79311
189100 1.79311
189200 1.79311
189300 1.79311
189400 1.79311
189500 1.79311
189600 1.79311
189700 1.79311
189800 1.79311
189900 1.79311
190000 1.79311
190000 1.79311
190100 1.79311
190200 1.79311
190300 1.79311
190400 1.79311
190500 1.79311
190600 1.79311
190700 1.79311
190800 1.79311
190900 1.79311
191000 1.79311
191000 1.79311
191100 1.79311
191200 1.79311
191300 1.79311
191400 1.79311
191500 1.79311
191600 1.79311
191700 1.79311
191800 1.79311
191900 1.79311
192000 1.79311
192000 1.79311
192100 1.79311
192200 1.79311
192300 1.79311
192400 1.79311
192500 1.79311
192600 1.79311
192700 1.79311
192800 1.79311
192900 1.79311
193000 1.79311
193000 1.79311
193100 1.79311
193200 1.79311
193300 1.79311
193400 1.79311
193500 1.79311
193600 1.79311
193700 1.79311
193800 1.79311
193900 1.79311
194000 1.79311
194000 1.79311
194100 1.79311
194200 1.79311
194300 1.79311
194400 1.79311
194500 1.79311
194600 1.79311
194700 1.79311
194800 1.79311
194900 1.79311
195000 1.79311
195000 1.79311
195100 1.79311
195200 1.79311
195300 1.79311
195400 1.79311
195500 1.7931
195600 1.7931
195700 1.7931
195800 1.7931
195900 1.7931
196000 1.7931
196000 1.7931
196100 1.7931
196200 1.7931
196300 1.7931
196400 1.7931
196500 1.7931
196600 1.7931
196700 1.7931
196800 1.7931
196900 1.7931
197000 1.7931
197000 1.7931
197100 1.7931
197200 1.7931
197300 1.7931
197400 1.7931
197500 1.7931
197600 1.7931
197700 1.7931
197800 1.7931
197900 1.7931
198000 1.7931
198000 1.7931
198100 1.7931
198200 1.7931
198300 1.7931
198400 1.7931
198500 1.7931
198600 1.7931
198700 1.7931
198800 1.7931
198900 1.7931
199000 1.7931
199000 1.7931
199100 1.7931
199200 1.7931
199300 1.7931
199400 1.7931
199500 1.7931
199600 1.7931
199700 1.7931
199800 1.7931
199900 1.7931
200000 1.7931
200000 1.7931
200100 1.7931
200200 1.7931
200300 1.7931
200400 1.7931
200500 1.7931
200600 1.7931
200700 1.7931
200800 1.7931
200900 1.7931
201000 1.7931
201000 1.7931
201100 1.7931
201200 1.7931
201300 1.7931
201400 1.7931
201500 1.7931
201600 1.7931
201700 1.7931
201800 1.7931
201900 1.7931
202000 1.7931
202000 1.7931
202100 1.7931
202200 1.7931
202300 1.7931
202400 1.7931
202500 1.7931
202600 1.7931
202700 1.7931
202800 1.7931
202900 1.7931
203000 1.7931
203000 1.7931
203100 1.7931
203200 1.7931
203300 1.7931
203400 1.7931
203500 1.7931
203600 1.7931
203700 1.7931
203800 1.7931
203900 1.7931
