0 3
0 3
2 3
100 3
200 3
300 3
400 3
500 3
600 3
700 3
800 3
900 3
1000 3
1000 3
1024 3
1026 3
1100 3
1200 3
1300 3
1400 3
1500 3
1600 3
1700 3
1800 3
1900 3
2000 3
2000 3
2048 3
2050 3
2100 3
2200 3
2300 3
2400 3
2500 3
2502 3
2505 3
2505 3
2506 3
2506 3
2509 3
2509 3
2510 3
2600 3
2700 3
2800 3
2900 3
3000 3
3000 3
3072 3
3074 2.98282
3100 2.93579
3176 2.80162
3200 2.80162
3300 2.80162
3400 2.80162
3500 2.80162
3600 2.80162
3700 2.80162
3800 2.80162
3900 2.80162
4000 2.80162
4000 2.80162
4094 2.80161
4096 2.79889
4098 2.78161
4098 2.78161
4100 2.78161
4200 2.78161
4300 2.78161
4400 2.7816
4500 2.7816
4600 2.7816
4700 2.7816
4800 2.7816
4900 2.7816
5000 2.7816
5000 2.7816
5100 2.7816
5118 2.7816
5120 2.7789
5122 2.76298
5200 2.63422
5224 2.59514
5300 2.59514
5400 2.59514
5500 2.59514
5600 2.59514
5700 2.59514
5800 2.59513
5900 2.59513
6000 2.59513
6000 2.59513
6100 2.59513
6142 2.59513
6144 2.59261
6146 2.5766
6146 2.5766
6200 2.5766
6300 2.5766
6400 2.5766
6500 2.5766
6600 2.5766
6700 2.57659
6800 2.57659
6900 2.57659
7000 2.57659
7000 2.57659
7100 2.57659
7166 2.57659
7168 2.57409
7170 2.55934
7200 2.51283
7272 2.40387
7300 2.40387
7400 2.40387
7500 2.40387
7600 2.40387
7700 2.40387
7800 2.40387
7900 2.40387
8000 2.40387
8000 2.40387
8100 2.40387
8190 2.40387
8192 2.40153
8194 2.3867
8194 2.3867
8200 2.3867
8300 2.3867
8400 2.3867
8500 2.3867
8600 2.3867
8700 2.3867
8800 2.3867
8900 2.38669
9000 2.38669
9000 2.38669
9100 2.38669
9200 2.38669
9214 2.38669
9216 2.38437
9218 2.37072
9300 2.25471
9320 2.22671
9400 2.2267
9500 2.2267
9600 2.2267
9700 2.2267
9800 2.2267
9900 2.2267
10000 2.2267
10000 2.2267
10100 2.2267
10200 2.2267
10238 2.2267
10240 2.22454
10242 2.2108
10242 2.2108
10300 2.2108
10400 2.2108
10500 2.2108
10600 2.21079
10700 2.21079
10800 2.21079
10900 2.21079
11000 2.21079
11000 2.21079
11100 2.21079
11200 2.21079
11262 2.21079
11264 2.20864
11266 2.19599
11300 2.15081
11368 2.06259
11400 2.06259
11500 2.06259
11600 2.06259
11700 2.06259
11800 2.06259
11900 2.06259
12000 2.06259
12000 2.06259
12100 2.06259
12200 2.06259
12286 2.06259
12288 2.06058
12290 2.04786
12290 2.04786
12300 2.04786
12400 2.04786
12500 2.04786
12600 2.04786
12700 2.04786
12800 2.04785
12900 2.04785
13000 2.04785
13000 2.04785
13100 2.04785
13200 2.04785
13300 2.04785
13310 2.04785
13312 2.04586
13314 2.03414
13400 1.92988
13416 1.91058
13500 1.91058
13600 1.91058
13700 1.91058
13800 1.91058
13900 1.91058
14000 1.91057
14000 1.91057
14100 1.91057
14200 1.91057
14300 1.91057
14334 1.91057
14336 1.90872
14338 1.89693
14338 1.89693
14400 1.89693
14500 1.89693
14600 1.89693
14700 1.89693
14800 1.89693
14900 1.89692
15000 1.89692
15000 1.89692
15100 1.89692
15200 1.89692
15300 1.89692
15358 1.89692
15360 1.89508
15362 1.88422
15400 1.84095
15464 1.76977
15464 1.76977
15500 1.76977
15600 1.76976
15700 1.76976
15800 1.76976
15900 1.76976
16000 1.76976
16000 1.76976
16100 1.76976
16200 1.76976
16300 1.76976
16400 1.76976
16500 1.76976
16600 1.76976
16700 1.76976
16800 1.76976
16900 1.76976
17000 1.76976
17000 1.76976
17100 1.76976
17200 1.76976
17300 1.76976
17400 1.76976
17500 1.76975
17600 1.76975
17700 1.76975
17800 1.76975
17900 1.76975
18000 1.76975
18000 1.76975
18100 1.76975
18200 1.76975
18300 1.76975
18400 1.76975
18500 1.76975
18600 1.76975
18700 1.76975
18800 1.76975
18900 1.76975
19000 1.76975
19000 1.76975
19100 1.76975
19200 1.76975
19300 1.76975
19400 1.76974
19500 1.76974
19600 1.76974
19700 1.76974
19800 1.76974
19900 1.76974
20000 1.76974
20000 1.76974
20100 1.76974
20200 1.76974
20300 1.76974
20400 1.76974
20500 1.76974
20600 1.76974
20700 1.76974
20800 1.76974
20900 1.76974
21000 1.76974
21000 1.76974
21100 1.76974
21200 1.76973
21300 1.76973
21400 1.76973
21500 1.76973
21600 1.76973
21700 1.76973
21800 1.76973
21900 1.76973
22000 1.76973
22000 1.76973
22100 1.76973
22200 1.76973
22300 1.76973
22400 1.76973
22500 1.76973
22600 1.76973
22700 1.76973
22800 1.76973
22900 1.76973
23000 1.76973
23000 1.76973
23100 1.76972
23200 1.76972
23300 1.76972
23400 1.76972
23500 1.76972
23600 1.76972
23700 1.76972
23800 1.76972
23900 1.76972
24000 1.76972
24000 1.76972
24100 1.76972
24200 1.76972
24300 1.76972
24400 1.76972
24500 1.76972
24600 1.76972
24700 1.76972
24800 1.76972
24900 1.76971
25000 1.76971
25000 1.76971
25100 1.76971
25200 1.76971
25300 1.76971
25400 1.76971
25500 1.76971
25600 1.76971
25700 1.76971
25800 1.76971
25900 1.76971
26000 1.76971
26000 1.76971
26100 1.76971
26200 1.76971
26300 1.76971
26400 1.76971
26500 1.76971
26600 1.76971
26700 1.76971
26800 1.7697
26900 1.7697
27000 1.7697
27000 1.7697
27100 1.7697
27200 1.7697
27300 1.7697
27400 1.7697
27500 1.7697
27600 1.7697
27700 1.7697
27800 1.7697
27900 1.7697
28000 1.7697
28000 1.7697
28100 1.7697
28200 1.7697
28300 1.7697
28400 1.7697
28500 1.7697
28600 1.7697
28700 1.76969
28800 1.76969
28900 1.76969
29000 1.76969
29000 1.76969
29100 1.76969
29200 1.76969
29300 1.76969
29400 1.76969
29500 1.76969
29600 1.76969
29700 1.76969
29800 1.76969
29900 1.76969
30000 1.76969
30000 1.76969
30100 1.76969
30200 1.76969
30300 1.76969
30400 1.76969
30500 1.76968
30600 1.76968
30700 1.76968
30800 1.76968
30900 1.76968
31000 1.76968
31000 1.76968
31100 1.76968
31200 1.76968
31300 1.76968
31400 1.76968
31500 1.76968
31600 1.76968
31700 1.76968
31800 1.76968
31900 1.76968
32000 1.76968
32000 1.76968
32100 1.76968
32200 1.76968
32300 1.76968
32400 1.76967
32500 1.76967
32600 1.76967
32700 1.76967
32800 1.76967
32900 1.76967
33000 1.76967
33000 1.76967
33100 1.76967
33200 1.76967
33300 1.76967
33400 1.76967
33500 1.76967
33600 1.76967
33700 1.76967
33800 1.76967
33900 1.76967
34000 1.76967
34000 1.76967
34100 1.76967
34200 1.76967
34300 1.76966
34400 1.76966
34500 1.76966
34600 1.76966
34700 1.76966
34800 1.76966
34900 1.76966
35000 1.76966
35000 1.76966
35100 1.76966
35200 1.76966
35300 1.76966
35400 1.76966
35500 1.76966
35600 1.76966
35700 1.76966
35800 1.76966
35900 1.76966
36000 1.76966
36000 1.76966
36100 1.76965
36200 1.76965
36300 1.76965
36400 1.76965
36500 1.76965
36600 1.76965
36700 1.76965
36800 1.76965
36900 1.76965
37000 1.76965
37000 1.76965
37100 1.76965
37200 1.76965
37300 1.76965
37400 1.76965
37500 1.76965
37600 1.76965
37700 1.76965
37800 1.76965
37900 1.76965
38000 1.76964
38000 1.76964
38100 1.76964
38200 1.76964
38300 1.76964
38400 1.76964
38500 1.76964
38600 1.76964
38700 1.76964
38800 1.76964
38900 1.76964
39000 1.76964
39000 1.76964
39100 1.76964
39200 1.76964
39300 1.76964
39400 1.76964
39500 1.76964
39600 1.76964
39700 1.76964
39800 1.76964
39900 1.76963
40000 1.76963
40000 1.76963
40100 1.76963
40200 1.76963
40300 1.76963
40400 1.76963
40500 1.76963
40600 1.76963
40700 1.76963
40800 1.76963
40900 1.76963
41000 1.76963
41000 1.76963
41100 1.76963
41200 1.76963
41300 1.76963
41400 1.76963
41500 1.76963
41600 1.76963
41700 1.76962
41800 1.76962
41900 1.76962
42000 1.76962
42000 1.76962
42100 1.76962
42200 1.76962
42300 1.76962
42400 1.76962
42500 1.76962
42600 1.76962
42700 1.76962
42800 1.76962
42900 1.76962
43000 1.76962
43000 1.76962
43100 1.76962
43200 1.76962
43300 1.76962
43400 1.76962
43500 1.76962
43600 1.76961
43700 1.76961
43800 1.76961
43900 1.76961
44000 1.76961
44000 1.76961
44100 1.76961
44200 1.76961
44300 1.76961
44400 1.76961
44500 1.76961
44600 1.76961
44700 1.76961
44800 1.76961
44900 1.76961
45000 1.76961
45000 1.76961
45100 1.76961
45200 1.76961
45300 1.76961
45400 1.76961
45500 1.7696
45600 1.7696
45700 1.7696
45800 1.7696
45900 1.7696
46000 1.7696
46000 1.7696
46100 1.7696
46200 1.7696
46300 1.7696
46400 1.7696
46500 1.7696
46600 1.7696
46700 1.7696
46800 1.7696
46900 1.7696
47000 1.7696
47000 1.7696
47100 1.7696
47200 1.7696
47300 1.76959
47400 1.76959
47500 1.76959
47600 1.76959
47700 1.76959
47800 1.76959
47900 1.76959
48000 1.76959
48000 1.76959
48100 1.76959
48200 1.76959
48300 1.76959
48400 1.76959
48500 1.76959
48600 1.76959
48700 1.76959
48800 1.76959
48900 1.76959
49000 1.76959
49000 1.76959
49100 1.76959
49200 1.76958
49300 1.76958
49400 1.76958
49500 1.76958
49600 1.76958
49700 1.76958
49800 1.76958
49900 1.76958
50000 1.76958
50000 1.76958
50100 1.76958
50200 1.76958
50300 1.76958
50400 1.76958
50500 1.76958
50600 1.76958
50700 1.76958
50800 1.76958
50900 1.76958
51000 1.76958
51000 1.76958
51100 1.76957
51200 1.76957
51300 1.76957
51400 1.76957
51500 1.76957
51600 1.76957
51700 1.76957
51800 1.76957
51900 1.76957
52000 1.76957
52000 1.76957
52100 1.76957
52200 1.76957
52300 1.76957
52400 1.76957
52500 1.76957
52600 1.76957
52700 1.76957
52800 1.76957
52900 1.76956
53000 1.76956
53000 1.76956
53100 1.76956
53200 1.76956
53300 1.76956
53400 1.76956
53500 1.76956
53600 1.76956
53700 1.76956
53800 1.76956
53900 1.76956
54000 1.76956
54000 1.76956
54100 1.76956
54200 1.76956
54300 1.76956
54400 1.76956
54500 1.76956
54600 1.76956
54700 1.76956
54800 1.76955
54900 1.76955
55000 1.76955
55000 1.76955
55100 1.76955
55200 1.76955
55300 1.76955
55400 1.76955
55500 1.76955
55600 1.76955
55700 1.76955
55800 1.76955
55900 1.76955
56000 1.76955
56000 1.76955
56100 1.76955
56200 1.76955
56300 1.76955
56400 1.76955
56500 1.76955
56600 1.76955
56700 1.76954
56800 1.76954
56900 1.76954
57000 1.76954
57000 1.76954
57100 1.76954
57200 1.76954
57300 1.76954
57400 1.76954
57500 1.76954
57600 1.76954
57700 1.76954
57800 1.76954
57900 1.76954
58000 1.76954
58000 1.76954
58100 1.76954
58200 1.76954
58300 1.76954
58400 1.76954
58500 1.76953
58600 1.76953
58700 1.76953
58800 1.76953
58900 1.76953
59000 1.76953
59000 1.76953
59100 1.76953
59200 1.76953
59300 1.76953
59400 1.76953
59500 1.76953
59600 1.76953
59700 1.76953
59800 1.76953
59900 1.76953
60000 1.76953
60000 1.76953
60100 1.76953
60200 1.76953
60300 1.76953
60400 1.76952
60500 1.76952
60600 1.76952
60700 1.76952
60800 1.76952
60900 1.76952
61000 1.76952
61000 1.76952
61100 1.76952
61200 1.76952
61300 1.76952
61400 1.76952
61500 1.76952
61600 1.76952
61700 1.76952
61800 1.76952
61900 1.76952
62000 1.76952
62000 1.76952
62100 1.76952
62200 1.76951
62300 1.76951
62400 1.76951
62500 1.76951
62600 1.76951
62700 1.76951
62800 1.76951
62900 1.76951
63000 1.76951
63000 1.76951
63100 1.76951
63200 1.76951
63300 1.76951
63400 1.76951
63500 1.76951
63600 1.76951
63700 1.76951
63800 1.76951
63900 1.76951
64000 1.76951
64000 1.76951
64100 1.7695
64200 1.7695
64300 1.7695
64400 1.7695
64500 1.7695
64600 1.7695
64700 1.7695
64800 1.7695
64900 1.7695
65000 1.7695
65000 1.7695
65100 1.7695
65200 1.7695
65300 1.7695
65400 1.7695
65500 1.7695
65600 1.7695
65700 1.7695
65800 1.7695
65900 1.7695
66000 1.76949
66000 1.76949
66100 1.76949
66200 1.76949
66300 1.76949
66400 1.76949
66500 1.76949
66600 1.76949
66700 1.76949
66800 1.76949
66900 1.76949
67000 1.76949
67000 1.76949
67100 1.76949
67200 1.76949
67300 1.76949
67400 1.76949
67500 1.76949
67600 1.76949
67700 1.76949
67800 1.76948
67900 1.76948
68000 1.76948
68000 1.76948
68100 1.76948
68200 1.76948
68300 1.76948
68400 1.76948
68500 1.76948
68600 1.76948
68700 1.76948
68800 1.76948
68900 1.76948
69000 1.76948
69000 1.76948
69100 1.76948
69200 1.76948
69300 1.76948
69400 1.76948
69500 1.76948
69600 1.76948
69700 1.76947
69800 1.76947
69900 1.76947
70000 1.76947
70000 1.76947
70100 1.76947
70200 1.76947
70300 1.76947
70400 1.76947
70500 1.76947
70600 1.76947
70700 1.76947
70800 1.76947
70900 1.76947
71000 1.76947
71000 1.76947
71100 1.76947
71200 1.76947
71300 1.76947
71400 1.76947
71500 1.76947
71600 1.76946
71700 1.76946
71800 1.76946
71900 1.76946
72000 1.76946
72000 1.76946
72100 1.76946
72200 1.76946
72300 1.76946
72400 1.76946
72500 1.76946
72600 1.76946
72700 1.76946
72800 1.76946
72900 1.76946
73000 1.76946
73000 1.76946
73100 1.76946
73200 1.76946
73300 1.76946
73400 1.76945
73500 1.76945
73600 1.76945
73700 1.76945
73800 1.76945
73900 1.76945
74000 1.76945
74000 1.76945
74100 1.76945
74200 1.76945
74300 1.76945
74400 1.76945
74500 1.76945
74600 1.76945
74700 1.76945
74800 1.76945
74900 1.76945
75000 1.76945
75000 1.76945
75100 1.76945
75200 1.76945
75300 1.76944
75400 1.76944
75500 1.76944
75600 1.76944
75700 1.76944
75800 1.76944
75900 1.76944
76000 1.76944
76000 1.76944
76100 1.76944
76200 1.76944
76300 1.76944
76400 1.76944
76500 1.76944
76600 1.76944
76700 1.76944
76800 1.76944
76900 1.76944
77000 1.76944
77000 1.76944
77100 1.76944
77200 1.76943
77300 1.76943
77400 1.76943
77500 1.76943
77600 1.76943
77700 1.76943
77800 1.76943
77900 1.76943
78000 1.76943
78000 1.76943
78100 1.76943
78200 1.76943
78300 1.76943
78400 1.76943
78500 1.76943
78600 1.76943
78700 1.76943
78800 1.76943
78900 1.76943
79000 1.76942
79000 1.76942
79100 1.76942
79200 1.76942
79300 1.76942
79400 1.76942
79500 1.76942
79600 1.76942
79700 1.76942
79800 1.76942
79900 1.76942
80000 1.76942
80000 1.76942
80100 1.76942
80200 1.76942
80300 1.76942
80400 1.76942
80500 1.76942
80600 1.76942
80700 1.76942
80800 1.76942
80900 1.76941
81000 1.76941
81000 1.76941
81100 1.76941
81200 1.76941
81300 1.76941
81400 1.76941
81500 1.76941
81600 1.76941
81700 1.76941
81800 1.76941
81900 1.76941
82000 1.76941
82000 1.76941
82100 1.76941
82200 1.76941
82300 1.76941
82400 1.76941
82500 1.76941
82600 1.76941
82700 1.76941
82800 1.7694
82900 1.7694
83000 1.7694
83000 1.7694
83100 1.7694
83200 1.7694
83300 1.7694
83400 1.7694
83500 1.7694
83600 1.7694
83700 1.7694
83800 1.7694
83900 1.7694
84000 1.7694
84000 1.7694
84100 1.7694
84200 1.7694
84300 1.7694
84400 1.7694
84500 1.7694
84600 1.76939
84700 1.76939
84800 1.76939
84900 1.76939
85000 1.76939
85000 1.76939
85100 1.76939
85200 1.76939
85300 1.76939
85400 1.76939
85500 1.76939
85600 1.76939
85700 1.76939
85800 1.76939
85900 1.76939
86000 1.76939
86000 1.76939
86100 1.76939
86200 1.76939
86300 1.76939
86400 1.76939
86500 1.76938
86600 1.76938
86700 1.76938
86800 1.76938
86900 1.76938
87000 1.76938
87000 1.76938
87100 1.76938
87200 1.76938
87300 1.76938
87400 1.76938
87500 1.76938
87600 1.76938
87700 1.76938
87800 1.76938
87900 1.76938
88000 1.76938
88000 1.76938
88100 1.76938
88200 1.76938
88300 1.76938
88400 1.76937
88500 1.76937
88600 1.76937
88700 1.76937
88800 1.76937
88900 1.76937
89000 1.76937
89000 1.76937
89100 1.76937
89200 1.76937
89300 1.76937
89400 1.76937
89500 1.76937
89600 1.76937
89700 1.76937
89800 1.76937
89900 1.76937
90000 1.76937
90000 1.76937
90100 1.76937
90200 1.76936
90300 1.76936
90400 1.76936
90500 1.76936
90600 1.76936
90700 1.76936
90800 1.76936
90900 1.76936
91000 1.76936
91000 1.76936
91100 1.76936
91200 1.76936
91300 1.76936
91400 1.76936
91500 1.76936
91600 1.76936
91700 1.76936
91800 1.76936
91900 1.76936
92000 1.76936
92000 1.76936
92100 1.76935
92200 1.76935
92300 1.76935
92400 1.76935
92500 1.76935
92600 1.76935
92700 1.76935
92800 1.76935
92900 1.76935
93000 1.76935
93000 1.76935
93100 1.76935
93200 1.76935
93300 1.76935
93400 1.76935
93500 1.76935
93600 1.76935
93700 1.76935
93800 1.76935
93900 1.76935
94000 1.76934
94000 1.76934
94100 1.76934
94200 1.76934
94300 1.76934
94400 1.76934
94500 1.76934
94600 1.76934
94700 1.76934
94800 1.76934
94900 1.76934
95000 1.76934
95000 1.76934
95100 1.76934
95200 1.76934
95300 1.76934
95400 1.76934
95500 1.76934
95600 1.76934
95700 1.76934
95800 1.76933
95900 1.76933
96000 1.76933
96000 1.76933
96100 1.76933
96200 1.76933
96300 1.76933
96400 1.76933
96500 1.76933
96600 1.76933
96700 1.76933
96800 1.76933
96900 1.76933
97000 1.76933
97000 1.76933
97100 1.76933
97200 1.76933
97300 1.76933
97400 1.76933
97500 1.76933
97600 1.76933
97700 1.76932
97800 1.76932
97900 1.76932
98000 1.76932
98000 1.76932
98100 1.76932
98200 1.76932
98300 1.76932
98400 1.76932
98500 1.76932
98600 1.76932
98700 1.76932
98800 1.76932
98900 1.76932
99000 1.76932
99000 1.76932
99100 1.76932
99200 1.76932
99300 1.76932
99400 1.76932
99500 1.76931
99600 1.76931
99700 1.76931
99800 1.76931
99900 1.76931
100000 1.76931
100000 1.76931
100100 1.76931
100200 1.76931
100300 1.76931
100400 1.76931
100500 1.76931
100600 1.76931
100700 1.76931
100800 1.76931
100900 1.76931
101000 1.76931
101000 1.76931
101100 1.76931
101200 1.76931
101300 1.76931
101400 1.7693
101500 1.7693
101600 1.7693
101700 1.7693
101800 1.7693
101900 1.7693
102000 1.7693
102000 1.7693
102100 1.7693
102200 1.7693
102300 1.7693
102400 1.7693
102500 1.7693
102600 1.7693
102700 1.7693
102800 1.7693
102900 1.7693
103000 1.7693
103000 1.7693
103100 1.7693
103200 1.7693
103300 1.76929
103400 1.76929
103500 1.76929
103600 1.76929
103700 1.76929
103800 1.76929
103900 1.76929
104000 1.76929
104000 1.76929
104100 1.76929
104200 1.76929
104300 1.76929
104400 1.76929
104500 1.76929
104600 1.76929
104700 1.76929
104800 1.76929
104900 1.76929
105000 1.76929
105000 1.76929
105100 1.76928
105200 1.76928
105300 1.76928
105400 1.76928
105500 1.76928
105600 1.76928
105700 1.76928
105800 1.76928
105900 1.76928
106000 1.76928
106000 1.76928
106100 1.76928
106200 1.76928
106300 1.76928
106400 1.76928
106500 1.76928
106600 1.76928
106700 1.76928
106800 1.76928
106900 1.76928
107000 1.76927
107000 1.76927
107100 1.76927
107200 1.76927
107300 1.76927
107400 1.76927
107500 1.76927
107600 1.76927
107700 1.76927
107800 1.76927
107900 1.76927
108000 1.76927
108000 1.76927
108100 1.76927
108200 1.76927
108300 1.76927
108400 1.76927
108500 1.76927
108600 1.76927
108700 1.76927
108800 1.76927
108900 1.76926
109000 1.76926
109000 1.76926
109100 1.76926
109200 1.76926
109300 1.76926
109400 1.76926
109500 1.76926
109600 1.76926
109700 1.76926
109800 1.76926
109900 1.76926
110000 1.76926
110000 1.76926
110100 1.76926
110200 1.76926
110300 1.76926
110400 1.76926
110500 1.76926
110600 1.76926
110700 1.76925
110800 1.76925
110900 1.76925
111000 1.76925
111000 1.76925
111100 1.76925
111200 1.76925
111300 1.76925
111400 1.76925
111500 1.76925
111600 1.76925
111700 1.76925
111800 1.76925
111900 1.76925
112000 1.76925
112000 1.76925
112100 1.76925
112200 1.76925
112300 1.76925
112400 1.76925
112500 1.76925
112600 1.76924
112700 1.76924
112800 1.76924
112900 1.76924
113000 1.76924
113000 1.76924
113100 1.76924
113200 1.76924
113300 1.76924
113400 1.76924
113500 1.76924
113600 1.76924
113700 1.76924
113800 1.76924
113900 1.76924
114000 1.76924
114000 1.76924
114100 1.76924
114200 1.76924
114300 1.76924
114400 1.76924
114500 1.76923
114600 1.76923
114700 1.76923
114800 1.76923
114900 1.76923
115000 1.76923
115000 1.76923
115100 1.76923
115200 1.76923
115300 1.76923
115400 1.76923
115500 1.76923
115600 1.76923
115700 1.76923
115800 1.76923
115900 1.76923
116000 1.76923
116000 1.76923
116100 1.76923
116200 1.76923
116300 1.76922
116400 1.76922
116500 1.76922
116600 1.76922
116700 1.76922
116800 1.76922
116900 1.76922
117000 1.76922
117000 1.76922
117100 1.76922
117200 1.76922
117300 1.76922
117400 1.76922
117500 1.76922
117600 1.76922
117700 1.76922
117800 1.76922
117900 1.76922
118000 1.76922
118000 1.76922
118100 1.76922
118200 1.76921
118300 1.76921
118400 1.76921
118500 1.76921
118600 1.76921
118700 1.76921
118800 1.76921
118900 1.76921
119000 1.76921
119000 1.76921
119100 1.76921
119200 1.76921
119300 1.76921
119400 1.76921
119500 1.76921
119600 1.76921
119700 1.76921
119800 1.76921
119900 1.76921
120000 1.76921
120000 1.76921
120100 1.7692
120200 1.7692
120300 1.7692
120400 1.7692
120500 1.7692
120600 1.7692
120700 1.7692
120800 1.7692
120900 1.7692
121000 1.7692
121000 1.7692
121100 1.7692
121200 1.7692
121300 1.7692
121400 1.7692
121500 1.7692
121600 1.7692
121700 1.7692
121800 1.7692
121900 1.76919
122000 1.76919
122000 1.76919
122100 1.76919
122200 1.76919
122300 1.76919
122400 1.76919
122500 1.76919
122600 1.76919
122700 1.76919
122800 1.76919
122900 1.76919
123000 1.76919
123000 1.76919
123100 1.76919
123200 1.76919
123300 1.76919
123400 1.76919
123500 1.76919
123600 1.76919
123700 1.76919
123800 1.76918
123900 1.76918
124000 1.76918
124000 1.76918
124100 1.76918
124200 1.76918
124300 1.76918
124400 1.76918
124500 1.76918
124600 1.76918
124700 1.76918
124800 1.76918
124900 1.76918
125000 1.76918
125000 1.76918
125100 1.76918
125200 1.76918
125300 1.76918
125400 1.76918
125500 1.76918
125600 1.76918
125700 1.76917
125800 1.76917
125900 1.76917
126000 1.76917
126000 1.76917
126100 1.76917
126200 1.76917
126300 1.76917
126400 1.76917
126500 1.76917
126600 1.76917
126700 1.76917
126800 1.76917
126900 1.76917
127000 1.76917
127000 1.76917
127100 1.76917
127200 1.76917
127300 1.76917
127400 1.76917
127500 1.76916
127600 1.76916
127700 1.76916
127800 1.76916
127900 1.76916
128000 1.76916
128000 1.76916
128100 1.76916
128200 1.76916
128300 1.76916
128400 1.76916
128500 1.76916
128600 1.76916
128700 1.76916
128800 1.76916
128900 1.76916
129000 1.76916
129000 1.76916
129100 1.76916
129200 1.76916
129300 1.76916
129400 1.76915
129500 1.76915
129600 1.76915
129700 1.76915
129800 1.76915
129900 1.76915
130000 1.76915
130000 1.76915
130100 1.76915
130200 1.76915
130300 1.76915
130400 1.76915
130500 1.76915
130600 1.76915
130700 1.76915
130800 1.76915
130900 1.76915
131000 1.76915
131000 1.76915
131100 1.76915
131200 1.76915
131300 1.76914
131400 1.76914
131500 1.76914
131600 1.76914
131700 1.76914
131800 1.76914
131900 1.76914
132000 1.76914
132000 1.76914
132100 1.76914
132200 1.76914
132300 1.76914
132400 1.76914
132500 1.76914
132600 1.76914
132700 1.76914
132800 1.76914
132900 1.76914
133000 1.76914
133000 1.76914
133100 1.76913
133200 1.76913
133300 1.76913
133400 1.76913
133500 1.76913
133600 1.76913
133700 1.76913
133800 1.76913
133900 1.76913
134000 1.76913
134000 1.76913
134100 1.76913
134200 1.76913
134300 1.76913
134400 1.76913
134500 1.76913
134600 1.76913
134700 1.76913
134800 1.76913
134900 1.76913
135000 1.76912
135000 1.76912
135100 1.76912
135200 1.76912
135300 1.76912
135400 1.76912
135500 1.76912
135600 1.76912
135700 1.76912
135800 1.76912
135900 1.76912
136000 1.76912
136000 1.76912
136100 1.76912
136200 1.76912
136300 1.76912
136400 1.76912
136500 1.76912
136600 1.76912
136700 1.76912
136800 1.76912
136900 1.76911
137000 1.76911
137000 1.76911
137100 1.76911
137200 1.76911
137300 1.76911
137400 1.76911
137500 1.76911
137600 1.76911
137700 1.76911
137800 1.76911
137900 1.76911
138000 1.76911
138000 1.76911
138100 1.76911
138200 1.76911
138300 1.76911
138400 1.76911
138500 1.76911
138600 1.76911
138700 1.7691
138800 1.7691
138900 1.7691
139000 1.7691
139000 1.7691
139100 1.7691
139200 1.7691
139300 1.7691
139400 1.7691
139500 1.7691
139600 1.7691
139700 1.7691
139800 1.7691
139900 1.7691
140000 1.7691
140000 1.7691
140100 1.7691
140200 1.7691
140300 1.7691
140400 1.7691
140500 1.7691
140600 1.76909
140700 1.76909
140800 1.76909
140900 1.76909
141000 1.76909
141000 1.76909
141100 1.76909
141200 1.76909
141300 1.76909
141400 1.76909
141500 1.76909
141600 1.76909
141700 1.76909
141800 1.76909
141900 1.76909
142000 1.76909
142000 1.76909
142100 1.76909
142200 1.76909
142300 1.76909
142400 1.76908
142500 1.76908
142600 1.76908
142700 1.76908
142800 1.76908
142900 1.76908
143000 1.76908
143000 1.76908
143100 1.76908
143200 1.76908
143300 1.76908
143400 1.76908
143500 1.76908
143600 1.76908
143700 1.76908
143800 1.76908
143900 1.76908
144000 1.76908
144000 1.76908
144100 1.76908
144200 1.76908
144300 1.76907
144400 1.76907
144500 1.76907
144600 1.76907
144700 1.76907
144800 1.76907
144900 1.76907
145000 1.76907
145000 1.76907
145100 1.76907
145200 1.76907
145300 1.76907
145400 1.76907
145500 1.76907
145600 1.76907
145700 1.76907
145800 1.76907
145900 1.76907
146000 1.76907
146000 1.76907
146100 1.76907
146200 1.76906
146300 1.76906
146400 1.76906
146500 1.76906
146600 1.76906
146700 1.76906
146800 1.76906
146900 1.76906
147000 1.76906
147000 1.76906
147100 1.76906
147200 1.76906
147300 1.76906
147400 1.76906
147500 1.76906
147600 1.76906
147700 1.76906
147800 1.76906
147900 1.76906
148000 1.76905
148000 1.76905
148100 1.76905
148200 1.76905
148300 1.76905
148400 1.76905
148500 1.76905
148600 1.76905
148700 1.76905
148800 1.76905
148900 1.76905
149000 1.76905
149000 1.76905
149100 1.76905
149200 1.76905
149300 1.76905
149400 1.76905
149500 1.76905
149600 1.76905
149700 1.76905
149800 1.76905
149900 1.76904
150000 1.76904
150000 1.76904
150100 1.76904
150200 1.76904
150300 1.76904
150400 1.76904
150500 1.76904
150600 1.76904
150700 1.76904
150800 1.76904
150900 1.76904
151000 1.76904
151000 1.76904
151100 1.76904
151200 1.76904
151300 1.76904
151400 1.76904
151500 1.76904
151600 1.76904
151700 1.76904
151800 1.76903
151900 1.76903
152000 1.76903
152000 1.76903
152100 1.76903
152200 1.76903
152300 1.76903
152400 1.76903
152500 1.76903
152600 1.76903
152700 1.76903
152800 1.76903
152900 1.76903
153000 1.76903
153000 1.76903
153100 1.76903
153200 1.76903
153300 1.76903
153400 1.76903
153500 1.76903
153600 1.76902
153700 1.76902
153800 1.76902
153900 1.76902
154000 1.76902
154000 1.76902
154100 1.76902
154200 1.76902
154300 1.76902
154400 1.76902
154500 1.76902
154600 1.76902
154700 1.76902
154800 1.76902
154900 1.76902
155000 1.76902
155000 1.76902
155100 1.76902
155200 1.76902
155300 1.76902
155400 1.76902
155500 1.76901
155600 1.76901
155700 1.76901
155800 1.76901
155900 1.76901
156000 1.76901
156000 1.76901
156100 1.76901
156200 1.76901
156300 1.76901
156400 1.76901
156500 1.76901
156600 1.76901
156700 1.76901
156800 1.76901
156900 1.76901
157000 1.76901
157000 1.76901
157100 1.76901
157200 1.76901
157300 1.76901
157400 1.769
157500 1.769
157600 1.769
157700 1.769
157800 1.769
157900 1.769
158000 1.769
158000 1.769
158100 1.769
158200 1.769
158300 1.769
158400 1.769
158500 1.769
158600 1.769
158700 1.769
158800 1.769
158900 1.769
159000 1.769
159000 1.769
159100 1.769
159200 1.76899
159300 1.76899
159400 1.76899
159500 1.76899
159600 1.76899
159700 1.76899
159800 1.76899
159900 1.76899
160000 1.76899
160000 1.76899
160100 1.76899
160200 1.76899
160300 1.76899
160400 1.76899
160500 1.76899
160600 1.76899
160700 1.76899
160800 1.76899
160900 1.76899
161000 1.76899
161000 1.76899
161100 1.76898
161200 1.76898
161300 1.76898
161400 1.76898
161500 1.76898
161600 1.76898
161700 1.76898
161800 1.76898
161900 1.76898
162000 1.76898
162000 1.76898
162100 1.76898
162200 1.76898
162300 1.76898
162400 1.76898
162500 1.76898
162600 1.76898
162700 1.76898
162800 1.76898
162900 1.76898
163000 1.76897
163000 1.76897
163100 1.76897
163200 1.76897
163300 1.76897
163400 1.76897
163500 1.76897
163600 1.76897
163700 1.76897
163800 1.76897
163900 1.76897
164000 1.76897
164000 1.76897
164100 1.76897
164200 1.76897
164300 1.76897
164400 1.76897
164500 1.76897
164600 1.76897
164700 1.76897
164800 1.76896
164900 1.76896
165000 1.76896
165000 1.76896
165100 1.76896
165200 1.76896
165300 1.76896
165400 1.76896
165500 1.76896
165600 1.76896
165700 1.76896
165800 1.76896
165900 1.76896
166000 1.76896
166000 1.76896
166100 1.76896
166200 1.76896
166300 1.76896
166400 1.76896
166500 1.76896
166600 1.76896
166700 1.76895
166800 1.76895
166900 1.76895
167000 1.76895
167000 1.76895
167100 1.76895
167200 1.76895
167300 1.76895
167400 1.76895
167500 1.76895
167600 1.76895
167700 1.76895
167800 1.76895
167900 1.76895
168000 1.76895
168000 1.76895
168100 1.76895
168200 1.76895
168300 1.76895
168400 1.76895
168500 1.76895
168600 1.76894
168700 1.76894
168800 1.76894
168900 1.76894
169000 1.76894
169000 1.76894
169100 1.76894
169200 1.76894
169300 1.76894
169400 1.76894
169500 1.76894
169600 1.76894
169700 1.76894
169800 1.76894
169900 1.76894
170000 1.76894
170000 1.76894
170100 1.76894
170200 1.76894
170300 1.76894
170400 1.76893
170500 1.76893
170600 1.76893
170700 1.76893
170800 1.76893
170900 1.76893
171000 1.76893
171000 1.76893
171100 1.76893
171200 1.76893
171300 1.76893
171400 1.76893
171500 1.76893
171600 1.76893
171700 1.76893
171800 1.76893
171900 1.76893
172000 1.76893
172000 1.76893
172100 1.76893
172200 1.76893
172300 1.76892
172400 1.76892
172500 1.76892
172600 1.76892
172700 1.76892
172800 1.76892
172900 1.76892
173000 1.76892
173000 1.76892
173100 1.76892
173200 1.76892
173300 1.76892
173400 1.76892
173500 1.76892
173600 1.76892
173700 1.76892
173800 1.76892
173900 1.76892
174000 1.76892
174000 1.76892
174100 1.76892
174200 1.76891
174300 1.76891
174400 1.76891
174500 1.76891
174600 1.76891
174700 1.76891
174800 1.76891
174900 1.76891
175000 1.76891
175000 1.76891
175100 1.76891
175200 1.76891
175300 1.76891
175400 1.76891
175500 1.76891
175600 1.76891
175700 1.76891
175800 1.76891
175900 1.76891
176000 1.7689
176000 1.7689
176100 1.7689
176200 1.7689
176300 1.7689
176400 1.7689
176500 1.7689
176600 1.7689
176700 1.7689
176800 1.7689
176900 1.7689
177000 1.7689
177000 1.7689
177100 1.7689
177200 1.7689
177300 1.7689
177400 1.7689
177500 1.7689
177600 1.7689
177700 1.7689
177800 1.7689
177900 1.76889
178000 1.76889
178000 1.76889
178100 1.76889
178200 1.76889
178300 1.76889
178400 1.76889
178500 1.76889
178600 1.76889
178700 1.76889
178800 1.76889
178900 1.76889
179000 1.76889
179000 1.76889
179100 1.76889
179200 1.76889
179300 1.76889
179400 1.76889
179500 1.76889
179600 1.76889
179700 1.76889
179800 1.76888
179900 1.76888
180000 1.76888
180000 1.76888
180100 1.76888
180200 1.76888
180300 1.76888
180400 1.76888
180500 1.76888
180600 1.76888
180700 1.76888
180800 1.76888
180900 1.76888
181000 1.76888
181000 1.76888
181100 1.76888
181200 1.76888
181300 1.76888
181400 1.76888
181500 1.76888
181600 1.76887
181700 1.76887
181800 1.76887
181900 1.76887
182000 1.76887
182000 1.76887
182100 1.76887
182200 1.76887
182300 1.76887
182400 1.76887
182500 1.76887
182600 1.76887
182700 1.76887
182800 1.76887
182900 1.76887
183000 1.76887
183000 1.76887
183100 1.76887
183200 1.76887
183300 1.76887
183400 1.76887
183500 1.76886
183600 1.76886
183700 1.76886
183800 1.76886
183900 1.76886
184000 1.76886
184000 1.76886
184100 1.76886
184200 1.76886
184300 1.76886
184400 1.76886
184500 1.76886
184600 1.76886
184700 1.76886
184800 1.76886
184900 1.76886
185000 1.76886
185000 1.76886
185100 1.76886
185200 1.76886
185300 1.76886
185400 1.76885
185500 1.76885
185600 1.76885
185700 1.76885
185800 1.76885
185900 1.76885
186000 1.76885
186000 1.76885
186100 1.76885
186200 1.76885
186300 1.76885
186400 1.76885
186500 1.76885
186600 1.76885
186700 1.76885
186800 1.76885
186900 1.76885
187000 1.76885
187000 1.76885
187100 1.76885
187200 1.76884
187300 1.76884
187400 1.76884
187500 1.76884
187600 1.76884
187700 1.76884
187800 1.76884
187900 1.76884
188000 1.76884
188000 1.76884
188100 1.76884
188200 1.76884
188300 1.76884
188400 1.76884
188500 1.76884
188600 1.76884
188700 1.76884
188800 1.76884
188900 1.76884
189000 1.76884
189000 1.76884
189100 1.76883
189200 1.76883
189300 1.76883
189400 1.76883
189500 1.76883
189600 1.76883
189700 1.76883
189800 1.76883
189900 1.76883
190000 1.76883
190000 1.76883
190100 1.76883
190200 1.76883
190300 1.76883
190400 1.76883
190500 1.76883
190600 1.76883
190700 1.76883
190800 1.76883
190900 1.76883
191000 1.76882
191000 1.76882
191100 1.76882
191200 1.76882
191300 1.76882
191400 1.76882
191500 1.76882
191600 1.76882
191700 1.76882
191800 1.76882
191900 1.76882
192000 1.76882
192000 1.76882
192100 1.76882
192200 1.76882
192300 1.76882
192400 1.76882
192500 1.76882
192600 1.76882
192700 1.76882
192800 1.76881
192900 1.76881
193000 1.76881
193000 1.76881
193100 1.76881
193200 1.76881
193300 1.76881
193400 1.76881
193500 1.76881
193600 1.76881
193700 1.76881
193800 1.76881
193900 1.76881
194000 1.76881
194000 1.76881
194100 1.76881
194200 1.76881
194300 1.76881
194400 1.76881
194500 1.76881
194600 1.76881
194700 1.7688
194800 1.7688
194900 1.7688
195000 1.7688
195000 1.7688
195100 1.7688
195200 1.7688
195300 1.7688
195400 1.7688
195500 1.7688
195600 1.7688
195700 1.7688
195800 1.7688
195900 1.7688
196000 1.7688
196000 1.7688
196100 1.7688
196200 1.7688
196300 1.7688
196400 1.7688
196500 1.76879
196600 1.76879
196700 1.76879
196800 1.76879
196900 1.76879
197000 1.76879
197000 1.76879
197100 1.76879
197200 1.76879
197300 1.76879
197400 1.76879
197500 1.76879
197600 1.76879
197700 1.76879
197800 1.76879
197900 1.76879
198000 1.76879
198000 1.76879
198100 1.76879
198200 1.76879
198300 1.76879
198400 1.76878
198500 1.76878
198600 1.76878
198700 1.76878
198800 1.76878
198900 1.76878
199000 1.76878
199000 1.76878
199100 1.76878
199200 1.76878
199300 1.76878
199400 1.76878
199500 1.76878
199600 1.76878
199700 1.76878
199800 1.76878
199900 1.76878
200000 1.76878
200000 1.76878
200100 1.76878
200200 1.76878
200300 1.76877
200400 1.76877
200500 1.76877
200600 1.76877
200700 1.76877
200800 1.76877
200900 1.76877
201000 1.76877
201000 1.76877
201100 1.76877
201200 1.76877
201300 1.76877
201400 1.76877
201500 1.76877
201600 1.76877
201700 1.76877
201800 1.76877
201900 1.76877
202000 1.76877
202000 1.76877
202100 1.76876
202200 1.76876
202300 1.76876
202400 1.76876
202500 1.76876
202600 1.76876
202700 1.76876
202800 1.76876
202900 1.76876
203000 1.76876
203000 1.76876
203100 1.76876
203200 1.76876
203300 1.76876
203400 1.76876
203500 1.76876
203600 1.76876
203700 1.76876
203800 1.76876
203900 1.76876
