0 3
0 2.99995
2 2.99773
100 2.97643
200 2.95477
300 2.93327
400 2.91194
500 2.89078
600 2.86977
700 2.84893
800 2.82825
900 2.80773
1000 2.78737
1000 2.78737
1024 2.7825
1026 2.78059
1100 2.76567
1200 2.74562
1300 2.72574
1400 2.706
1500 2.68642
1600 2.66699
1700 2.6477
1800 2.62857
1900 2.60958
2000 2.59074
2000 2.59074
2048 2.58174
2050 2.57983
2100 2.57054
2200 2.552
2300 2.5336
2400 2.51534
2500 2.49723
2502 2.49679
2505 2.49112
2505 2.49109
2506 2.49025
2506 2.4902
2509 2.48826
2509 2.48823
2510 2.48637
2600 2.47032
2700 2.45255
2800 2.43491
2900 2.41741
3000 2.40005
3000 2.40005
3072 2.38763
3074 2.38599
3100 2.38153
3176 2.36846
3200 2.36854
3300 2.36888
3400 2.36922
3500 2.36956
3600 2.36991
3700 2.37025
3800 2.37059
3900 2.37093
4000 2.37127
4000 2.37127
4094 2.37159
4096 2.37132
4098 2.36957
4098 2.36957
4100 2.36957
4200 2.36991
4300 2.37026
4400 2.3706
4500 2.37094
4600 2.37128
4700 2.37162
4800 2.37196
4900 2.3723
5000 2.37264
5000 2.37264
5100 2.37298
5118 2.37305
5120 2.37277
5122 2.37115
5200 2.35787
5224 2.35373
5300 2.35399
5400 2.35434
5500 2.35469
5600 2.35504
5700 2.35538
5800 2.35573
5900 2.35608
6000 2.35642
6000 2.35642
6100 2.35677
6142 2.35692
6144 2.35665
6146 2.3549
6146 2.3549
6200 2.35509
6300 2.35544
6400 2.35578
6500 2.35613
6600 2.35648
6700 2.35682
6800 2.35717
6900 2.35752
7000 2.35786
7000 2.35786
7100 2.35821
7166 2.35844
7168 2.35817
7170 2.35655
7200 2.35147
7272 2.33925
7300 2.33935
7400 2.3397
7500 2.34005
7600 2.34041
7700 2.34076
7800 2.34111
7900 2.34146
8000 2.34182
8000 2.34182
8100 2.34217
8190 2.34248
8192 2.34222
8194 2.34048
8194 2.34048
8200 2.3405
8300 2.34086
8400 2.34121
8500 2.34156
8600 2.34191
8700 2.34226
8800 2.34262
8900 2.34297
9000 2.34332
9000 2.34332
9100 2.34367
9200 2.34402
9214 2.34407
9216 2.3438
9218 2.3422
9300 2.32843
9320 2.32501
9400 2.3253
9500 2.32565
9600 2.32601
9700 2.32637
9800 2.32673
9900 2.32708
10000 2.32744
10000 2.32744
10100 2.3278
10200 2.32815
10238 2.32829
10240 2.32803
10242 2.3263
10242 2.3263
10300 2.32651
10400 2.32687
10500 2.32723
10600 2.32758
10700 2.32794
10800 2.3283
10900 2.32865
11000 2.32901
11000 2.32901
11100 2.32937
11200 2.32972
11262 2.32995
11264 2.32968
11266 2.32808
11300 2.3224
11368 2.31101
11400 2.31112
11500 2.31148
11600 2.31185
11700 2.31221
11800 2.31257
11900 2.31293
12000 2.3133
12000 2.3133
12100 2.31366
12200 2.31402
12286 2.31433
12288 2.31407
12290 2.31236
12290 2.31236
12300 2.31239
12400 2.31276
12500 2.31312
12600 2.31348
12700 2.31384
12800 2.31421
12900 2.31457
13000 2.31493
13000 2.31493
13100 2.31529
13200 2.31565
13300 2.31601
13310 2.31605
13312 2.31579
13314 2.3142
13400 2.29995
13416 2.29723
13500 2.29754
13600 2.29791
13700 2.29828
13800 2.29864
13900 2.29901
14000 2.29938
14000 2.29938
14100 2.29975
14200 2.30011
14300 2.30048
14334 2.30061
14336 2.30035
14338 2.29864
14338 2.29864
14400 2.29887
14500 2.29924
14600 2.29961
14700 2.29997
14800 2.30034
14900 2.30071
15000 2.30107
15000 2.30107
15100 2.30144
15200 2.30181
15300 2.30217
15358 2.30239
15360 2.30213
15362 2.30055
15400 2.29428
15464 2.28369
15500 2.28382
15600 2.28419
15700 2.28457
15800 2.28494
15900 2.28531
16000 2.28569
16000 2.28569
16100 2.28606
16200 2.28643
16300 2.2868
16382 2.28711
16384 2.28685
16386 2.28516
16386 2.28516
16400 2.28521
16500 2.28558
16600 2.28595
16700 2.28633
16800 2.2867
16900 2.28707
17000 2.28744
17000 2.28744
17100 2.28781
17200 2.28819
17300 2.28856
17400 2.28893
17406 2.28895
17408 2.28869
17410 2.28712
17500 2.27239
17512 2.27037
17600 2.2707
17700 2.27108
17800 2.27146
17900 2.27183
18000 2.27221
18000 2.27221
18100 2.27259
18200 2.27297
18300 2.27334
18400 2.27372
18430 2.27383
18432 2.27357
18434 2.27189
18434 2.27189
18500 2.27214
18600 2.27252
18700 2.2729
18800 2.27327
18900 2.27365
19000 2.27403
19000 2.27403
19100 2.2744
19200 2.27478
19300 2.27516
19400 2.27553
19454 2.27574
19456 2.27548
19458 2.27392
19500 2.26708
19560 2.25727
19600 2.25742
19639 2.25757
19639 2.25757
19648 2.24263
19648 2.24261
19649 2.24185
19649 2.24185
19700 2.24205
19800 2.24244
19900 2.24283
20000 2.24322
20000 2.24322
20100 2.2436
20200 2.24399
20300 2.24438
20400 2.24477
20478 2.24507
20480 2.24482
20482 2.24316
20482 2.24316
20500 2.24322
20600 2.24361
20700 2.244
20800 2.24439
20900 2.24478
21000 2.24516
21000 2.24516
21100 2.24555
21200 2.24594
21300 2.24632
21400 2.24671
21500 2.2471
21502 2.24711
21504 2.24685
21506 2.24531
21600 2.23023
21608 2.22889
21700 2.22925
21800 2.22964
21900 2.23003
22000 2.23043
22000 2.23043
22100 2.23082
22200 2.23121
22300 2.2316
22400 2.232
22500 2.23239
22526 2.23249
22528 2.23224
22530 2.23059
22530 2.23059
22600 2.23086
22700 2.23125
22800 2.23165
22900 2.23204
23000 2.23243
23000 2.23243
23100 2.23282
23200 2.23322
23300 2.23361
23400 2.234
23500 2.23439
23550 2.23459
23552 2.23433
23554 2.2328
23600 2.22546
23656 2.21648
23700 2.21665
23800 2.21705
23900 2.21744
24000 2.21784
24000 2.21784
24100 2.21824
24200 2.21864
24300 2.21903
24400 2.21943
24500 2.21983
24574 2.22012
24576 2.21987
24578 2.21823
24578 2.21823
24600 2.21831
24700 2.21871
24800 2.21911
24900 2.21951
25000 2.2199
25000 2.2199
25100 2.2203
25200 2.2207
25300 2.22109
25400 2.22149
25500 2.22188
25598 2.22227
25600 2.22202
25600 2.22202
25602 2.2205
25700 2.20497
25704 2.20427
25800 2.20465
25900 2.20506
26000 2.20546
26000 2.20546
26100 2.20586
26200 2.20626
26300 2.20666
26400 2.20706
26500 2.20747
26600 2.20787
26622 2.20796
26624 2.20771
26626 2.20607
26626 2.20607
26700 2.20637
26800 2.20677
26900 2.20717
27000 2.20757
27000 2.20757
27100 2.20798
27200 2.20838
27300 2.20878
27400 2.20918
27500 2.20958
27600 2.20998
27646 2.21016
27648 2.20991
27650 2.2084
27700 2.20051
27752 2.19226
27800 2.19246
27900 2.19287
28000 2.19327
28000 2.19327
28100 2.19368
28200 2.19408
28300 2.19449
28400 2.1949
28500 2.1953
28600 2.19571
28670 2.19599
28672 2.19574
28674 2.19412
28674 2.19412
28700 2.19423
28800 2.19463
28900 2.19504
29000 2.19544
29000 2.19544
29100 2.19585
29200 2.19625
29300 2.19666
29400 2.19706
29500 2.19747
29600 2.19787
29694 2.19826
29696 2.19801
29698 2.1965
29700 2.19619
29800 2.18053
29800 2.18046
29900 2.18087
30000 2.18128
30000 2.18128
30100 2.18169
30200 2.1821
30300 2.18251
30400 2.18292
30500 2.18333
30600 2.18374
30700 2.18415
30718 2.18423
30720 2.18398
30722 2.18237
30722 2.18237
30800 2.18268
30900 2.18309
31000 2.18351
31000 2.18351
31100 2.18392
31200 2.18432
31300 2.18473
31400 2.18514
31500 2.18555
31600 2.18596
31700 2.18637
31742 2.18654
31744 2.1863
31746 2.1848
31800 2.17638
31848 2.16885
31900 2.16906
32000 2.16948
32000 2.16948
32100 2.16989
32200 2.17031
32300 2.17072
32400 2.17114
32500 2.17155
32600 2.17197
32700 2.17238
32766 2.17266
32768 2.17241
32770 2.17081
32770 2.17081
32800 2.17093
32900 2.17134
33000 2.17176
33000 2.17176
33100 2.17217
33200 2.17259
33300 2.173
33400 2.17341
33500 2.17383
33600 2.17424
33700 2.17465
33790 2.17503
33792 2.17478
33794 2.17329
33800 2.17236
33896 2.15743
33900 2.15745
34000 2.15787
34000 2.15787
34100 2.15829
34200 2.15871
34300 2.15913
34400 2.15954
34500 2.15996
34600 2.16038
34700 2.1608
34800 2.16122
34814 2.16128
34816 2.16103
34818 2.15944
34818 2.15944
34900 2.15978
35000 2.1602
35000 2.1602
35100 2.16062
35200 2.16103
35300 2.16145
35400 2.16187
35500 2.16229
35600 2.16271
35700 2.16312
35800 2.16354
35838 2.1637
35840 2.16346
35842 2.16197
35900 2.15303
35944 2.14621
36000 2.14644
36000 2.14644
36100 2.14686
36200 2.14729
36300 2.14771
36400 2.14813
36500 2.14856
36600 2.14898
36700 2.1494
36800 2.14982
36862 2.15009
36864 2.14984
36866 2.14826
36866 2.14826
36900 2.1484
37000 2.14882
37000 2.14882
37100 2.14924
37200 2.14967
37300 2.15009
37400 2.15051
37500 2.15093
37600 2.15136
37700 2.15178
37800 2.1522
37886 2.15256
37888 2.15232
37890 2.15084
37900 2.14931
37992 2.13516
38000 2.1352
38000 2.1352
38100 2.13562
38200 2.13605
38300 2.13648
38400 2.13691
38500 2.13733
38600 2.13776
38700 2.13819
38800 2.13861
38900 2.13904
38910 2.13908
38912 2.13884
38914 2.13726
38914 2.13726
39000 2.13763
39000 2.13763
39100 2.13805
39200 2.13848
39300 2.13891
39400 2.13933
39500 2.13976
39600 2.14019
39700 2.14061
39800 2.14104
39900 2.14146
39934 2.14161
39936 2.14137
39938 2.1399
40000 2.13045
40000 2.13045
40040 2.1243
40100 2.12456
40200 2.12499
40300 2.12542
40400 2.12586
40500 2.12629
40600 2.12672
40700 2.12715
40800 2.12758
40900 2.12801
40958 2.12826
40960 2.12802
40962 2.12645
40962 2.12645
41000 2.12661
41000 2.12661
41100 2.12704
41200 2.12747
41300 2.1279
41400 2.12833
41500 2.12876
41600 2.12919
41700 2.12962
41800 2.13005
41900 2.13048
41982 2.13084
41984 2.13059
41986 2.12914
42000 2.12701
42000 2.12701
42088 2.11363
42100 2.11368
42200 2.11411
42300 2.11455
42400 2.11498
42500 2.11542
42600 2.11585
42700 2.11629
42800 2.11672
42900 2.11716
43000 2.11759
43000 2.11759
43006 2.11762
43008 2.11738
43010 2.11581
43010 2.11581
43100 2.1162
43200 2.11664
43300 2.11707
43400 2.11751
43500 2.11794
43600 2.11838
43700 2.11881
43800 2.11924
43900 2.11968
44000 2.12011
44000 2.12011
44030 2.12024
44032 2.12
44034 2.11855
44100 2.1086
44136 2.10312
44200 2.1034
44300 2.10384
44400 2.10428
44500 2.10472
44600 2.10516
44700 2.1056
44800 2.10604
44900 2.10647
45000 2.10691
45000 2.10691
45054 2.10715
45056 2.10691
45058 2.10536
45058 2.10536
45100 2.10554
45200 2.10598
45300 2.10642
45400 2.10686
45500 2.10729
45600 2.10773
45700 2.10817
45800 2.10861
45900 2.10904
46000 2.10948
46000 2.10948
46078 2.10982
46080 2.10959
46082 2.10814
46100 2.10544
46184 2.0928
46200 2.09286
46300 2.09331
46400 2.09375
46500 2.09419
46600 2.09464
46700 2.09508
46800 2.09552
46900 2.09596
47000 2.09641
47000 2.09641
47100 2.09685
47102 2.09686
47104 2.09662
47106 2.09507
47106 2.09507
47200 2.09549
47300 2.09593
47400 2.09637
47500 2.09681
47600 2.09726
47700 2.0977
47800 2.09814
47900 2.09858
48000 2.09902
48000 2.09902
48100 2.09946
48126 2.09958
48128 2.09934
48130 2.0979
48200 2.08746
48232 2.08264
48300 2.08294
48400 2.08339
48500 2.08383
48600 2.08428
48700 2.08473
48800 2.08517
48900 2.08562
49000 2.08607
49000 2.08607
49100 2.08651
49150 2.08674
49152 2.0865
49154 2.08496
49154 2.08496
49200 2.08516
49300 2.08561
49400 2.08605
49500 2.0865
49600 2.08695
49700 2.08739
49800 2.08784
49900 2.08828
50000 2.08873
50000 2.08873
50100 2.08917
50174 2.0895
50176 2.08927
50178 2.08784
50200 2.08457
50280 2.07265
50300 2.07274
50359 2.073
50359 2.073
50368 2.0593
50368 2.05927
50369 2.05858
50369 2.05858
50400 2.05872
50500 2.05918
50600 2.05963
50700 2.06009
50800 2.06055
50900 2.061
51000 2.06146
51000 2.06146
51100 2.06191
51198 2.06236
51200 2.06212
51200 2.06212
51202 2.0606
51202 2.0606
51300 2.06105
51400 2.0615
51500 2.06196
51600 2.06241
51700 2.06287
51800 2.06332
51900 2.06377
52000 2.06423
52000 2.06423
52100 2.06468
52200 2.06513
52222 2.06524
52224 2.065
52226 2.06359
52300 2.05274
52328 2.04859
52400 2.04892
52500 2.04938
52600 2.04984
52700 2.0503
52800 2.05076
52900 2.05122
53000 2.05168
53000 2.05168
53100 2.05214
53200 2.05259
53246 2.05281
53248 2.05257
53250 2.05106
53250 2.05106
53300 2.05129
53400 2.05175
53500 2.0522
53600 2.05266
53700 2.05312
53800 2.05358
53900 2.05404
54000 2.05449
54000 2.05449
54100 2.05495
54200 2.05541
54270 2.05573
54272 2.0555
54274 2.05409
54300 2.0503
54376 2.03917
54400 2.03928
54500 2.03974
54600 2.0402
54700 2.04067
54800 2.04113
54900 2.04159
55000 2.04205
55000 2.04205
55100 2.04252
55200 2.04298
55294 2.04341
55296 2.04318
55298 2.04167
55298 2.04167
55300 2.04168
55400 2.04214
55500 2.04261
55600 2.04307
55700 2.04353
55800 2.04399
55900 2.04445
56000 2.04491
56000 2.04491
56100 2.04537
56200 2.04583
56300 2.0463
56318 2.04638
56320 2.04615
56322 2.04475
56400 2.03343
56424 2.0299
56500 2.03025
56600 2.03072
56700 2.03119
56800 2.03165
56900 2.03212
57000 2.03258
57000 2.03258
57100 2.03305
57200 2.03351
57300 2.03398
57342 2.03418
57344 2.03395
57346 2.03245
57346 2.03245
57400 2.0327
57500 2.03316
57600 2.03363
57700 2.03409
57800 2.03456
57900 2.03502
58000 2.03549
58000 2.03549
58100 2.03595
58200 2.03641
58300 2.03688
58366 2.03719
58368 2.03696
58370 2.03556
58400 2.03123
58472 2.02079
58500 2.02092
58600 2.02139
58700 2.02186
58800 2.02233
58900 2.02279
59000 2.02326
59000 2.02326
59100 2.02373
59200 2.0242
59300 2.02467
59390 2.02509
59392 2.02486
59394 2.02337
59394 2.02337
59400 2.0234
59500 2.02387
59600 2.02433
59700 2.0248
59800 2.02527
59900 2.02574
60000 2.02621
60000 2.02621
60100 2.02667
60200 2.02714
60300 2.02761
60400 2.02808
60414 2.02814
60416 2.02791
60418 2.02653
60500 2.01475
60520 2.01182
60600 2.0122
60700 2.01267
60800 2.01315
60900 2.01362
61000 2.01409
61000 2.01409
61100 2.01456
61200 2.01503
61300 2.01551
61400 2.01598
61438 2.01616
61440 2.01593
61442 2.01444
61442 2.01444
61500 2.01472
61600 2.01519
61700 2.01566
61800 2.01613
61900 2.0166
62000 2.01707
62000 2.01707
62100 2.01755
62200 2.01802
62300 2.01849
62400 2.01896
62462 2.01925
62464 2.01902
62466 2.01764
62500 2.01277
62568 2.00301
62600 2.00316
62700 2.00363
62800 2.00411
62900 2.00459
63000 2.00506
63000 2.00506
63100 2.00554
63200 2.00601
63300 2.00649
63400 2.00696
63486 2.00737
63488 2.00715
63490 2.00567
63490 2.00567
63500 2.00571
63600 2.00619
63700 2.00666
63800 2.00714
63900 2.00761
64000 2.00809
64000 2.00809
64100 2.00856
64200 2.00904
64300 2.00951
64400 2.00998
64500 2.01046
64510 2.01051
64512 2.01028
64514 2.0089
64600 1.99667
64616 1.99434
64700 1.99474
64800 1.99522
64900 1.9957
65000 1.99618
65000 1.99618
65100 1.99666
65200 1.99713
65300 1.99761
65400 1.99809
65500 1.99857
65534 1.99873
65536 1.99851
65538 1.99703
65538 1.99703
65600 1.99733
65700 1.99781
65800 1.99829
65900 1.99876
66000 1.99924
66000 1.99924
66100 1.99972
66200 2.0002
66300 2.00067
66400 2.00115
66500 2.00163
66558 2.00191
66560 2.00168
66562 2.00031
66600 1.99492
66664 1.98581
66700 1.98599
66800 1.98647
66900 1.98695
67000 1.98743
67000 1.98743
67100 1.98791
67200 1.9884
67300 1.98888
67400 1.98936
67500 1.98984
67582 1.99024
67584 1.99001
67586 1.98854
67586 1.98854
67600 1.98861
67700 1.98909
67800 1.98957
67900 1.99005
68000 1.99054
68000 1.99054
68100 1.99102
68200 1.9915
68300 1.99198
68400 1.99246
68500 1.99294
68600 1.99342
68606 1.99345
68608 1.99322
68610 1.99186
68700 1.97917
68712 1.97743
68800 1.97786
68900 1.97834
69000 1.97883
69000 1.97883
69100 1.97931
69200 1.9798
69300 1.98028
69400 1.98077
69500 1.98125
69600 1.98173
69630 1.98188
69632 1.98166
69634 1.9802
69634 1.9802
69700 1.98051
69800 1.981
69900 1.98148
70000 1.98197
70000 1.98197
70100 1.98245
70200 1.98294
70300 1.98342
70400 1.9839
70500 1.98439
70600 1.98487
70654 1.98513
70656 1.98491
70658 1.98355
70700 1.97765
70760 1.96918
70800 1.96938
70900 1.96987
71000 1.97036
71000 1.97036
71100 1.97084
71200 1.97133
71300 1.97182
71400 1.97231
71500 1.97279
71600 1.97328
71678 1.97366
71680 1.97344
71682 1.97199
71682 1.97199
71700 1.97207
71800 1.97256
71900 1.97305
72000 1.97353
72000 1.97353
72100 1.97402
72200 1.97451
72300 1.975
72400 1.97548
72500 1.97597
72600 1.97645
72700 1.97694
72702 1.97695
72704 1.97673
72706 1.97538
72800 1.96225
72808 1.96108
72900 1.96153
73000 1.96202
73000 1.96202
73100 1.96251
73200 1.963
73300 1.96349
73400 1.96398
73500 1.96447
73600 1.96496
73700 1.96545
73726 1.96558
73728 1.96536
73730 1.96391
73730 1.96391
73800 1.96425
73900 1.96474
74000 1.96523
74000 1.96523
74100 1.96572
74200 1.96621
74300 1.9667
74400 1.96719
74500 1.96768
74600 1.96817
74700 1.96866
74750 1.96891
74752 1.96869
74754 1.96734
74800 1.96093
74856 1.9531
74900 1.95332
75000 1.95381
75000 1.95381
75100 1.95431
75200 1.9548
75300 1.95529
75400 1.95579
75500 1.95628
75600 1.95678
75700 1.95727
75774 1.95764
75776 1.95741
75778 1.95597
75778 1.95597
75800 1.95608
75900 1.95657
76000 1.95707
76000 1.95707
76100 1.95756
76200 1.95805
76300 1.95854
76400 1.95904
76500 1.95953
76600 1.96002
76700 1.96051
76798 1.961
76800 1.96078
76800 1.96078
76802 1.95944
76900 1.94587
76904 1.94526
77000 1.94574
77000 1.94574
77100 1.94623
77200 1.94673
77300 1.94723
77400 1.94772
77500 1.94822
77600 1.94872
77700 1.94921
77800 1.94971
77822 1.94982
77824 1.9496
77826 1.94816
77826 1.94816
77900 1.94853
78000 1.94902
78000 1.94902
78100 1.94952
78200 1.95002
78300 1.95051
78400 1.95101
78500 1.9515
78600 1.952
78700 1.95249
78800 1.95299
78846 1.95322
78848 1.953
78850 1.95166
78900 1.94476
78952 1.93755
79000 1.93779
79000 1.93779
79100 1.93829
79200 1.93879
79300 1.93929
79400 1.93979
79500 1.94029
79600 1.94078
79700 1.94128
79800 1.94178
79870 1.94213
79872 1.94191
79874 1.94048
79874 1.94048
79900 1.94061
80000 1.94111
80000 1.94111
80100 1.94161
80200 1.94211
80300 1.94261
80400 1.94311
80500 1.9436
80600 1.9441
80700 1.9446
80800 1.9451
80894 1.94557
80896 1.94535
80898 1.94402
80900 1.94375
81000 1.93002
81000 1.93002
81000 1.92996
81079 1.93036
81079 1.93036
81088 1.9176
81088 1.91758
81089 1.91694
81089 1.91694
81100 1.91699
81200 1.9175
81300 1.91801
81400 1.91852
81500 1.91902
81600 1.91953
81700 1.92004
81800 1.92054
81900 1.92105
81918 1.92114
81920 1.92093
81922 1.91951
81922 1.91951
82000 1.91991
82000 1.91991
82100 1.92041
82200 1.92092
82300 1.92143
82400 1.92193
82500 1.92244
82600 1.92294
82700 1.92345
82800 1.92395
82900 1.92446
82942 1.92467
82944 1.92446
82946 1.92314
83000 1.91581
83000 1.91581
83048 1.90925
83100 1.90952
83200 1.91003
83300 1.91054
83400 1.91105
83500 1.91156
83600 1.91207
83700 1.91258
83800 1.91309
83900 1.91359
83966 1.91393
83968 1.91372
83970 1.91231
83970 1.91231
84000 1.91246
84000 1.91246
84100 1.91297
84200 1.91348
84300 1.91399
84400 1.9145
84500 1.915
84600 1.91551
84700 1.91602
84800 1.91653
84900 1.91704
84990 1.9175
84992 1.91728
84994 1.91597
85000 1.91516
85000 1.91516
85096 1.90214
85100 1.90215
85200 1.90267
85300 1.90318
85400 1.90369
85500 1.90421
85600 1.90472
85700 1.90523
85800 1.90574
85900 1.90626
86000 1.90677
86000 1.90677
86014 1.90684
86016 1.90663
86018 1.90522
86018 1.90522
86100 1.90564
86200 1.90615
86300 1.90666
86400 1.90718
86500 1.90769
86600 1.9082
86700 1.90871
86800 1.90922
86900 1.90973
87000 1.91024
87000 1.91024
87038 1.91044
87040 1.91022
87042 1.90892
87100 1.9011
87144 1.89514
87200 1.89543
87300 1.89594
87400 1.89646
87500 1.89697
87600 1.89749
87700 1.898
87800 1.89852
87900 1.89903
88000 1.89955
88000 1.89955
88062 1.89987
88064 1.89965
88066 1.89825
88066 1.89825
88100 1.89843
88200 1.89894
88300 1.89946
88400 1.89997
88500 1.90048
88600 1.901
88700 1.90151
88800 1.90203
88900 1.90254
89000 1.90305
89000 1.90305
89086 1.9035
89088 1.90328
89090 1.90198
89100 1.90064
89192 1.88826
89200 1.8883
89300 1.88881
89400 1.88933
89500 1.88985
89600 1.89037
89700 1.89089
89800 1.8914
89900 1.89192
90000 1.89244
90000 1.89244
90100 1.89296
90110 1.89301
90112 1.8928
90114 1.8914
90114 1.8914
90200 1.89184
90300 1.89236
90400 1.89288
90500 1.8934
90600 1.89391
90700 1.89443
90800 1.89494
90900 1.89546
91000 1.89598
91000 1.89598
91100 1.89649
91134 1.89667
91136 1.89646
91138 1.89516
91200 1.88687
91240 1.88149
91300 1.8818
91400 1.88232
91500 1.88284
91600 1.88336
91700 1.88388
91800 1.8844
91900 1.88492
92000 1.88544
92000 1.88544
92100 1.88596
92158 1.88626
92160 1.88605
92162 1.88466
92162 1.88466
92200 1.88486
92300 1.88538
92400 1.8859
92500 1.88642
92600 1.88694
92700 1.88745
92800 1.88797
92900 1.88849
93000 1.88901
93000 1.88901
93100 1.88953
93182 1.88996
93184 1.88974
93186 1.88845
93200 1.88659
93288 1.87483
93300 1.8749
93400 1.87542
93500 1.87594
93600 1.87646
93700 1.87699
93800 1.87751
93900 1.87803
94000 1.87855
94000 1.87855
94100 1.87908
94200 1.8796
94206 1.87963
94208 1.87942
94210 1.87804
94210 1.87804
94300 1.8785
94400 1.87903
94500 1.87955
94600 1.88007
94700 1.88059
94800 1.88111
94900 1.88163
95000 1.88215
95000 1.88215
95100 1.88267
95200 1.88319
95230 1.88335
95232 1.88314
95234 1.88185
95300 1.8731
95336 1.86829
95400 1.86862
95500 1.86915
95600 1.86967
95700 1.8702
95800 1.87072
95900 1.87125
96000 1.87177
96000 1.87177
96100 1.8723
96200 1.87282
96254 1.87311
96256 1.8729
96258 1.87152
96258 1.87152
96300 1.87174
96400 1.87226
96500 1.87279
96600 1.87331
96700 1.87383
96800 1.87436
96900 1.87488
97000 1.8754
97000 1.8754
97100 1.87593
97200 1.87645
97278 1.87686
97280 1.87665
97282 1.87537
97300 1.87299
97384 1.86185
97400 1.86193
97500 1.86246
97600 1.86299
97700 1.86352
97800 1.86405
97900 1.86457
98000 1.8651
98000 1.8651
98100 1.86563
98200 1.86615
98300 1.86668
98302 1.86669
98304 1.86648
98306 1.86511
98306 1.86511
98400 1.8656
98500 1.86613
98600 1.86666
98700 1.86718
98800 1.86771
98900 1.86823
99000 1.86876
99000 1.86876
99100 1.86929
99200 1.86981
99300 1.87034
99326 1.87047
99328 1.87026
99330 1.86899
99400 1.85977
99432 1.85552
99500 1.85588
99600 1.85641
99700 1.85694
99800 1.85747
99900 1.858
100000 1.85853
100000 1.85853
100100 1.85906
100200 1.85959
100300 1.86012
100350 1.86038
100352 1.86018
100354 1.85881
100354 1.85881
100400 1.85905
100500 1.85958
100600 1.86011
100700 1.86063
100800 1.86116
100900 1.86169
101000 1.86222
101000 1.86222
101100 1.86275
101200 1.86327
101300 1.8638
101374 1.86419
101376 1.86399
101378 1.86271
101400 1.85983
101480 1.8493
101500 1.8494
101600 1.84993
101700 1.85047
101800 1.851
101900 1.85153
102000 1.85206
102000 1.85206
102100 1.85259
102200 1.85313
102300 1.85366
102398 1.85418
102400 1.85397
102400 1.85397
102402 1.85261
102402 1.85261
102500 1.85313
102600 1.85366
102700 1.85419
102800 1.85472
102900 1.85525
103000 1.85578
103000 1.85578
103100 1.85631
103200 1.85684
103300 1.85737
103400 1.8579
103422 1.85802
103424 1.85781
103426 1.85654
103500 1.84688
103528 1.84318
103600 1.84356
103700 1.84409
103800 1.84463
103900 1.84516
104000 1.8457
104000 1.8457
104100 1.84623
104200 1.84676
104300 1.8473
104400 1.84783
104446 1.84808
104448 1.84787
104450 1.84651
104450 1.84651
104500 1.84678
104600 1.84731
104700 1.84784
104800 1.84838
104900 1.84891
105000 1.84944
105000 1.84944
105100 1.84998
105200 1.85051
105300 1.85104
105400 1.85157
105470 1.85195
105472 1.85174
105474 1.85047
105500 1.84709
105576 1.83716
105600 1.83728
105700 1.83782
105800 1.83836
105900 1.83889
106000 1.83943
106000 1.83943
106100 1.83997
106200 1.8405
106300 1.84104
106400 1.84157
106494 1.84208
106496 1.84187
106498 1.84052
106498 1.84052
106500 1.84053
106600 1.84106
106700 1.8416
106800 1.84213
106900 1.84267
107000 1.8432
107000 1.8432
107100 1.84374
107200 1.84427
107300 1.84481
107400 1.84534
107500 1.84588
107518 1.84597
107520 1.84577
107522 1.84451
107600 1.83439
107624 1.83123
107700 1.83164
107800 1.83218
107900 1.83272
108000 1.83326
108000 1.83326
108100 1.8338
108200 1.83434
108300 1.83487
108400 1.83541
108500 1.83595
108542 1.83618
108544 1.83597
108546 1.83462
108546 1.83462
108600 1.83491
108700 1.83545
108800 1.83599
108900 1.83652
109000 1.83706
109000 1.83706
109100 1.8376
109200 1.83813
109300 1.83867
109400 1.83921
109500 1.83974
109566 1.8401
109568 1.83989
109570 1.83864
109600 1.83476
109672 1.82541
109700 1.82556
109800 1.8261
109900 1.82664
110000 1.82718
110000 1.82718
110100 1.82773
110200 1.82827
110300 1.82881
110400 1.82935
110500 1.82989
110590 1.83038
110592 1.83017
110594 1.82882
110594 1.82882
110600 1.82885
110700 1.82939
110800 1.82993
110900 1.83047
111000 1.83101
111000 1.83101
111100 1.83155
111200 1.83209
111300 1.83263
111400 1.83317
111500 1.83371
111600 1.83425
111614 1.83432
111616 1.83412
111618 1.83287
111700 1.82231
111720 1.81969
111799 1.82011
111799 1.82011
111800 1.81902
111808 1.80809
111808 1.80807
111809 1.80747
111809 1.80747
111900 1.80796
112000 1.80851
112000 1.80851
112100 1.80906
112200 1.80961
112300 1.81015
112400 1.8107
112500 1.81125
112600 1.81179
112638 1.812
112640 1.8118
112642 1.81047
112642 1.81047
112700 1.81078
112800 1.81133
112900 1.81188
113000 1.81242
113000 1.81242
113100 1.81297
113200 1.81352
113300 1.81406
113400 1.81461
113500 1.81515
113600 1.8157
113662 1.81604
113664 1.81583
113666 1.81459
113700 1.81026
113768 1.80156
113800 1.80173
113900 1.80228
114000 1.80283
114000 1.80283
114100 1.80338
114200 1.80393
114300 1.80448
114400 1.80503
114500 1.80558
114600 1.80613
114686 1.8066
114688 1.8064
114690 1.80507
114690 1.80507
114700 1.80512
114800 1.80567
114900 1.80622
115000 1.80677
115000 1.80677
115100 1.80732
115200 1.80787
115300 1.80841
115400 1.80896
115500 1.80951
115600 1.81006
115700 1.8106
115710 1.81066
115712 1.81046
115714 1.80922
115800 1.7983
115800 1.7983
115900 1.79886
116000 1.79941
116000 1.79941
116100 1.79996
116200 1.80051
116300 1.80106
116400 1.80161
116500 1.80216
116600 1.80271
116700 1.80326
116800 1.80381
116900 1.80436
117000 1.80491
117000 1.80491
117100 1.80546
117200 1.80601
117300 1.80655
117400 1.8071
117500 1.80765
117600 1.8082
117700 1.80875
117800 1.80929
117900 1.80984
118000 1.81039
118000 1.81039
118100 1.81094
118200 1.81148
118300 1.81203
118400 1.81258
118500 1.81312
118600 1.81367
118700 1.81421
118800 1.81476
118900 1.8153
119000 1.81585
119000 1.81585
119100 1.81639
119200 1.81694
119300 1.81748
119400 1.81803
119500 1.81857
119600 1.81912
119700 1.81966
119800 1.8202
119900 1.82075
120000 1.82129
120000 1.82129
120100 1.82183
120200 1.82238
120300 1.82292
120400 1.82346
120500 1.824
120600 1.82455
120700 1.82509
120800 1.82563
120900 1.82617
121000 1.82671
121000 1.82671
121100 1.82725
121200 1.82779
121300 1.82833
121400 1.82887
121500 1.82941
121600 1.82995
121700 1.83049
121800 1.83103
121900 1.83157
122000 1.83211
122000 1.83211
122100 1.83265
122200 1.83319
122300 1.83373
122400 1.83427
122500 1.83481
122600 1.83534
122700 1.83588
122800 1.83642
122900 1.83696
123000 1.83749
123000 1.83749
123100 1.83803
123200 1.83857
123300 1.8391
123400 1.83964
123500 1.84018
123600 1.84071
123700 1.84125
123800 1.84178
123900 1.84232
124000 1.84285
124000 1.84285
124100 1.84339
124200 1.84392
124300 1.84446
124400 1.84499
124500 1.84553
124600 1.84606
124700 1.8466
124800 1.84713
124900 1.84766
125000 1.8482
125000 1.8482
125100 1.84873
125200 1.84926
125300 1.8498
125400 1.85033
125500 1.85086
125600 1.85139
125700 1.85192
125800 1.85246
125900 1.85299
126000 1.85352
126000 1.85352
126100 1.85405
126200 1.85458
126300 1.85511
126400 1.85564
126500 1.85617
126600 1.8567
126700 1.85723
126800 1.85776
126900 1.85829
127000 1.85882
127000 1.85882
127100 1.85935
127200 1.85988
127300 1.86041
127400 1.86094
127500 1.86147
127600 1.86199
127700 1.86252
127800 1.86305
127900 1.86358
128000 1.8641
128000 1.8641
128100 1.86463
128200 1.86516
128300 1.86569
128400 1.86621
128500 1.86674
128600 1.86727
128700 1.86779
128800 1.86832
128900 1.86884
129000 1.86937
129000 1.86937
129100 1.86989
129200 1.87042
129300 1.87094
129400 1.87147
129500 1.87199
129600 1.87252
129700 1.87304
129800 1.87357
129900 1.87409
130000 1.87461
130000 1.87461
130100 1.87514
130200 1.87566
130300 1.87618
130400 1.87671
130500 1.87723
130600 1.87775
130700 1.87827
130800 1.87879
130900 1.87932
131000 1.87984
131000 1.87984
131100 1.88036
131200 1.88088
131300 1.8814
131400 1.88192
131500 1.88244
131600 1.88296
131700 1.88348
131800 1.884
131900 1.88452
132000 1.88504
132000 1.88504
132100 1.88556
132200 1.88608
132300 1.8866
132400 1.88712
132500 1.88764
132600 1.88816
132700 1.88868
132800 1.8892
132900 1.88971
133000 1.89023
133000 1.89023
133100 1.89075
133200 1.89127
133300 1.89178
133400 1.8923
133500 1.89282
133600 1.89333
133700 1.89385
133800 1.89437
133900 1.89488
134000 1.8954
134000 1.8954
134100 1.89592
134200 1.89643
134300 1.89695
134400 1.89746
134500 1.89798
134600 1.89849
134700 1.89901
134800 1.89952
134900 1.90003
135000 1.90055
135000 1.90055
135100 1.90106
135200 1.90158
135300 1.90209
135400 1.9026
135500 1.90312
135600 1.90363
135700 1.90414
135800 1.90465
135900 1.90517
136000 1.90568
136000 1.90568
136100 1.90619
136200 1.9067
136300 1.90721
136400 1.90773
136500 1.90824
136600 1.90875
136700 1.90926
136800 1.90977
136900 1.91028
137000 1.91079
137000 1.91079
137100 1.9113
137200 1.91181
137300 1.91232
137400 1.91283
137500 1.91334
137600 1.91385
137700 1.91436
137800 1.91487
137900 1.91537
138000 1.91588
138000 1.91588
138100 1.91639
138200 1.9169
138300 1.91741
138400 1.91791
138500 1.91842
138600 1.91893
138700 1.91944
138800 1.91994
138900 1.92045
139000 1.92096
139000 1.92096
139100 1.92146
139200 1.92197
139300 1.92248
139400 1.92298
139500 1.92349
139600 1.92399
139700 1.9245
139800 1.925
139900 1.92551
140000 1.92601
140000 1.92601
140100 1.92652
140200 1.92702
140300 1.92753
140400 1.92803
140500 1.92853
140600 1.92904
140700 1.92954
140800 1.93004
140900 1.93055
141000 1.93105
141000 1.93105
141100 1.93155
141200 1.93205
141300 1.93256
141400 1.93306
141500 1.93356
141600 1.93406
141700 1.93456
141800 1.93507
141900 1.93557
142000 1.93607
142000 1.93607
142100 1.93657
142200 1.93707
142300 1.93757
142400 1.93807
142500 1.93857
142600 1.93907
142700 1.93957
142800 1.94007
142900 1.94057
143000 1.94107
143000 1.94107
143100 1.94157
143200 1.94207
143300 1.94256
143400 1.94306
143500 1.94356
143600 1.94406
143700 1.94456
143800 1.94505
143900 1.94555
144000 1.94605
144000 1.94605
144100 1.94655
144200 1.94704
144300 1.94754
144400 1.94804
144500 1.94853
144600 1.94903
144700 1.94953
144800 1.95002
144900 1.95052
145000 1.95101
145000 1.95101
145100 1.95151
145200 1.952
145300 1.9525
145400 1.95299
145500 1.95349
145600 1.95398
145700 1.95448
145800 1.95497
145900 1.95546
146000 1.95596
146000 1.95596
146100 1.95645
146200 1.95694
146300 1.95744
146400 1.95793
146500 1.95842
146600 1.95892
146700 1.95941
146800 1.9599
146900 1.96039
147000 1.96088
147000 1.96088
147100 1.96138
147200 1.96187
147300 1.96236
147400 1.96285
147500 1.96334
147600 1.96383
147700 1.96432
147800 1.96481
147900 1.9653
148000 1.96579
148000 1.96579
148100 1.96628
148200 1.96677
148300 1.96726
148400 1.96775
148500 1.96824
148600 1.96873
148700 1.96922
148800 1.96971
148900 1.9702
149000 1.97068
149000 1.97068
149100 1.97117
149200 1.97166
149300 1.97215
149400 1.97264
149500 1.97312
149600 1.97361
149700 1.9741
149800 1.97458
149900 1.97507
150000 1.97556
150000 1.97556
150100 1.97604
150200 1.97653
150300 1.97702
150400 1.9775
150500 1.97799
150600 1.97847
150700 1.97896
150800 1.97944
150900 1.97993
151000 1.98041
151000 1.98041
151100 1.9809
151200 1.98138
151300 1.98187
151400 1.98235
151500 1.98283
151600 1.98332
151700 1.9838
151800 1.98428
151900 1.98477
152000 1.98525
152000 1.98525
152100 1.98573
152200 1.98622
152300 1.9867
152400 1.98718
152500 1.98766
152600 1.98814
152700 1.98863
152800 1.98911
152900 1.98959
153000 1.99007
153000 1.99007
153100 1.99055
153200 1.99103
153300 1.99151
153400 1.99199
153500 1.99247
153600 1.99295
153700 1.99343
153800 1.99391
153900 1.99439
154000 1.99487
154000 1.99487
154100 1.99535
154200 1.99583
154300 1.99631
154400 1.99679
154500 1.99727
154600 1.99774
154700 1.99822
154800 1.9987
154900 1.99918
155000 1.99966
155000 1.99966
155100 2.00013
155200 2.00061
155300 2.00109
155400 2.00156
155500 2.00204
155600 2.00252
155700 2.00299
155800 2.00347
155900 2.00395
156000 2.00442
156000 2.00442
156100 2.0049
156200 2.00537
156300 2.00585
156400 2.00632
156500 2.0068
156600 2.00727
156700 2.00775
156800 2.00822
156900 2.0087
157000 2.00917
157000 2.00917
157100 2.00965
157200 2.01012
157300 2.01059
157400 2.01107
157500 2.01154
157600 2.01201
157700 2.01249
157800 2.01296
157900 2.01343
158000 2.0139
158000 2.0139
158100 2.01438
158200 2.01485
158300 2.01532
158400 2.01579
158500 2.01626
158600 2.01673
158700 2.01721
158800 2.01768
158900 2.01815
159000 2.01862
159000 2.01862
159100 2.01909
159200 2.01956
159300 2.02003
159400 2.0205
159500 2.02097
159600 2.02144
159700 2.02191
159800 2.02238
159900 2.02285
160000 2.02332
160000 2.02332
160100 2.02378
160200 2.02425
160300 2.02472
160400 2.02519
160500 2.02566
160600 2.02613
160700 2.02659
160800 2.02706
160900 2.02753
161000 2.028
161000 2.028
161100 2.02846
161200 2.02893
161300 2.0294
161400 2.02986
161500 2.03033
161600 2.0308
161700 2.03126
161800 2.03173
161900 2.03219
162000 2.03266
162000 2.03266
162100 2.03312
162200 2.03359
162300 2.03405
162400 2.03452
162500 2.03498
162600 2.03545
162700 2.03591
162800 2.03638
162900 2.03684
163000 2.0373
163000 2.0373
163100 2.03777
163200 2.03823
163300 2.03869
163400 2.03916
163500 2.03962
163600 2.04008
163700 2.04055
163800 2.04101
163900 2.04147
164000 2.04193
164000 2.04193
164100 2.0424
164200 2.04286
164300 2.04332
164400 2.04378
164500 2.04424
164600 2.0447
164700 2.04516
164800 2.04562
164900 2.04608
165000 2.04654
165000 2.04654
165100 2.04701
165200 2.04747
165300 2.04793
165400 2.04838
165500 2.04884
165600 2.0493
165700 2.04976
165800 2.05022
165900 2.05068
166000 2.05114
166000 2.05114
166100 2.0516
166200 2.05206
166300 2.05252
166400 2.05297
166500 2.05343
166600 2.05389
166700 2.05435
166800 2.0548
166900 2.05526
167000 2.05572
167000 2.05572
167100 2.05617
167200 2.05663
167300 2.05709
167400 2.05754
167500 2.058
167600 2.05846
167700 2.05891
167800 2.05937
167900 2.05982
168000 2.06028
168000 2.06028
168100 2.06073
168200 2.06119
168300 2.06164
168400 2.0621
168500 2.06255
168600 2.06301
168700 2.06346
168800 2.06392
168900 2.06437
169000 2.06482
169000 2.06482
169100 2.06528
169200 2.06573
169300 2.06618
169400 2.06664
169500 2.06709
169600 2.06754
169700 2.06799
169800 2.06845
169900 2.0689
170000 2.06935
170000 2.06935
170100 2.0698
170200 2.07026
170300 2.07071
170400 2.07116
170500 2.07161
170600 2.07206
170700 2.07251
170800 2.07296
170900 2.07341
171000 2.07386
171000 2.07386
171100 2.07431
171200 2.07476
171300 2.07521
171400 2.07566
171500 2.07611
171600 2.07656
171700 2.07701
171800 2.07746
171900 2.07791
172000 2.07836
172000 2.07836
172100 2.07881
172200 2.07925
172300 2.0797
172400 2.08015
172500 2.0806
172600 2.08105
172700 2.08149
172800 2.08194
172900 2.08239
173000 2.08284
173000 2.08284
173100 2.08328
173200 2.08373
173300 2.08418
173400 2.08462
173500 2.08507
173600 2.08551
173700 2.08596
173800 2.08641
173900 2.08685
174000 2.0873
174000 2.0873
174100 2.08774
174200 2.08819
174300 2.08863
174400 2.08908
174500 2.08952
174600 2.08997
174700 2.09041
174800 2.09086
174900 2.0913
175000 2.09174
175000 2.09174
175100 2.09219
175200 2.09263
175300 2.09307
175400 2.09352
175500 2.09396
175600 2.0944
175700 2.09484
175800 2.09529
175900 2.09573
176000 2.09617
176000 2.09617
176100 2.09661
176200 2.09706
176300 2.0975
176400 2.09794
176500 2.09838
176600 2.09882
176700 2.09926
176800 2.0997
176900 2.10014
177000 2.10058
177000 2.10058
177100 2.10103
177200 2.10147
177300 2.10191
177400 2.10235
177500 2.10279
177600 2.10322
177700 2.10366
177800 2.1041
177900 2.10454
178000 2.10498
178000 2.10498
178100 2.10542
178200 2.10586
178300 2.1063
178400 2.10674
178500 2.10717
178600 2.10761
178700 2.10805
178800 2.10849
178900 2.10892
179000 2.10936
179000 2.10936
179100 2.1098
179200 2.11024
179300 2.11067
179400 2.11111
179500 2.11155
179600 2.11198
179700 2.11242
179800 2.11286
179900 2.11329
180000 2.11373
180000 2.11373
180100 2.11416
180200 2.1146
180300 2.11503
180400 2.11547
180500 2.1159
180600 2.11634
180700 2.11677
180800 2.11721
180900 2.11764
181000 2.11808
181000 2.11808
181100 2.11851
181200 2.11894
181300 2.11938
181400 2.11981
181500 2.12024
181600 2.12068
181700 2.12111
181800 2.12154
181900 2.12198
182000 2.12241
182000 2.12241
182100 2.12284
182200 2.12327
182300 2.1237
182400 2.12414
182500 2.12457
182600 2.125
182700 2.12543
182800 2.12586
182900 2.12629
183000 2.12672
183000 2.12672
183100 2.12716
183200 2.12759
183300 2.12802
183400 2.12845
183500 2.12888
183600 2.12931
183700 2.12974
183800 2.13017
183900 2.1306
184000 2.13103
184000 2.13103
184100 2.13145
184200 2.13188
184300 2.13231
184400 2.13274
184500 2.13317
184600 2.1336
184700 2.13403
184800 2.13445
184900 2.13488
185000 2.13531
185000 2.13531
185100 2.13574
185200 2.13617
185300 2.13659
185400 2.13702
185500 2.13745
185600 2.13787
185700 2.1383
185800 2.13873
185900 2.13915
186000 2.13958
186000 2.13958
186100 2.14001
186200 2.14043
186300 2.14086
186400 2.14128
186500 2.14171
186600 2.14213
186700 2.14256
186800 2.14298
186900 2.14341
187000 2.14383
187000 2.14383
187100 2.14426
187200 2.14468
187300 2.14511
187400 2.14553
187500 2.14595
187600 2.14638
187700 2.1468
187800 2.14723
187900 2.14765
188000 2.14807
188000 2.14807
188100 2.14849
188200 2.14892
188300 2.14934
188400 2.14976
188500 2.15019
188600 2.15061
188700 2.15103
188800 2.15145
188900 2.15187
189000 2.15229
189000 2.15229
189100 2.15272
189200 2.15314
189300 2.15356
189400 2.15398
189500 2.1544
189600 2.15482
189700 2.15524
189800 2.15566
189900 2.15608
190000 2.1565
190000 2.1565
190100 2.15692
190200 2.15734
190300 2.15776
190400 2.15818
190500 2.1586
190600 2.15902
190700 2.15944
190800 2.15986
190900 2.16027
191000 2.16069
191000 2.16069
191100 2.16111
191200 2.16153
191300 2.16195
191400 2.16237
191500 2.16278
191600 2.1632
191700 2.16362
191800 2.16404
191900 2.16445
192000 2.16487
192000 2.16487
192100 2.16529
192200 2.1657
192300 2.16612
192400 2.16654
192500 2.16695
192600 2.16737
192700 2.16778
192800 2.1682
192900 2.16862
193000 2.16903
193000 2.16903
193100 2.16945
193200 2.16986
193300 2.17028
193400 2.17069
193500 2.17111
193600 2.17152
193700 2.17193
193800 2.17235
193900 2.17276
194000 2.17318
194000 2.17318
194100 2.17359
194200 2.174
194300 2.17442
194400 2.17483
194500 2.17524
194600 2.17566
194700 2.17607
194800 2.17648
194900 2.17689
195000 2.17731
195000 2.17731
195100 2.17772
195200 2.17813
195300 2.17854
195400 2.17895
195500 2.17937
195600 2.17978
195700 2.18019
195800 2.1806
195900 2.18101
196000 2.18142
196000 2.18142
196100 2.18183
196200 2.18224
196300 2.18265
196400 2.18306
196500 2.18347
196600 2.18388
196700 2.18429
196800 2.1847
196900 2.18511
197000 2.18552
197000 2.18552
197100 2.18593
197200 2.18634
197300 2.18675
197400 2.18716
197500 2.18757
197600 2.18798
197700 2.18838
197800 2.18879
197900 2.1892
198000 2.18961
198000 2.18961
198100 2.19002
198200 2.19042
198300 2.19083
198400 2.19124
198500 2.19164
198600 2.19205
198700 2.19246
198800 2.19287
198900 2.19327
199000 2.19368
199000 2.19368
199100 2.19408
199200 2.19449
199300 2.1949
199400 2.1953
199500 2.19571
199600 2.19611
199700 2.19652
199800 2.19692
199900 2.19733
200000 2.19773
200000 2.19773
200100 2.19814
200200 2.19854
200300 2.19895
200400 2.19935
200500 2.19976
200600 2.20016
200700 2.20056
200800 2.20097
200900 2.20137
201000 2.20177
201000 2.20177
201100 2.20218
201200 2.20258
201300 2.20298
201400 2.20339
201500 2.20379
201600 2.20419
201700 2.20459
201800 2.205
201900 2.2054
202000 2.2058
202000 2.2058
202100 2.2062
202200 2.2066
202300 2.207
202400 2.20741
202500 2.20781
202600 2.20821
202700 2.20861
202800 2.20901
202900 2.20941
203000 2.20981
203000 2.20981
203100 2.21021
203200 2.21061
203300 2.21101
203400 2.21141
203500 2.21181
203600 2.21221
203700 2.21261
203800 2.21301
203900 2.21341
