0 3
0 2.99988
2 2.99432
100 2.94143
200 2.88826
300 2.8361
400 2.78494
500 2.73476
600 2.68554
700 2.63725
800 2.58989
900 2.54343
1000 2.49786
1000 2.49786
1024 2.48705
1026 2.48278
1100 2.44985
1200 2.40607
1300 2.36312
1400 2.32099
1500 2.27967
1600 2.23914
1700 2.19938
1800 2.16038
1900 2.12212
2000 2.0846
2000 2.0846
2048 2.06684
2050 2.06303
2100 2.04481
2200 2.00876
2300 1.9734
2400 1.93872
2500 1.90469
2502 1.90388
2505 1.89311
2505 1.89306
2506 1.89147
2506 1.89138
2509 1.88771
2509 1.88766
2510 1.88414
2600 1.85454
2700 1.82213
2800 1.79033
2800 1.79033
2900 1.79172
3000 1.7931
3000 1.7931
3100 1.79448
3200 1.79586
3300 1.79724
3400 1.79862
3500 1.8
3600 1.80138
3700 1.80275
3800 1.80413
3900 1.8055
4000 1.80687
4000 1.80687
4100 1.80824
4200 1.80961
4300 1.81098
4400 1.81235
4500 1.81371
4600 1.81508
4700 1.81644
4800 1.8178
4900 1.81916
5000 1.82052
5000 1.82052
5100 1.82188
5200 1.82323
5300 1.82459
5400 1.82594
5500 1.8273
5600 1.82865
5700 1.83
5800 1.83135
5900 1.83269
6000 1.83404
6000 1.83404
6100 1.83539
6200 1.83673
6300 1.83807
6400 1.83941
6500 1.84076
6600 1.84209
6700 1.84343
6800 1.84477
6900 1.8461
7000 1.84744
7000 1.84744
7100 1.84877
7200 1.8501
7300 1.85143
7400 1.85276
7500 1.85409
7600 1.85542
7700 1.85674
7800 1.85807
7900 1.85939
8000 1.86071
8000 1.86071
8100 1.86204
8200 1.86336
8300 1.86467
8400 1.86599
8500 1.86731
8600 1.86862
8700 1.86994
8800 1.87125
8900 1.87256
9000 1.87387
9000 1.87387
9100 1.87518
9200 1.87649
9300 1.87779
9400 1.8791
9500 1.8804
9600 1.8817
9700 1.88301
9800 1.88431
9900 1.88561
10000 1.8869
10000 1.8869
10100 1.8882
10200 1.8895
10300 1.89079
10400 1.89208
10500 1.89338
10600 1.89467
10700 1.89596
10800 1.89724
10900 1.89853
11000 1.89982
11000 1.89982
11100 1.9011
11200 1.90239
11300 1.90367
11400 1.90495
11500 1.90623
11600 1.90751
11700 1.90879
11800 1.91007
11900 1.91134
12000 1.91262
12000 1.91262
12100 1.91389
12200 1.91516
12300 1.91643
12400 1.9177
12500 1.91897
12600 1.92024
12700 1.9215
12800 1.92277
12900 1.92403
13000 1.9253
13000 1.9253
13100 1.92656
13200 1.92782
13300 1.92908
13400 1.93033
13500 1.93159
13600 1.93285
13700 1.9341
13800 1.93536
13900 1.93661
14000 1.93786
14000 1.93786
14100 1.93911
14200 1.94036
14300 1.94161
14400 1.94285
14500 1.9441
14600 1.94534
14700 1.94659
14800 1.94783
14900 1.94907
15000 1.95031
15000 1.95031
15100 1.95155
15200 1.95278
15300 1.95402
15400 1.95526
15500 1.95649
15600 1.95772
15700 1.95895
15800 1.96019
15900 1.96142
16000 1.96264
16000 1.96264
16100 1.96387
16200 1.9651
16300 1.96632
16400 1.96755
16500 1.96877
16600 1.96999
16700 1.97121
16800 1.97243
16900 1.97365
17000 1.97487
17000 1.97487
17100 1.97608
17200 1.9773
17300 1.97851
17400 1.97972
17500 1.98094
17600 1.98215
17700 1.98336
17800 1.98456
17900 1.98577
18000 1.98698
18000 1.98698
18100 1.98818
18200 1.98939
18300 1.99059
18400 1.99179
18500 1.99299
18600 1.99419
18700 1.99539
18800 1.99659
18900 1.99778
19000 1.99898
19000 1.99898
19100 2.00017
19200 2.00136
19300 2.00256
19400 2.00375
19500 2.00494
19600 2.00612
19700 2.00731
19800 2.0085
19900 2.00968
20000 2.01087
20000 2.01087
20100 2.01205
20200 2.01323
20300 2.01441
20400 2.01559
20500 2.01677
20600 2.01795
20700 2.01913
20800 2.0203
20900 2.02148
21000 2.02265
21000 2.02265
21100 2.02382
21200 2.02499
21300 2.02616
21400 2.02733
21500 2.0285
21600 2.02967
21700 2.03083
21800 2.032
21900 2.03316
22000 2.03432
22000 2.03432
22100 2.03549
22200 2.03665
22300 2.0378
22400 2.03896
22500 2.04012
22600 2.04128
22700 2.04243
22800 2.04359
22900 2.04474
23000 2.04589
23000 2.04589
23100 2.04704
23200 2.04819
23300 2.04934
23400 2.05049
23500 2.05163
23600 2.05278
23700 2.05392
23800 2.05507
23900 2.05621
24000 2.05735
24000 2.05735
24100 2.05849
24200 2.05963
24300 2.06077
24400 2.06191
24500 2.06304
24600 2.06418
24700 2.06531
24800 2.06645
24900 2.06758
25000 2.06871
25000 2.06871
25100 2.06984
25200 2.07097
25300 2.0721
25400 2.07322
25500 2.07435
25600 2.07547
25700 2.0766
25800 2.07772
25900 2.07884
26000 2.07996
26000 2.07996
26100 2.08108
26200 2.0822
26300 2.08332
26400 2.08443
26500 2.08555
26600 2.08666
26700 2.08778
26800 2.08889
26900 2.09
27000 2.09111
27000 2.09111
27100 2.09222
27200 2.09333
27300 2.09444
27400 2.09554
27500 2.09665
27600 2.09775
27700 2.09886
27800 2.09996
27900 2.10106
28000 2.10216
28000 2.10216
28100 2.10326
28200 2.10436
28300 2.10546
28400 2.10655
28500 2.10765
28600 2.10874
28700 2.10983
28800 2.11093
28900 2.11202
29000 2.11311
29000 2.11311
29100 2.1142
29200 2.11529
29300 2.11637
29400 2.11746
29500 2.11854
29600 2.11963
29700 2.12071
29800 2.12179
29900 2.12287
30000 2.12395
30000 2.12395
30100 2.12503
30200 2.12611
30300 2.12719
30400 2.12827
30500 2.12934
30600 2.13042
30700 2.13149
30800 2.13256
30900 2.13363
31000 2.1347
31000 2.1347
31100 2.13577
31200 2.13684
31300 2.13791
31400 2.13897
31500 2.14004
31600 2.1411
31700 2.14217
31800 2.14323
31900 2.14429
32000 2.14535
32000 2.14535
32100 2.14641
32200 2.14747
32300 2.14853
32400 2.14959
32500 2.15064
32600 2.1517
32700 2.15275
32800 2.1538
32900 2.15485
33000 2.1559
33000 2.1559
33100 2.15695
33200 2.158
33300 2.15905
33400 2.1601
33500 2.16114
33600 2.16219
33700 2.16323
33800 2.16428
33900 2.16532
34000 2.16636
34000 2.16636
34100 2.1674
34200 2.16844
34300 2.16948
34400 2.17052
34500 2.17155
34600 2.17259
34700 2.17362
34800 2.17466
34900 2.17569
35000 2.17672
35000 2.17672
35100 2.17775
35200 2.17878
35300 2.17981
35400 2.18084
35500 2.18187
35600 2.18289
35700 2.18392
35800 2.18494
35900 2.18596
36000 2.18699
36000 2.18699
36100 2.18801
36200 2.18903
36300 2.19005
36400 2.19107
36500 2.19208
36600 2.1931
36700 2.19412
36800 2.19513
36900 2.19615
37000 2.19716
37000 2.19716
37100 2.19817
37200 2.19918
37300 2.20019
37400 2.2012
37500 2.20221
37600 2.20322
37700 2.20422
37800 2.20523
37900 2.20623
38000 2.20724
38000 2.20724
38100 2.20824
38200 2.20924
38300 2.21024
38400 2.21124
38500 2.21224
38600 2.21324
38700 2.21424
38800 2.21523
38900 2.21623
39000 2.21722
39000 2.21722
39100 2.21822
39200 2.21921
39300 2.2202
39400 2.22119
39500 2.22218
39600 2.22317
39700 2.22416
39800 2.22515
39900 2.22613
40000 2.22712
40000 2.22712
40100 2.2281
40200 2.22909
40300 2.23007
40400 2.23105
40500 2.23203
40600 2.23301
40700 2.23399
40800 2.23497
40900 2.23595
41000 2.23692
41000 2.23692
41100 2.2379
41200 2.23887
41300 2.23985
41400 2.24082
41500 2.24179
41600 2.24276
41700 2.24373
41800 2.2447
41900 2.24567
42000 2.24664
42000 2.24664
42100 2.24761
42200 2.24857
42300 2.24954
42400 2.2505
42500 2.25146
42600 2.25243
42700 2.25339
42800 2.25435
42900 2.25531
43000 2.25627
43000 2.25627
43100 2.25722
43200 2.25818
43300 2.25914
43400 2.26009
43500 2.26105
43600 2.262
43700 2.26295
43800 2.2639
43900 2.26485
44000 2.2658
44000 2.2658
44100 2.26675
44200 2.2677
44300 2.26865
44400 2.26959
44500 2.27054
44600 2.27149
44700 2.27243
44800 2.27337
44900 2.27431
45000 2.27526
45000 2.27526
45100 2.2762
45200 2.27714
45300 2.27807
45400 2.27901
45500 2.27995
45600 2.28088
45700 2.28182
45800 2.28275
45900 2.28369
46000 2.28462
46000 2.28462
46100 2.28555
46200 2.28648
46300 2.28741
46400 2.28834
46500 2.28927
46600 2.2902
46700 2.29112
46800 2.29205
46900 2.29298
47000 2.2939
47000 2.2939
47100 2.29482
47200 2.29574
47300 2.29667
47400 2.29759
47500 2.29851
47600 2.29943
47700 2.30034
47800 2.30126
47900 2.30218
48000 2.30309
48000 2.30309
48100 2.30401
48200 2.30492
48300 2.30584
48400 2.30675
48500 2.30766
48600 2.30857
48700 2.30948
48800 2.31039
48900 2.3113
49000 2.3122
49000 2.3122
49100 2.31311
49200 2.31402
49300 2.31492
49400 2.31582
49500 2.31673
49600 2.31763
49700 2.31853
49800 2.31943
49900 2.32033
50000 2.32123
50000 2.32123
50100 2.32213
50200 2.32303
50300 2.32392
50400 2.32482
50500 2.32571
50600 2.32661
50700 2.3275
50800 2.32839
50900 2.32928
51000 2.33018
51000 2.33018
51100 2.33107
51200 2.33195
51300 2.33284
51400 2.33373
51500 2.33462
51600 2.3355
51700 2.33639
51800 2.33727
51900 2.33816
52000 2.33904
52000 2.33904
52100 2.33992
52200 2.3408
52300 2.34168
52400 2.34256
52500 2.34344
52600 2.34432
52700 2.34519
52800 2.34607
52900 2.34695
53000 2.34782
53000 2.34782
53100 2.34869
53200 2.34957
53300 2.35044
53400 2.35131
53500 2.35218
53600 2.35305
53700 2.35392
53800 2.35479
53900 2.35565
54000 2.35652
54000 2.35652
54100 2.35739
54200 2.35825
54300 2.35912
54400 2.35998
54500 2.36084
54600 2.3617
54700 2.36257
54800 2.36343
54900 2.36428
55000 2.36514
55000 2.36514
55100 2.366
55200 2.36686
55300 2.36771
55400 2.36857
55500 2.36942
55600 2.37028
55700 2.37113
55800 2.37198
55900 2.37284
56000 2.37369
56000 2.37369
56100 2.37454
56200 2.37539
56300 2.37623
56400 2.37708
56500 2.37793
56600 2.37877
56700 2.37962
56800 2.38046
56900 2.38131
57000 2.38215
57000 2.38215
57100 2.38299
57200 2.38384
57300 2.38468
57400 2.38552
57500 2.38635
57600 2.38719
57700 2.38803
57800 2.38887
57900 2.3897
58000 2.39054
58000 2.39054
58100 2.39137
58200 2.39221
58300 2.39304
58400 2.39387
58500 2.3947
58600 2.39553
58700 2.39636
58800 2.39719
58900 2.39802
59000 2.39885
59000 2.39885
59100 2.39968
59200 2.4005
59300 2.40133
59400 2.40215
59500 2.40298
59600 2.4038
59700 2.40462
59800 2.40544
59900 2.40626
60000 2.40709
60000 2.40709
60100 2.4079
60200 2.40872
60300 2.40954
60400 2.41036
60500 2.41117
60600 2.41199
60700 2.4128
60800 2.41362
60900 2.41443
61000 2.41524
61000 2.41524
61100 2.41606
61200 2.41687
61300 2.41768
61400 2.41849
61500 2.4193
61600 2.4201
61700 2.42091
61800 2.42172
61900 2.42252
62000 2.42333
62000 2.42333
62100 2.42413
62200 2.42494
62300 2.42574
62400 2.42654
62500 2.42734
62600 2.42815
62700 2.42895
62800 2.42974
62900 2.43054
63000 2.43134
63000 2.43134
63100 2.43214
63200 2.43293
63300 2.43373
63400 2.43452
63500 2.43532
63600 2.43611
63700 2.43691
63800 2.4377
63900 2.43849
64000 2.43928
64000 2.43928
64100 2.44007
64200 2.44086
64300 2.44165
64400 2.44243
64500 2.44322
64600 2.44401
64700 2.44479
64800 2.44558
64900 2.44636
65000 2.44714
65000 2.44714
65100 2.44793
65200 2.44871
65300 2.44949
65400 2.45027
65500 2.45105
65600 2.45183
65700 2.45261
65800 2.45338
65900 2.45416
66000 2.45494
66000 2.45494
66100 2.45571
66200 2.45649
66300 2.45726
66400 2.45804
66500 2.45881
66600 2.45958
66700 2.46035
66800 2.46112
66900 2.46189
67000 2.46266
67000 2.46266
67100 2.46343
67200 2.4642
67300 2.46496
67400 2.46573
67500 2.46649
67600 2.46726
67700 2.46802
67800 2.46879
67900 2.46955
68000 2.47031
68000 2.47031
68100 2.47107
68200 2.47183
68300 2.47259
68400 2.47335
68500 2.47411
68600 2.47487
68700 2.47563
68800 2.47638
68900 2.47714
69000 2.47789
69000 2.47789
69100 2.47865
69200 2.4794
69300 2.48015
69400 2.48091
69500 2.48166
69600 2.48241
69700 2.48316
69800 2.48391
69900 2.48466
70000 2.48541
70000 2.48541
70100 2.48615
70200 2.4869
70300 2.48765
70400 2.48839
70500 2.48914
70600 2.48988
70700 2.49062
70800 2.49137
70900 2.49211
71000 2.49285
71000 2.49285
71100 2.49359
71200 2.49433
71300 2.49507
71400 2.49581
71500 2.49655
71600 2.49728
71700 2.49802
71800 2.49876
71900 2.49949
72000 2.50023
72000 2.50023
72100 2.50096
72200 2.50169
72300 2.50242
72400 2.50316
72500 2.50389
72600 2.50462
72700 2.50535
72800 2.50608
72900 2.50681
73000 2.50753
73000 2.50753
73100 2.50826
73200 2.50899
73300 2.50971
73400 2.51044
73500 2.51116
73600 2.51189
73700 2.51261
73800 2.51333
73900 2.51405
74000 2.51477
74000 2.51477
74100 2.5155
74200 2.51622
74300 2.51693
74400 2.51765
74500 2.51837
74600 2.51909
74700 2.5198
74800 2.52052
74900 2.52124
75000 2.52195
75000 2.52195
75100 2.52266
75200 2.52338
75300 2.52409
75400 2.5248
75500 2.52551
75600 2.52622
75700 2.52693
75800 2.52764
75900 2.52835
76000 2.52906
76000 2.52906
76100 2.52977
76200 2.53047
76300 2.53118
76400 2.53189
76500 2.53259
76600 2.53329
76700 2.534
76800 2.5347
76900 2.5354
77000 2.5361
77000 2.5361
77100 2.53681
77200 2.53751
77300 2.53821
77400 2.5389
77500 2.5396
77600 2.5403
77700 2.541
77800 2.54169
77900 2.54239
78000 2.54308
78000 2.54308
78100 2.54378
78200 2.54447
78300 2.54517
78400 2.54586
78500 2.54655
78600 2.54724
78700 2.54793
78800 2.54862
78900 2.54931
79000 2.55
79000 2.55
79100 2.55069
79200 2.55138
79300 2.55206
79400 2.55275
79500 2.55344
79600 2.55412
79700 2.5548
79800 2.55549
79900 2.55617
80000 2.55685
80000 2.55685
80100 2.55754
80200 2.55822
80300 2.5589
80400 2.55958
80500 2.56026
80600 2.56094
80700 2.56161
80800 2.56229
80900 2.56297
81000 2.56364
81000 2.56364
81100 2.56432
81200 2.565
81300 2.56567
81400 2.56634
81500 2.56702
81600 2.56769
81700 2.56836
81800 2.56903
81900 2.5697
82000 2.57037
82000 2.57037
82100 2.57104
82200 2.57171
82300 2.57238
82400 2.57305
82500 2.57371
82600 2.57438
82700 2.57505
82800 2.57571
82900 2.57638
83000 2.57704
83000 2.57704
83100 2.5777
83200 2.57837
83300 2.57903
83400 2.57969
83500 2.58035
83600 2.58101
83700 2.58167
83800 2.58233
83900 2.58299
84000 2.58365
84000 2.58365
84100 2.5843
84200 2.58496
84300 2.58562
84400 2.58627
84500 2.58693
84600 2.58758
84700 2.58823
84800 2.58889
84900 2.58954
85000 2.59019
85000 2.59019
85100 2.59084
85200 2.59149
85300 2.59214
85400 2.59279
85500 2.59344
85600 2.59409
85700 2.59474
85800 2.59539
85900 2.59603
86000 2.59668
86000 2.59668
86100 2.59732
86200 2.59797
86300 2.59861
86400 2.59926
86500 2.5999
86600 2.60054
86700 2.60118
86800 2.60182
86900 2.60246
87000 2.6031
87000 2.6031
87100 2.60374
87200 2.60438
87300 2.60502
87400 2.60566
87500 2.6063
87600 2.60693
87700 2.60757
87800 2.6082
87900 2.60884
88000 2.60947
88000 2.60947
88100 2.61011
88200 2.61074
88300 2.61137
88400 2.612
88500 2.61263
88600 2.61326
88700 2.61389
88800 2.61452
88900 2.61515
89000 2.61578
89000 2.61578
89100 2.61641
89200 2.61704
89300 2.61766
89400 2.61829
89500 2.61891
89600 2.61954
89700 2.62016
89800 2.62079
89900 2.62141
90000 2.62203
90000 2.62203
90100 2.62266
90200 2.62328
90300 2.6239
90400 2.62452
90500 2.62514
90600 2.62576
90700 2.62638
90800 2.62699
90900 2.62761
91000 2.62823
91000 2.62823
91100 2.62884
91200 2.62946
91300 2.63008
91400 2.63069
91500 2.6313
91600 2.63192
91700 2.63253
91800 2.63314
91900 2.63375
92000 2.63437
92000 2.63437
92100 2.63498
92200 2.63559
92300 2.6362
92400 2.63681
92500 2.63741
92600 2.63802
92700 2.63863
92800 2.63924
92900 2.63984
93000 2.64045
93000 2.64045
93100 2.64105
93200 2.64166
93300 2.64226
93400 2.64287
93500 2.64347
93600 2.64407
93700 2.64467
93800 2.64527
93900 2.64587
94000 2.64647
94000 2.64647
94100 2.64707
94200 2.64767
94300 2.64827
94400 2.64887
94500 2.64947
94600 2.65006
94700 2.65066
94800 2.65126
94900 2.65185
95000 2.65245
95000 2.65245
95100 2.65304
95200 2.65363
95300 2.65423
95400 2.65482
95500 2.65541
95600 2.656
95700 2.65659
95800 2.65718
95900 2.65777
96000 2.65836
96000 2.65836
96100 2.65895
96200 2.65954
96300 2.66013
96400 2.66071
96500 2.6613
96600 2.66189
96700 2.66247
96800 2.66306
96900 2.66364
97000 2.66423
97000 2.66423
97100 2.66481
97200 2.66539
97300 2.66597
97400 2.66656
97500 2.66714
97600 2.66772
97700 2.6683
97800 2.66888
97900 2.66946
98000 2.67003
98000 2.67003
98100 2.67061
98200 2.67119
98300 2.67177
98400 2.67234
98500 2.67292
98600 2.67349
98700 2.67407
98800 2.67464
98900 2.67522
99000 2.67579
99000 2.67579
99100 2.67636
99200 2.67693
99300 2.67751
99400 2.67808
99500 2.67865
99600 2.67922
99700 2.67979
99800 2.68036
99900 2.68093
100000 2.68149
100000 2.68149
100100 2.68206
100200 2.68263
100300 2.68319
100400 2.68376
100500 2.68433
100600 2.68489
100700 2.68545
100800 2.68602
100900 2.68658
101000 2.68714
101000 2.68714
101100 2.68771
101200 2.68827
101300 2.68883
101400 2.68939
101500 2.68995
101600 2.69051
101700 2.69107
101800 2.69163
101900 2.69219
102000 2.69274
102000 2.69274
102100 2.6933
102200 2.69386
102300 2.69441
102400 2.69497
102500 2.69552
102600 2.69608
102700 2.69663
102800 2.69719
102900 2.69774
103000 2.69829
103000 2.69829
103100 2.69884
103200 2.6994
103300 2.69995
103400 2.7005
103500 2.70105
103600 2.7016
103700 2.70215
103800 2.70269
103900 2.70324
104000 2.70379
104000 2.70379
104100 2.70434
104200 2.70488
104300 2.70543
104400 2.70597
104500 2.70652
104600 2.70706
104700 2.70761
104800 2.70815
104900 2.70869
105000 2.70924
105000 2.70924
105100 2.70978
105200 2.71032
105300 2.71086
105400 2.7114
105500 2.71194
105600 2.71248
105700 2.71302
105800 2.71356
105900 2.7141
106000 2.71463
106000 2.71463
106100 2.71517
106200 2.71571
106300 2.71624
106400 2.71678
106500 2.71732
106600 2.71785
106700 2.71838
106800 2.71892
106900 2.71945
107000 2.71998
107000 2.71998
107100 2.72052
107200 2.72105
107300 2.72158
107400 2.72211
107500 2.72264
107600 2.72317
107700 2.7237
107800 2.72423
107900 2.72475
108000 2.72528
108000 2.72528
108100 2.72581
108200 2.72634
108300 2.72686
108400 2.72739
108500 2.72791
108600 2.72844
108700 2.72896
108800 2.72949
108900 2.73001
109000 2.73053
109000 2.73053
109100 2.73106
109200 2.73158
109300 2.7321
109400 2.73262
109500 2.73314
109600 2.73366
109700 2.73418
109800 2.7347
109900 2.73522
110000 2.73574
110000 2.73574
110100 2.73625
110200 2.73677
110300 2.73729
110400 2.7378
110500 2.73832
110600 2.73883
110700 2.73935
110800 2.73986
110900 2.74038
111000 2.74089
111000 2.74089
111100 2.7414
111200 2.74192
111300 2.74243
111400 2.74294
111500 2.74345
111600 2.74396
111700 2.74447
111800 2.74498
111900 2.74549
112000 2.746
112000 2.746
112100 2.74651
112200 2.74702
112300 2.74752
112400 2.74803
112500 2.74854
112600 2.74904
112700 2.74955
112800 2.75005
112900 2.75056
113000 2.75106
113000 2.75106
113100 2.75156
113200 2.75207
113300 2.75257
113400 2.75307
113500 2.75357
113600 2.75408
113700 2.75458
113800 2.75508
113900 2.75558
114000 2.75608
114000 2.75608
114100 2.75658
114200 2.75707
114300 2.75757
114400 2.75807
114500 2.75857
114600 2.75906
114700 2.75956
114800 2.76006
114900 2.76055
115000 2.76105
115000 2.76105
115100 2.76154
115200 2.76203
115300 2.76253
115400 2.76302
115500 2.76351
115600 2.76401
115700 2.7645
115800 2.76499
115900 2.76548
116000 2.76597
116000 2.76597
116100 2.76646
116200 2.76695
116300 2.76744
116400 2.76793
116500 2.76841
116600 2.7689
116700 2.76939
116800 2.76988
116900 2.77036
117000 2.77085
117000 2.77085
117100 2.77133
117200 2.77182
117300 2.7723
117400 2.77279
117500 2.77327
117600 2.77375
117700 2.77424
117800 2.77472
117900 2.7752
118000 2.77568
118000 2.77568
118100 2.77616
118200 2.77664
118300 2.77712
118400 2.7776
118500 2.77808
118600 2.77856
118700 2.77904
118800 2.77952
118900 2.78
119000 2.78047
119000 2.78047
119100 2.78095
119200 2.78143
119300 2.7819
119400 2.78238
119500 2.78285
119600 2.78333
119700 2.7838
119800 2.78427
119900 2.78475
120000 2.78522
120000 2.78522
120100 2.78569
120200 2.78616
120300 2.78663
120400 2.78711
120500 2.78758
120600 2.78805
120700 2.78852
120800 2.78898
120900 2.78945
121000 2.78992
121000 2.78992
121100 2.79039
121200 2.79086
121300 2.79132
121400 2.79179
121500 2.79226
121600 2.79272
121700 2.79319
121800 2.79365
121900 2.79412
122000 2.79458
122000 2.79458
122100 2.79505
122200 2.79551
122300 2.79597
122400 2.79643
122500 2.7969
122600 2.79736
122700 2.79782
122800 2.79828
122900 2.79874
123000 2.7992
123000 2.7992
123100 2.79966
123200 2.80012
123300 2.80058
123400 2.80103
123500 2.80149
123600 2.80195
123700 2.80241
123800 2.80286
123900 2.80332
124000 2.80377
124000 2.80377
124100 2.80423
124200 2.80468
124300 2.80514
124400 2.80559
124500 2.80605
124600 2.8065
124700 2.80695
124800 2.8074
124900 2.80786
125000 2.80831
125000 2.80831
125100 2.80876
125200 2.80921
125300 2.80966
125400 2.81011
125500 2.81056
125600 2.81101
125700 2.81146
125800 2.8119
125900 2.81235
126000 2.8128
126000 2.8128
126100 2.81325
126200 2.81369
126300 2.81414
126400 2.81458
126500 2.81503
126600 2.81548
126700 2.81592
126800 2.81636
126900 2.81681
127000 2.81725
127000 2.81725
127100 2.81769
127200 2.81814
127300 2.81858
127400 2.81902
127500 2.81946
127600 2.8199
127700 2.82034
127800 2.82078
127900 2.82122
128000 2.82166
128000 2.82166
128100 2.8221
128200 2.82254
128300 2.82298
128400 2.82341
128500 2.82385
128600 2.82429
128700 2.82472
128800 2.82516
128900 2.8256
129000 2.82603
129000 2.82603
129100 2.82647
129200 2.8269
129300 2.82733
129400 2.82777
129500 2.8282
129600 2.82863
129700 2.82907
129800 2.8295
129900 2.82993
130000 2.83036
130000 2.83036
130100 2.83079
130200 2.83122
130300 2.83165
130400 2.83208
130500 2.83251
130600 2.83294
130700 2.83337
130800 2.8338
130900 2.83422
131000 2.83465
131000 2.83465
131100 2.83508
131200 2.8355
131300 2.83593
131400 2.83636
131500 2.83678
131600 2.83721
131700 2.83763
131800 2.83805
131900 2.83848
132000 2.8389
132000 2.8389
132100 2.83932
132200 2.83975
132300 2.84017
132400 2.84059
132500 2.84101
132600 2.84143
132700 2.84185
132800 2.84227
132900 2.84269
133000 2.84311
133000 2.84311
133100 2.84353
133200 2.84395
133300 2.84437
133400 2.84479
133500 2.84521
133600 2.84562
133700 2.84604
133800 2.84646
133900 2.84687
134000 2.84729
134000 2.84729
134100 2.8477
134200 2.84812
134300 2.84853
134400 2.84895
134500 2.84936
134600 2.84977
134700 2.85019
134800 2.8506
134900 2.85101
135000 2.85142
135000 2.85142
135100 2.85183
135200 2.85225
135300 2.85266
135400 2.85307
135500 2.85348
135600 2.85389
135700 2.8543
135800 2.8547
135900 2.85511
136000 2.85552
136000 2.85552
136100 2.85593
136200 2.85634
136300 2.85674
136400 2.85715
136500 2.85756
136600 2.85796
136700 2.85837
136800 2.85877
136900 2.85918
137000 2.85958
137000 2.85958
137100 2.85998
137200 2.86039
137300 2.86079
137400 2.86119
137500 2.8616
137600 2.862
137700 2.8624
137800 2.8628
137900 2.8632
138000 2.8636
138000 2.8636
138100 2.864
138200 2.8644
138300 2.8648
138400 2.8652
138500 2.8656
138600 2.866
138700 2.8664
138800 2.8668
138900 2.86719
139000 2.86759
139000 2.86759
139100 2.86799
139200 2.86838
139300 2.86878
139400 2.86917
139500 2.86957
139600 2.86996
139700 2.87036
139800 2.87075
139900 2.87115
140000 2.87154
140000 2.87154
140100 2.87193
140200 2.87233
140300 2.87272
140400 2.87311
140500 2.8735
140600 2.87389
140700 2.87428
140800 2.87467
140900 2.87506
141000 2.87545
141000 2.87545
141100 2.87584
141200 2.87623
141300 2.87662
141400 2.87701
141500 2.8774
141600 2.87779
141700 2.87817
141800 2.87856
141900 2.87895
142000 2.87933
142000 2.87933
142100 2.87972
142200 2.8801
142300 2.88049
142400 2.88087
142500 2.88126
142600 2.88164
142700 2.88203
142800 2.88241
142900 2.88279
143000 2.88317
143000 2.88317
143100 2.88356
143200 2.88394
143300 2.88432
143400 2.8847
143500 2.88508
143600 2.88546
143700 2.88584
143800 2.88622
143900 2.8866
144000 2.88698
144000 2.88698
144100 2.88736
144200 2.88774
144300 2.88812
144400 2.8885
144500 2.88887
144600 2.88925
144700 2.88963
144800 2.89
144900 2.89038
145000 2.89075
145000 2.89075
145100 2.89113
145200 2.89151
145300 2.89188
145400 2.89225
145500 2.89263
145600 2.893
145700 2.89338
145800 2.89375
145900 2.89412
146000 2.89449
146000 2.89449
146100 2.89487
146200 2.89524
146300 2.89561
146400 2.89598
146500 2.89635
146600 2.89672
146700 2.89709
146800 2.89746
146900 2.89783
147000 2.8982
147000 2.8982
147100 2.89857
147200 2.89893
147300 2.8993
147400 2.89967
147500 2.90004
147600 2.9004
147700 2.90077
147800 2.90114
147900 2.9015
148000 2.90187
148000 2.90187
148100 2.90223
148200 2.9026
148300 2.90296
148400 2.90333
148500 2.90369
148600 2.90405
148700 2.90442
148800 2.90478
148900 2.90514
149000 2.9055
149000 2.9055
149100 2.90587
149200 2.90623
149300 2.90659
149400 2.90695
149500 2.90731
149600 2.90767
149700 2.90803
149800 2.90839
149900 2.90875
150000 2.90911
150000 2.90911
150100 2.90947
150200 2.90982
150300 2.91018
150400 2.91054
150500 2.9109
150600 2.91125
150700 2.91161
150800 2.91197
150900 2.91232
151000 2.91268
151000 2.91268
151100 2.91303
151200 2.91339
151300 2.91374
151400 2.9141
151500 2.91445
151600 2.9148
151700 2.91516
151800 2.91551
151900 2.91586
152000 2.91622
152000 2.91622
152100 2.91657
152200 2.91692
152300 2.91727
152400 2.91762
152500 2.91797
152600 2.91832
152700 2.91867
152800 2.91902
152900 2.91937
153000 2.91972
153000 2.91972
153100 2.92007
153200 2.92042
153300 2.92077
153400 2.92111
153500 2.92146
153600 2.92181
153700 2.92216
153800 2.9225
153900 2.92285
154000 2.92319
154000 2.92319
154100 2.92354
154200 2.92389
154300 2.92423
154400 2.92457
154500 2.92492
154600 2.92526
154700 2.92561
154800 2.92595
154900 2.92629
155000 2.92664
155000 2.92664
155100 2.92698
155200 2.92732
155300 2.92766
155400 2.928
155500 2.92834
155600 2.92869
155700 2.92903
155800 2.92937
155900 2.92971
156000 2.93005
156000 2.93005
156100 2.93039
156200 2.93072
156300 2.93106
156400 2.9314
156500 2.93174
156600 2.93208
156700 2.93241
156800 2.93275
156900 2.93309
157000 2.93342
157000 2.93342
157100 2.93376
157200 2.9341
157300 2.93443
157400 2.93477
157500 2.9351
157600 2.93544
157700 2.93577
157800 2.93611
157900 2.93644
158000 2.93677
158000 2.93677
158100 2.93711
158200 2.93744
158300 2.93777
158400 2.9381
158500 2.93844
158600 2.93877
158700 2.9391
158800 2.93943
158900 2.93976
159000 2.94009
159000 2.94009
159100 2.94042
159200 2.94075
159300 2.94108
159400 2.94141
159500 2.94174
159600 2.94207
159700 2.94239
159800 2.94272
159900 2.94305
160000 2.94338
160000 2.94338
160100 2.9437
160200 2.94403
160300 2.94436
160400 2.94468
160500 2.94501
160600 2.94534
160700 2.94566
160800 2.94599
160900 2.94631
161000 2.94663
161000 2.94663
161100 2.94696
161200 2.94728
161300 2.94761
161400 2.94793
161500 2.94825
161600 2.94857
161700 2.9489
161800 2.94922
161900 2.94954
162000 2.94986
162000 2.94986
162100 2.95018
162200 2.9505
162300 2.95082
162400 2.95114
162500 2.95146
162600 2.95178
162700 2.9521
162800 2.95242
162900 2.95274
163000 2.95306
163000 2.95306
163100 2.95338
163200 2.9537
163300 2.95401
163400 2.95433
163500 2.95465
163600 2.95496
163700 2.95528
163800 2.9556
163900 2.95591
164000 2.95623
164000 2.95623
164100 2.95654
164200 2.95686
164300 2.95717
164400 2.95749
164500 2.9578
164600 2.95812
164700 2.95843
164800 2.95874
164900 2.95906
165000 2.95937
165000 2.95937
165100 2.95968
165200 2.95999
165300 2.9603
165400 2.96062
165500 2.96093
165600 2.96124
165700 2.96155
165800 2.96186
165900 2.96217
166000 2.96248
166000 2.96248
166100 2.96279
166200 2.9631
166300 2.96341
166400 2.96372
166500 2.96402
166600 2.96433
166700 2.96464
166800 2.96495
166900 2.96525
167000 2.96556
167000 2.96556
167100 2.96587
167200 2.96617
167300 2.96648
167400 2.96679
167500 2.96709
167600 2.9674
167700 2.9677
167800 2.96801
167900 2.96831
168000 2.96862
168000 2.96862
168100 2.96892
168200 2.96922
168300 2.96953
168400 2.96983
168500 2.97013
168600 2.97044
168700 2.97074
168800 2.97104
168900 2.97134
169000 2.97164
169000 2.97164
169100 2.97194
169200 2.97224
169300 2.97254
169400 2.97285
169500 2.97315
169600 2.97344
169700 2.97374
169800 2.97404
169900 2.97434
170000 2.97464
170000 2.97464
170100 2.97494
170200 2.97524
170300 2.97554
170400 2.97583
170500 2.97613
170600 2.97643
170700 2.97672
170800 2.97702
170900 2.97732
171000 2.97761
171000 2.97761
171100 2.97791
171200 2.9782
171300 2.9785
171400 2.97879
171500 2.97909
171600 2.97938
171700 2.97968
171800 2.97997
171900 2.98026
172000 2.98056
172000 2.98056
172100 2.98085
172200 2.98114
172300 2.98143
172400 2.98173
172500 2.98202
172600 2.98231
172700 2.9826
172800 2.98289
172900 2.98318
173000 2.98347
173000 2.98347
173100 2.98376
173200 2.98405
173300 2.98434
173400 2.98463
173500 2.98492
173600 2.98521
173700 2.9855
173800 2.98579
173900 2.98608
174000 2.98636
174000 2.98636
174100 2.98665
174200 2.98694
174300 2.98723
174400 2.98751
174500 2.9878
174600 2.98809
174700 2.98837
174800 2.98866
174900 2.98894
175000 2.98923
175000 2.98923
175100 2.98951
175200 2.9898
175300 2.99008
175400 2.99037
175500 2.99065
175600 2.99093
175700 2.99122
175800 2.9915
175900 2.99178
176000 2.99207
176000 2.99207
176100 2.99235
176200 2.99263
176300 2.99291
176400 2.99319
176500 2.99348
176600 2.99376
176700 2.99404
176800 2.99432
176900 2.9946
177000 2.99488
177000 2.99488
177100 2.99516
177200 2.99544
177300 2.99572
177400 2.996
177500 2.99627
177600 2.99655
177700 2.99683
177800 2.99711
177900 2.99739
178000 2.99766
178000 2.99766
178100 2.99794
178200 2.99822
178300 2.9985
178400 2.99877
178500 2.99905
178600 2.99932
178700 2.9996
178800 2.99988
178800 2.99988
178900 3.00015
179000 3.00043
179000 3.00043
179100 3.0007
179200 3.00097
179200 3.00097
179202 2.99581
179300 2.9427
179304 2.94033
179400 2.94064
179500 2.94097
179600 2.9413
179700 2.94163
179800 2.94196
179900 2.94229
180000 2.94261
180000 2.94261
180100 2.94294
180200 2.94327
180222 2.94334
180224 2.94249
180226 2.93703
180226 2.93703
180300 2.93728
180400 2.93761
180500 2.93794
180600 2.93828
180700 2.93861
180800 2.93894
180900 2.93927
181000 2.9396
181000 2.9396
181100 2.93993
181200 2.94026
181246 2.94041
181248 2.93956
181250 2.93451
181300 2.90788
181352 2.88022
181400 2.8804
181500 2.88079
181600 2.88117
181700 2.88155
181800 2.88194
181900 2.88232
182000 2.88271
182000 2.88271
182100 2.88309
182200 2.88347
182270 2.88374
182272 2.8829
182274 2.87756
182274 2.87756
182300 2.87766
182400 2.87805
182500 2.87843
182600 2.87882
182700 2.87921
182800 2.87959
182900 2.87998
183000 2.88036
183000 2.88036
183100 2.88075
183200 2.88113
183294 2.8815
183296 2.88066
183298 2.87571
183300 2.87468
183400 2.82279
183400 2.82257
183500 2.82301
183600 2.82344
183700 2.82388
183800 2.82432
183900 2.82475
184000 2.82519
184000 2.82519
184100 2.82563
184200 2.82606
184300 2.8265
184318 2.82658
184320 2.82576
184322 2.82052
184322 2.82052
184400 2.82086
184500 2.8213
184600 2.82174
184700 2.82218
184800 2.82262
184900 2.82306
185000 2.82349
185000 2.82349
185100 2.82393
185200 2.82437
185300 2.8248
185342 2.82499
185344 2.82417
185346 2.81932
185400 2.79176
185448 2.76728
185500 2.76753
185600 2.76802
185700 2.76851
185800 2.769
185900 2.76948
186000 2.76997
186000 2.76997
186100 2.77046
186200 2.77094
186300 2.77143
186366 2.77175
186368 2.77095
186370 2.76582
186370 2.76582
186400 2.76596
186500 2.76645
186600 2.76694
186700 2.76743
186800 2.76792
186900 2.76841
187000 2.76889
187000 2.76889
187100 2.76938
187200 2.76987
187300 2.77035
187390 2.77079
187392 2.76999
187394 2.76523
187400 2.76224
187496 2.71425
187500 2.71427
187600 2.71481
187700 2.71535
187800 2.71588
187900 2.71642
188000 2.71695
188000 2.71695
188100 2.71749
188200 2.71802
188300 2.71856
188400 2.71909
188414 2.71917
188416 2.71838
188418 2.71335
188418 2.71335
188500 2.71379
188600 2.71433
188700 2.71486
188800 2.7154
188900 2.71594
189000 2.71647
189000 2.71647
189100 2.71701
189200 2.71754
189300 2.71808
189400 2.71861
189438 2.71882
189440 2.71803
189442 2.71336
189500 2.68495
189544 2.6634
189600 2.66372
189700 2.6643
189800 2.66489
189900 2.66547
190000 2.66605
190000 2.66605
190100 2.66663
190200 2.66721
190300 2.6678
190400 2.66838
190462 2.66874
190464 2.66797
190466 2.66303
190466 2.66303
190500 2.66322
190600 2.66381
190700 2.66439
190800 2.66498
190900 2.66556
191000 2.66614
191000 2.66614
191100 2.66672
191200 2.6673
191300 2.66788
191400 2.66846
191486 2.66896
191488 2.66819
191490 2.66361
191500 2.6588
191592 2.61462
191600 2.61467
191700 2.61529
191800 2.61592
191900 2.61655
192000 2.61718
192000 2.61718
192100 2.6178
192200 2.61843
192300 2.61906
192400 2.61968
192500 2.6203
192510 2.62037
192512 2.61962
192514 2.61476
192514 2.61476
192600 2.6153
192700 2.61593
192800 2.61656
192900 2.61719
193000 2.61781
193000 2.61781
193100 2.61844
193200 2.61906
193300 2.61969
193400 2.62031
193500 2.62094
193534 2.62115
193536 2.6204
193538 2.6159
193600 2.5867
193640 2.56784
193700 2.56824
193800 2.56891
193900 2.56958
194000 2.57025
194000 2.57025
194100 2.57092
194200 2.57159
194300 2.57226
194400 2.57292
194500 2.57359
194558 2.57398
194560 2.57324
194562 2.56848
194562 2.56848
194600 2.56873
194700 2.5694
194800 2.57007
194900 2.57074
195000 2.57141
195000 2.57141
195100 2.57208
195200 2.57275
195300 2.57342
195400 2.57408
195500 2.57475
195582 2.5753
195584 2.57456
195586 2.57014
195600 2.56365
195688 2.52297
195700 2.52305
195800 2.52376
195900 2.52448
196000 2.52519
196000 2.52519
196100 2.5259
196200 2.52661
196300 2.52732
196400 2.52803
196500 2.52874
196600 2.52944
196606 2.52949
196608 2.52876
196610 2.52408
196610 2.52408
196700 2.52472
196800 2.52543
196900 2.52615
197000 2.52686
197000 2.52686
197100 2.52756
197200 2.52827
197300 2.52898
197400 2.52969
197500 2.5304
197600 2.5311
197630 2.53132
197632 2.53059
197634 2.52625
197700 2.49631
197736 2.47994
197800 2.48042
197900 2.48117
198000 2.48192
198000 2.48192
198100 2.48267
198200 2.48342
198300 2.48417
198400 2.48492
198500 2.48567
198600 2.48641
198654 2.48682
198656 2.48611
198658 2.48151
198658 2.48151
198700 2.48182
198800 2.48257
198900 2.48332
199000 2.48407
199000 2.48407
199100 2.48482
199200 2.48557
199300 2.48631
199400 2.48706
199500 2.48781
199600 2.48855
199678 2.48914
199680 2.48842
199682 2.48415
199700 2.47611
199784 2.43867
199800 2.43879
199900 2.43958
200000 2.44037
200000 2.44037
200100 2.44116
200200 2.44195
200300 2.44273
200400 2.44352
200500 2.44431
200600 2.44509
200700 2.44588
200702 2.44589
200704 2.44519
200706 2.44067
200706 2.44067
200800 2.44141
200900 2.4422
201000 2.44299
201000 2.44299
201100 2.44377
201200 2.44456
201300 2.44534
201400 2.44613
201500 2.44691
201600 2.44769
201700 2.44848
201726 2.44868
201728 2.44798
201730 2.44378
201800 2.41314
201832 2.39908
201900 2.39964
202000 2.40047
202000 2.40047
202100 2.40129
202200 2.40212
202300 2.40294
202400 2.40377
202500 2.40459
202600 2.40541
202700 2.40623
202750 2.40664
202752 2.40596
202754 2.40151
202754 2.40151
202800 2.40188
202900 2.40271
203000 2.40353
203000 2.40353
203100 2.40435
203200 2.40518
203300 2.406
203400 2.40682
203500 2.40764
203600 2.40846
203700 2.40927
203774 2.40988
203776 2.40919
203778 2.40506
203800 2.39556
203880 2.36112
203900 2.36129
203959 2.3618
203959 2.3618
203968 2.32291
203968 2.32285
203969 2.32089
203969 2.32089
