0 3
0 2.99961
2 2.98111
100 2.80942
200 2.64432
300 2.48949
400 2.3443
500 2.20815
600 2.08047
700 1.96074
800 1.84847
900 1.74318
900 1.74318
1000 1.74794
1000 1.74794
1100 1.75268
1200 1.75741
1300 1.76212
1400 1.76682
1500 1.77151
1600 1.77618
1700 1.78084
1800 1.78548
1900 1.79011
2000 1.79472
2000 1.79472
2100 1.79932
2200 1.80391
2300 1.80848
2400 1.81304
2500 1.81758
2600 1.82211
2700 1.82663
2800 1.83113
2900 1.83562
3000 1.84009
3000 1.84009
3100 1.84455
3200 1.849
3300 1.85344
3400 1.85786
3500 1.86226
3600 1.86666
3700 1.87104
3800 1.8754
3900 1.87976
4000 1.8841
4000 1.8841
4100 1.88842
4200 1.89274
4300 1.89704
4400 1.90132
4500 1.9056
4600 1.90986
4700 1.91411
4800 1.91834
4900 1.92256
5000 1.92677
5000 1.92677
5100 1.93097
5200 1.93515
5300 1.93932
5400 1.94348
5500 1.94763
5600 1.95176
5700 1.95588
5800 1.95999
5900 1.96408
6000 1.96816
6000 1.96816
6100 1.97223
6200 1.97629
6300 1.98034
6400 1.98437
6500 1.98839
6600 1.9924
6700 1.99639
6800 2.00038
6900 2.00435
7000 2.00831
7000 2.00831
7100 2.01225
7200 2.01619
7300 2.02011
7400 2.02402
7500 2.02792
7600 2.03181
7700 2.03568
7800 2.03955
7900 2.0434
8000 2.04724
8000 2.04724
8100 2.05107
8200 2.05488
8300 2.05869
8400 2.06248
8500 2.06626
8600 2.07003
8700 2.07379
8800 2.07754
8900 2.08127
9000 2.085
9000 2.085
9100 2.08871
9200 2.09241
9300 2.0961
9400 2.09978
9500 2.10345
9600 2.10711
9700 2.11075
9800 2.11438
9900 2.11801
10000 2.12162
10000 2.12162
10100 2.12522
10200 2.12881
10300 2.13239
10400 2.13596
10500 2.13951
10600 2.14306
10700 2.14659
10800 2.15012
10900 2.15363
11000 2.15714
11000 2.15714
11100 2.16063
11200 2.16411
11300 2.16758
11400 2.17104
11500 2.17449
11600 2.17793
11700 2.18136
11800 2.18478
11900 2.18818
12000 2.19158
12000 2.19158
12100 2.19497
12200 2.19834
12300 2.20171
12400 2.20507
12500 2.20841
12600 2.21175
12700 2.21507
12800 2.21839
12900 2.22169
13000 2.22499
13000 2.22499
13100 2.22827
13200 2.23155
13300 2.23481
13400 2.23807
13500 2.24131
13600 2.24455
13700 2.24777
13800 2.25099
13900 2.25419
14000 2.25739
14000 2.25739
14100 2.26057
14200 2.26375
14300 2.26692
14400 2.27007
14500 2.27322
14600 2.27636
14700 2.27949
14800 2.2826
14900 2.28571
15000 2.28881
15000 2.28881
15100 2.2919
15200 2.29498
15300 2.29805
15400 2.30111
15500 2.30417
15600 2.30721
15700 2.31024
15800 2.31327
15900 2.31628
16000 2.31929
16000 2.31929
16100 2.32228
16200 2.32527
16300 2.32825
16400 2.33122
16500 2.33418
16600 2.33713
16700 2.34007
16800 2.343
16900 2.34593
17000 2.34884
17000 2.34884
17100 2.35175
17200 2.35465
17300 2.35754
17400 2.36042
17500 2.36329
17600 2.36615
17700 2.369
17800 2.37185
17900 2.37468
18000 2.37751
18000 2.37751
18100 2.38033
18200 2.38314
18300 2.38594
18400 2.38873
18500 2.39152
18600 2.39429
18700 2.39706
18800 2.39982
18900 2.40257
19000 2.40531
19000 2.40531
19100 2.40805
19200 2.41077
19300 2.41349
19400 2.4162
19500 2.4189
19600 2.42159
19700 2.42427
19800 2.42695
19900 2.42962
20000 2.43228
20000 2.43228
20100 2.43493
20200 2.43757
20300 2.4402
20400 2.44283
20500 2.44545
20600 2.44806
20700 2.45066
20800 2.45326
20900 2.45585
21000 2.45843
21000 2.45843
21100 2.461
21200 2.46356
21300 2.46612
21400 2.46866
21500 2.4712
21600 2.47374
21700 2.47626
21800 2.47878
21900 2.48129
22000 2.48379
22000 2.48379
22100 2.48628
22200 2.48877
22300 2.49125
22400 2.49372
22500 2.49618
22600 2.49864
22700 2.50109
22800 2.50353
22900 2.50596
23000 2.50839
23000 2.50839
23100 2.5108
23200 2.51322
23300 2.51562
23400 2.51802
23500 2.5204
23600 2.52279
23700 2.52516
23800 2.52753
23900 2.52989
24000 2.53224
24000 2.53224
24100 2.53459
24200 2.53693
24300 2.53926
24400 2.54158
24500 2.5439
24600 2.54621
24700 2.54851
24800 2.55081
24900 2.5531
25000 2.55538
25000 2.55538
25100 2.55765
25200 2.55992
25300 2.56218
25400 2.56444
25500 2.56668
25600 2.56892
25700 2.57116
25800 2.57338
25900 2.5756
26000 2.57782
26000 2.57782
26100 2.58002
26200 2.58222
26300 2.58442
26400 2.5866
26500 2.58878
26600 2.59096
26700 2.59312
26800 2.59528
26900 2.59743
27000 2.59958
27000 2.59958
27100 2.60172
27200 2.60385
27300 2.60598
27400 2.6081
27500 2.61021
27600 2.61232
27700 2.61442
27800 2.61652
27900 2.61861
28000 2.62069
28000 2.62069
28100 2.62276
28200 2.62483
28300 2.62689
28400 2.62895
28500 2.631
28600 2.63304
28700 2.63508
28800 2.63711
28900 2.63914
29000 2.64116
29000 2.64116
29100 2.64317
29200 2.64518
29300 2.64718
29400 2.64917
29500 2.65116
29600 2.65314
29700 2.65512
29800 2.65709
29900 2.65905
30000 2.66101
30000 2.66101
30100 2.66296
30200 2.66491
30300 2.66685
30400 2.66878
30500 2.67071
30600 2.67263
30700 2.67455
30800 2.67646
30900 2.67837
31000 2.68027
31000 2.68027
31100 2.68216
31200 2.68405
31300 2.68593
31400 2.6878
31500 2.68967
31600 2.69154
31700 2.6934
31800 2.69525
31900 2.6971
32000 2.69894
32000 2.69894
32100 2.70078
32200 2.70261
32300 2.70443
32400 2.70625
32500 2.70806
32600 2.70987
32700 2.71168
32800 2.71347
32900 2.71526
33000 2.71705
33000 2.71705
33100 2.71883
33200 2.72061
33300 2.72238
33400 2.72414
33500 2.7259
33600 2.72765
33700 2.7294
33800 2.73115
33900 2.73288
34000 2.73462
34000 2.73462
34100 2.73634
34200 2.73806
34300 2.73978
34400 2.74149
34500 2.7432
34600 2.7449
34700 2.7466
34800 2.74829
34900 2.74997
35000 2.75165
35000 2.75165
35100 2.75333
35200 2.755
35300 2.75666
35400 2.75832
35500 2.75998
35600 2.76162
35700 2.76327
35800 2.76491
35900 2.76654
36000 2.76817
36000 2.76817
36100 2.7698
36200 2.77142
36300 2.77303
36400 2.77464
36500 2.77625
36600 2.77785
36700 2.77944
36800 2.78103
36900 2.78262
37000 2.7842
37000 2.7842
37100 2.78577
37200 2.78734
37300 2.78891
37400 2.79047
37500 2.79203
37600 2.79358
37700 2.79513
37800 2.79667
37900 2.7982
38000 2.79974
38000 2.79974
38100 2.80127
38200 2.80279
38300 2.80431
38400 2.80582
38500 2.80733
38600 2.80884
38700 2.81034
38800 2.81183
38900 2.81332
39000 2.81481
39000 2.81481
39100 2.81629
39200 2.81777
39300 2.81924
39400 2.82071
39500 2.82217
39600 2.82363
39700 2.82509
39800 2.82654
39900 2.82799
40000 2.82943
40000 2.82943
40100 2.83087
40200 2.8323
40300 2.83373
40400 2.83515
40500 2.83657
40600 2.83799
40700 2.8394
40800 2.8408
40900 2.84221
41000 2.8436
41000 2.8436
41100 2.845
41200 2.84639
41300 2.84777
41400 2.84916
41500 2.85053
41600 2.85191
41700 2.85327
41800 2.85464
41900 2.856
42000 2.85735
42000 2.85735
42100 2.85871
42200 2.86005
42300 2.8614
42400 2.86274
42500 2.86407
42600 2.8654
42700 2.86673
42800 2.86806
42900 2.86937
43000 2.87069
43000 2.87069
43100 2.872
43200 2.87331
43300 2.87461
43400 2.87591
43500 2.87721
43600 2.8785
43700 2.87978
43800 2.88107
43900 2.88235
44000 2.88362
44000 2.88362
44100 2.88489
44200 2.88616
44300 2.88743
44400 2.88869
44500 2.88994
44600 2.89119
44700 2.89244
44800 2.89369
44900 2.89493
45000 2.89617
45000 2.89617
45100 2.8974
45200 2.89863
45300 2.89985
45400 2.90108
45500 2.9023
45600 2.90351
45700 2.90472
45800 2.90593
45900 2.90713
46000 2.90833
46000 2.90833
46100 2.90953
46200 2.91072
46300 2.91191
46400 2.91309
46500 2.91428
46600 2.91545
46700 2.91663
46800 2.9178
46900 2.91897
47000 2.92013
47000 2.92013
47100 2.92129
47200 2.92245
47300 2.9236
47400 2.92475
47500 2.92589
47600 2.92704
47700 2.92818
47800 2.92931
47900 2.93044
48000 2.93157
48000 2.93157
48100 2.9327
48200 2.93382
48300 2.93494
48400 2.93605
48500 2.93716
48600 2.93827
48700 2.93938
48800 2.94048
48900 2.94158
49000 2.94267
49000 2.94267
49100 2.94376
49200 2.94485
49300 2.94593
49400 2.94701
49500 2.94809
49600 2.94917
49700 2.95024
49800 2.95131
49900 2.95237
50000 2.95343
50000 2.95343
50100 2.95449
50200 2.95555
50300 2.9566
50400 2.95765
50500 2.95869
50600 2.95973
50700 2.96077
50800 2.96181
50900 2.96284
51000 2.96387
51000 2.96387
51100 2.9649
51200 2.96592
51300 2.96694
51400 2.96796
51500 2.96897
51600 2.96998
51700 2.97099
51800 2.972
51900 2.973
52000 2.974
52000 2.974
52100 2.97499
52200 2.97598
52300 2.97697
52400 2.97796
52500 2.97894
52600 2.97992
52700 2.9809
52800 2.98187
52900 2.98285
53000 2.98381
53000 2.98381
53100 2.98478
53200 2.98574
53300 2.9867
53400 2.98766
53500 2.98861
53600 2.98956
53700 2.99051
53800 2.99146
53900 2.9924
54000 2.99334
54000 2.99334
54100 2.99427
54200 2.99521
54300 2.99614
54400 2.99706
54500 2.99799
54600 2.99891
54700 2.99983
54700 2.99983
54800 3.00075
54900 3.00166
55000 3.00257
55000 3.00257
55100 3.00348
55200 3.00439
55296 3.00525
55298 2.98671
55300 2.98344
55400 2.8075
55500 2.64251
55502 2.63866
55505 2.58911
55505 2.58886
55506 2.5816
55506 2.58119
55509 2.56444
55509 2.56419
55510 2.54825
55600 2.41438
55700 2.27386
55800 2.14209
55900 2.01853
56000 1.90266
56000 1.90266
56100 1.794
56100 1.794
56200 1.7986
56300 1.80319
56400 1.80776
56500 1.81232
56600 1.81687
56700 1.8214
56800 1.82592
56900 1.83042
57000 1.83492
57000 1.83492
57100 1.83939
57200 1.84386
57300 1.84831
57400 1.85274
57500 1.85716
57600 1.86157
57700 1.86597
57800 1.87035
57900 1.87472
58000 1.87908
58000 1.87908
58100 1.88342
58200 1.88775
58300 1.89206
58400 1.89636
58500 1.90065
58600 1.90493
58700 1.90919
58800 1.91344
58900 1.91768
59000 1.9219
59000 1.9219
59100 1.92612
59200 1.93031
59300 1.9345
59400 1.93867
59500 1.94283
59600 1.94698
59700 1.95111
59800 1.95524
59900 1.95934
60000 1.96344
60000 1.96344
60100 1.96753
60200 1.9716
60300 1.97566
60400 1.9797
60500 1.98374
60600 1.98776
60700 1.99177
60800 1.99577
60900 1.99975
61000 2.00373
61000 2.00373
61100 2.00769
61200 2.01164
61300 2.01557
61400 2.0195
61500 2.02341
61600 2.02731
61700 2.0312
61800 2.03508
61900 2.03894
62000 2.0428
62000 2.0428
62100 2.04664
62200 2.05047
62300 2.05429
62400 2.05809
62500 2.06189
62600 2.06567
62700 2.06944
62800 2.0732
62900 2.07695
63000 2.08069
63000 2.08069
63100 2.08442
63200 2.08813
63300 2.09183
63400 2.09553
63500 2.09921
63600 2.10287
63700 2.10653
63800 2.11018
63900 2.11382
64000 2.11744
64000 2.11744
64100 2.12105
64200 2.12466
64300 2.12825
64400 2.13183
64500 2.1354
64600 2.13896
64700 2.1425
64800 2.14604
64900 2.14957
65000 2.15308
65000 2.15308
65100 2.15659
65200 2.16008
65300 2.16356
65400 2.16704
65500 2.1705
65600 2.17395
65700 2.17739
65800 2.18082
65900 2.18424
66000 2.18765
66000 2.18765
66100 2.19105
66200 2.19444
66300 2.19782
66400 2.20118
66500 2.20454
66600 2.20789
66700 2.21123
66800 2.21455
66900 2.21787
67000 2.22118
67000 2.22118
67100 2.22447
67200 2.22776
67300 2.23104
67400 2.2343
67500 2.23756
67600 2.2408
67700 2.24404
67800 2.24727
67900 2.25048
68000 2.25369
68000 2.25369
68100 2.25689
68200 2.26008
68300 2.26325
68400 2.26642
68500 2.26958
68600 2.27273
68700 2.27587
68800 2.279
68900 2.28212
69000 2.28523
69000 2.28523
69100 2.28833
69200 2.29142
69300 2.2945
69400 2.29757
69500 2.30063
69600 2.30369
69700 2.30673
69800 2.30977
69900 2.31279
70000 2.31581
70000 2.31581
70100 2.31882
70200 2.32181
70300 2.3248
70400 2.32778
70500 2.33075
70600 2.33372
70700 2.33667
70800 2.33961
70900 2.34255
71000 2.34547
71000 2.34547
71100 2.34839
71200 2.3513
71300 2.35419
71400 2.35708
71500 2.35997
71600 2.36284
71700 2.3657
71800 2.36856
71900 2.3714
72000 2.37424
72000 2.37424
72100 2.37707
72200 2.37989
72300 2.3827
72400 2.3855
72500 2.3883
72600 2.39108
72700 2.39386
72800 2.39663
72900 2.39939
73000 2.40214
73000 2.40214
73100 2.40488
73200 2.40762
73300 2.41034
73400 2.41306
73500 2.41577
73600 2.41847
73700 2.42117
73800 2.42385
73900 2.42653
74000 2.4292
74000 2.4292
74100 2.43186
74200 2.43451
74300 2.43716
74400 2.43979
74500 2.44242
74600 2.44504
74700 2.44765
74800 2.45026
74900 2.45285
75000 2.45544
75000 2.45544
75100 2.45802
75200 2.46059
75300 2.46316
75400 2.46572
75500 2.46827
75600 2.47081
75700 2.47334
75800 2.47587
75900 2.47838
76000 2.48089
76000 2.48089
76100 2.4834
76200 2.48589
76300 2.48838
76400 2.49086
76500 2.49333
76600 2.4958
76700 2.49825
76800 2.5007
76900 2.50314
77000 2.50558
77000 2.50558
77100 2.50801
77200 2.51043
77300 2.51284
77400 2.51524
77500 2.51764
77600 2.52003
77700 2.52241
77800 2.52479
77900 2.52716
78000 2.52952
78000 2.52952
78100 2.53187
78200 2.53422
78300 2.53656
78400 2.53889
78500 2.54122
78600 2.54354
78700 2.54585
78800 2.54815
78900 2.55045
79000 2.55274
79000 2.55274
79100 2.55502
79200 2.5573
79300 2.55957
79400 2.56183
79500 2.56408
79600 2.56633
79700 2.56857
79800 2.57081
79900 2.57304
80000 2.57526
80000 2.57526
80100 2.57747
80200 2.57968
80300 2.58188
80400 2.58407
80500 2.58626
80600 2.58844
80700 2.59062
80800 2.59278
80900 2.59494
81000 2.5971
81000 2.5971
81100 2.59924
81200 2.60139
81300 2.60352
81400 2.60565
81500 2.60777
81600 2.60988
81700 2.61199
81800 2.61409
81900 2.61619
82000 2.61828
82000 2.61828
82100 2.62036
82200 2.62244
82300 2.62451
82400 2.62657
82500 2.62863
82600 2.63068
82700 2.63272
82800 2.63476
82900 2.6368
83000 2.63882
83000 2.63882
83100 2.64084
83200 2.64286
83300 2.64486
83400 2.64686
83500 2.64886
83600 2.65085
83700 2.65283
83800 2.65481
83900 2.65678
84000 2.65875
84000 2.65875
84100 2.6607
84200 2.66266
84300 2.6646
84400 2.66655
84500 2.66848
84600 2.67041
84700 2.67233
84800 2.67425
84900 2.67616
85000 2.67807
85000 2.67807
85100 2.67997
85200 2.68186
85300 2.68375
85400 2.68563
85500 2.68751
85600 2.68938
85700 2.69125
85800 2.69311
85900 2.69496
86000 2.69681
86000 2.69681
86100 2.69865
86200 2.70049
86300 2.70232
86400 2.70415
86500 2.70597
86600 2.70778
86700 2.70959
86800 2.71139
86900 2.71319
87000 2.71498
87000 2.71498
87100 2.71677
87200 2.71855
87300 2.72033
87400 2.7221
87500 2.72387
87600 2.72562
87700 2.72738
87800 2.72913
87900 2.73087
88000 2.73261
88000 2.73261
88100 2.73434
88200 2.73607
88300 2.7378
88400 2.73951
88500 2.74122
88600 2.74293
88700 2.74463
88800 2.74633
88900 2.74802
89000 2.74971
89000 2.74971
89100 2.75139
89200 2.75306
89300 2.75473
89400 2.7564
89500 2.75806
89600 2.75972
89700 2.76137
89800 2.76301
89900 2.76465
90000 2.76629
90000 2.76629
90100 2.76792
90200 2.76954
90300 2.77116
90400 2.77278
90500 2.77439
90600 2.776
90700 2.7776
90800 2.77919
90900 2.78078
91000 2.78237
91000 2.78237
91100 2.78395
91200 2.78553
91300 2.7871
91400 2.78866
91500 2.79023
91600 2.79178
91700 2.79334
91800 2.79488
91900 2.79643
92000 2.79796
92000 2.79796
92100 2.7995
92200 2.80103
92300 2.80255
92400 2.80407
92500 2.80559
92600 2.8071
92700 2.8086
92800 2.8101
92900 2.8116
93000 2.81309
93000 2.81309
93100 2.81458
93200 2.81606
93300 2.81754
93400 2.81901
93500 2.82048
93600 2.82195
93700 2.82341
93800 2.82486
93900 2.82631
94000 2.82776
94000 2.82776
94100 2.8292
94200 2.83064
94300 2.83207
94400 2.8335
94500 2.83493
94600 2.83635
94700 2.83776
94800 2.83918
94900 2.84058
95000 2.84199
95000 2.84199
95100 2.84339
95200 2.84478
95300 2.84617
95400 2.84756
95500 2.84894
95600 2.85032
95700 2.85169
95800 2.85306
95900 2.85442
96000 2.85579
96000 2.85579
96100 2.85714
96200 2.8585
96300 2.85984
96400 2.86119
96500 2.86253
96600 2.86386
96700 2.8652
96800 2.86652
96900 2.86785
97000 2.86917
97000 2.86917
97100 2.87048
97200 2.8718
97300 2.8731
97400 2.87441
97500 2.87571
97600 2.877
97700 2.8783
97800 2.87958
97900 2.88087
98000 2.88215
98000 2.88215
98100 2.88342
98200 2.8847
98300 2.88596
98400 2.88723
98500 2.88849
98600 2.88975
98700 2.891
98800 2.89225
98900 2.89349
99000 2.89473
99000 2.89473
99100 2.89597
99200 2.89721
99300 2.89844
99400 2.89966
99500 2.90089
99600 2.9021
99700 2.90332
99800 2.90453
99900 2.90574
100000 2.90694
100000 2.90694
100100 2.90814
100200 2.90934
100300 2.91053
100400 2.91172
100500 2.91291
100600 2.91409
100700 2.91527
100800 2.91644
100900 2.91762
101000 2.91878
101000 2.91878
101100 2.91995
101200 2.92111
101300 2.92227
101400 2.92342
101500 2.92457
101600 2.92572
101700 2.92686
101800 2.928
101900 2.92913
102000 2.93027
102000 2.93027
102100 2.9314
102200 2.93252
102300 2.93364
102400 2.93476
102500 2.93588
102600 2.93699
102700 2.9381
102800 2.9392
102900 2.94031
103000 2.9414
103000 2.9414
103100 2.9425
103200 2.94359
103300 2.94468
103400 2.94576
103500 2.94685
103600 2.94792
103700 2.949
103800 2.95007
103900 2.95114
104000 2.9522
104000 2.9522
104100 2.95327
104200 2.95433
104300 2.95538
104400 2.95643
104500 2.95748
104600 2.95853
104700 2.95957
104800 2.96061
104900 2.96165
105000 2.96268
105000 2.96268
105100 2.96371
105200 2.96474
105300 2.96576
105400 2.96678
105500 2.9678
105600 2.96881
105700 2.96982
105800 2.97083
105900 2.97184
106000 2.97284
106000 2.97284
106100 2.97384
106200 2.97484
106300 2.97583
106400 2.97682
106500 2.9778
106600 2.97879
106700 2.97977
106800 2.98075
106900 2.98172
107000 2.98269
107000 2.98269
107100 2.98366
107200 2.98463
107300 2.98559
107400 2.98655
107500 2.98751
107600 2.98846
107700 2.98941
107800 2.99036
107900 2.99131
108000 2.99225
108000 2.99225
108100 2.99319
108200 2.99413
108300 2.99506
108400 2.99599
108500 2.99692
108600 2.99784
108700 2.99877
108800 2.99969
108900 3.0006
108900 3.0006
109000 3.00152
109000 3.00152
109100 3.00243
109200 3.00334
109300 3.00424
109400 3.00515
109500 3.00605
109568 3.00666
109570 2.98945
109600 2.93544
109672 2.80908
109700 2.80949
109800 2.81099
109900 2.81249
110000 2.81398
110000 2.81398
110100 2.81546
110200 2.81694
110300 2.81842
110400 2.81989
110500 2.82135
110590 2.82268
110592 2.81996
110594 2.80257
110594 2.80257
110600 2.80266
110700 2.80418
110800 2.8057
110900 2.8072
111000 2.80871
111000 2.80871
111100 2.81021
111200 2.81171
111300 2.8132
111400 2.81469
111500 2.81617
111600 2.81765
111614 2.81786
111616 2.81514
111618 2.79905
111700 2.66348
111720 2.6308
111800 2.63243
111900 2.63447
112000 2.6365
112000 2.6365
112100 2.63853
112200 2.64055
112300 2.64256
112400 2.64457
112500 2.64658
112600 2.64857
112638 2.64934
112640 2.64679
112642 2.63049
112642 2.63049
112700 2.63168
112800 2.63372
112900 2.63575
113000 2.63778
113000 2.63778
113100 2.6398
113200 2.64182
113300 2.64383
113400 2.64584
113500 2.64784
113600 2.64983
113662 2.65107
113664 2.64852
113666 2.63339
113700 2.57993
113768 2.4757
113800 2.47649
113900 2.47901
114000 2.48152
114000 2.48152
114100 2.48402
114200 2.48651
114300 2.489
114400 2.49147
114500 2.49394
114600 2.49641
114686 2.49853
114688 2.49614
114690 2.48078
114690 2.48078
114700 2.48102
114800 2.48353
114900 2.48602
115000 2.48851
115000 2.48851
115100 2.49099
115200 2.49346
115300 2.49592
115400 2.49838
115500 2.50083
115600 2.50327
115700 2.50571
115710 2.50596
115712 2.50356
115714 2.48927
115800 2.36392
115816 2.34075
115900 2.3432
116000 2.34613
116000 2.34613
116100 2.34904
116200 2.35195
116300 2.35484
116400 2.35773
116500 2.36061
116600 2.36348
116700 2.36634
116734 2.36732
116736 2.36507
116738 2.35053
116738 2.35053
116800 2.35232
116900 2.35522
117000 2.3581
117000 2.3581
117100 2.36098
117200 2.36385
117300 2.36671
117400 2.36956
117500 2.37241
117600 2.37524
117700 2.37806
117758 2.37971
117760 2.37744
117762 2.36388
117800 2.3107
117864 2.22335
117900 2.22452
118000 2.22781
118000 2.22781
118100 2.23108
118200 2.23435
118300 2.23761
118400 2.24085
118500 2.24409
118600 2.24732
118700 2.25053
118782 2.25318
118784 2.25104
118786 2.23721
118786 2.23721
118800 2.23765
118900 2.2409
119000 2.24414
119000 2.24414
119100 2.24736
119200 2.25058
119300 2.25379
119400 2.25698
119500 2.26017
119600 2.26335
119700 2.26651
119800 2.26967
119806 2.26987
119808 2.26772
119810 2.25479
119900 2.13695
119912 2.12121
120000 2.12436
120000 2.12436
120100 2.12796
120200 2.13154
120300 2.13511
120400 2.13867
120500 2.14222
120600 2.14575
120700 2.14928
120800 2.1528
120830 2.15386
120832 2.15183
120834 2.13861
120834 2.13861
120900 2.14095
121000 2.14449
121000 2.14449
121100 2.14802
121200 2.15154
121300 2.15505
121400 2.15855
121500 2.16204
121600 2.16552
121700 2.16898
121800 2.17244
121854 2.17431
121856 2.17226
121858 2.15988
121900 2.1066
121960 2.03234
122000 2.03388
122000 2.03388
122100 2.03775
122200 2.0416
122300 2.04545
122400 2.04928
122500 2.0531
122600 2.05691
122700 2.06071
122800 2.0645
122878 2.06746
122880 2.06551
122882 2.05284
122882 2.05284
122900 2.05352
123000 2.05733
123000 2.05733
123100 2.06112
123200 2.06491
123300 2.06868
123400 2.07245
123500 2.0762
123600 2.07994
123700 2.08367
123800 2.08738
123900 2.09109
123902 2.09118
123904 2.0892
123906 2.07731
124000 1.96478
124000 1.96478
124008 1.95503
124100 1.95879
124200 1.96289
124300 1.96698
124400 1.97105
124500 1.97511
124600 1.97916
124700 1.9832
124800 1.98722
124900 1.99123
124926 1.99229
124928 1.99042
124930 1.97821
124930 1.97821
125000 1.98103
125000 1.98103
125100 1.98506
125200 1.98908
125300 1.99309
125400 1.99708
125500 2.00106
125600 2.00503
125700 2.00899
125800 2.01293
125900 2.01687
125950 2.01885
125952 2.01695
125954 2.00547
126000 1.95167
126000 1.95167
126056 1.88776
126100 1.88965
126200 1.89396
126300 1.89825
126400 1.90254
126500 1.90681
126600 1.91106
126700 1.91531
126800 1.91954
126900 1.92376
126974 1.92689
126976 1.92508
126978 1.91329
126978 1.91329
127000 1.91421
127000 1.91421
127100 1.91845
127200 1.92267
127300 1.92688
127400 1.93107
127500 1.93526
127600 1.93943
127700 1.94358
127800 1.94773
127900 1.95186
127998 1.95592
128000 1.95408
128000 1.95408
128000 1.95408
128002 1.94297
128100 1.834
128104 1.82924
128200 1.83354
128300 1.83802
128400 1.84249
128500 1.84694
128600 1.85138
128700 1.85581
128800 1.86022
128900 1.86462
129000 1.86901
129000 1.86901
129022 1.86999
129024 1.86824
129026 1.8568
129026 1.8568
129100 1.86006
129200 1.86446
129300 1.86884
129400 1.87322
129500 1.87758
129565 1.88041
129600 1.84229
129700 1.73739
129700 1.73739
129800 1.74217
129900 1.74693
130000 1.75167
130000 1.75167
130100 1.7564
130200 1.76112
130300 1.76582
130400 1.77051
130500 1.77519
130600 1.77985
130700 1.78449
130800 1.78912
130900 1.79374
131000 1.79834
131000 1.79834
131100 1.80293
131200 1.80751
131300 1.81207
131400 1.81661
131500 1.82115
131600 1.82567
131700 1.83017
131800 1.83466
131900 1.83914
132000 1.84361
132000 1.84361
132100 1.84806
132200 1.85249
132300 1.85692
132400 1.86133
132500 1.86572
132600 1.8701
132700 1.87447
132800 1.87883
132900 1.88317
133000 1.8875
133000 1.8875
133100 1.89182
133200 1.89612
133300 1.90041
133400 1.90469
133500 1.90895
133600 1.9132
133700 1.91744
133800 1.92167
133900 1.92588
134000 1.93008
134000 1.93008
134100 1.93426
134200 1.93844
134300 1.9426
134400 1.94675
134500 1.95088
134600 1.955
134700 1.95911
134800 1.96321
134900 1.9673
135000 1.97137
135000 1.97137
135100 1.97543
135200 1.97948
135300 1.98351
135400 1.98753
135500 1.99155
135600 1.99554
135700 1.99953
135800 2.0035
135900 2.00747
136000 2.01141
136000 2.01141
136100 2.01535
136200 2.01928
136300 2.02319
136400 2.02709
136500 2.03098
136600 2.03486
136700 2.03873
136800 2.04258
136900 2.04642
137000 2.05025
137000 2.05025
137100 2.05407
137200 2.05788
137300 2.06168
137400 2.06546
137500 2.06923
137600 2.07299
137700 2.07674
137800 2.08048
137900 2.08421
138000 2.08792
138000 2.08792
138100 2.09163
138200 2.09532
138300 2.099
138400 2.10267
138500 2.10633
138600 2.10998
138700 2.11361
138800 2.11724
138900 2.12085
139000 2.12445
139000 2.12445
139100 2.12805
139200 2.13163
139300 2.1352
139400 2.13876
139500 2.14231
139600 2.14584
139700 2.14937
139800 2.15289
139900 2.15639
140000 2.15988
140000 2.15988
140100 2.16337
140200 2.16684
140300 2.1703
140400 2.17376
140500 2.1772
140600 2.18063
140700 2.18405
140800 2.18746
140900 2.19086
141000 2.19425
141000 2.19425
141100 2.19763
141200 2.20099
141300 2.20435
141400 2.2077
141500 2.21104
141600 2.21437
141700 2.21768
141800 2.22099
141900 2.22429
142000 2.22757
142000 2.22757
142100 2.23085
142200 2.23412
142300 2.23738
142400 2.24062
142500 2.24386
142600 2.24709
142700 2.2503
142800 2.25351
142900 2.25671
143000 2.2599
143000 2.2599
143100 2.26307
143200 2.26624
143300 2.2694
143400 2.27255
143500 2.27569
143600 2.27882
143700 2.28194
143800 2.28505
143900 2.28815
144000 2.29124
144000 2.29124
144100 2.29433
144200 2.2974
144300 2.30046
144400 2.30352
144500 2.30656
144600 2.3096
144700 2.31262
144800 2.31564
144900 2.31865
145000 2.32165
145000 2.32165
145100 2.32464
145200 2.32762
145300 2.33059
145400 2.33355
145500 2.3365
145600 2.33945
145700 2.34238
145800 2.34531
145900 2.34822
146000 2.35113
146000 2.35113
146100 2.35403
146200 2.35692
146300 2.3598
146400 2.36268
146500 2.36554
146600 2.3684
146700 2.37124
146800 2.37408
146900 2.37691
147000 2.37973
147000 2.37973
147100 2.38254
147200 2.38534
147300 2.38814
147400 2.39093
147500 2.3937
147600 2.39647
147700 2.39923
147800 2.40198
147900 2.40473
148000 2.40746
148000 2.40746
148100 2.41019
148200 2.41291
148300 2.41562
148400 2.41832
148500 2.42102
148600 2.4237
148700 2.42638
148800 2.42905
148900 2.43171
149000 2.43436
149000 2.43436
149100 2.43701
149200 2.43964
149300 2.44227
149400 2.44489
149500 2.44751
149600 2.45011
149700 2.45271
149800 2.4553
149900 2.45788
150000 2.46045
150000 2.46045
150100 2.46302
150200 2.46557
150300 2.46812
150400 2.47066
150500 2.4732
150600 2.47572
150700 2.47824
150800 2.48075
150900 2.48326
151000 2.48575
151000 2.48575
151100 2.48824
151200 2.49072
151300 2.49319
151400 2.49566
151500 2.49811
151600 2.50056
151700 2.50301
151800 2.50544
151900 2.50787
152000 2.51029
152000 2.51029
152100 2.5127
152200 2.51511
152300 2.51751
152400 2.5199
152500 2.52228
152600 2.52466
152700 2.52703
152800 2.52939
152900 2.53174
153000 2.53409
153000 2.53409
153100 2.53643
153200 2.53876
153300 2.54109
153400 2.54341
153500 2.54572
153600 2.54802
153700 2.55032
153800 2.55261
153900 2.55489
154000 2.55717
154000 2.55717
154100 2.55944
154200 2.5617
154300 2.56396
154400 2.56621
154500 2.56845
154600 2.57068
154700 2.57291
154800 2.57513
154900 2.57735
155000 2.57955
155000 2.57955
155100 2.58176
155200 2.58395
155300 2.58614
155400 2.58832
155500 2.59049
155600 2.59266
155700 2.59482
155800 2.59698
155900 2.59912
156000 2.60127
156000 2.60127
156100 2.6034
156200 2.60553
156300 2.60765
156400 2.60977
156500 2.61187
156600 2.61398
156700 2.61607
156800 2.61816
156900 2.62024
157000 2.62232
157000 2.62232
157100 2.62439
157200 2.62646
157300 2.62851
157400 2.63056
157500 2.63261
157600 2.63465
157700 2.63668
157800 2.63871
157900 2.64073
158000 2.64274
158000 2.64274
158100 2.64475
158200 2.64675
158300 2.64875
158400 2.65074
158500 2.65272
158600 2.6547
158700 2.65667
158800 2.65863
158900 2.66059
159000 2.66255
159000 2.66255
159100 2.66449
159200 2.66644
159300 2.66837
159400 2.6703
159500 2.67223
159600 2.67414
159700 2.67606
159800 2.67796
159900 2.67986
160000 2.68176
160000 2.68176
160100 2.68364
160200 2.68553
160300 2.6874
160400 2.68928
160500 2.69114
160600 2.693
160700 2.69486
160800 2.6967
160900 2.69855
161000 2.70039
161000 2.70039
161100 2.70222
161200 2.70404
161300 2.70586
161400 2.70768
161500 2.70949
161600 2.71129
161700 2.71309
161800 2.71488
161900 2.71667
162000 2.71845
162000 2.71845
162100 2.72023
162200 2.722
162300 2.72377
162400 2.72553
162500 2.72728
162600 2.72903
162700 2.73077
162800 2.73251
162900 2.73425
163000 2.73598
163000 2.73598
163100 2.7377
163200 2.73942
163300 2.74113
163400 2.74284
163500 2.74454
163600 2.74623
163700 2.74793
163800 2.74961
163900 2.75129
164000 2.75297
164000 2.75297
164100 2.75464
164200 2.75631
164300 2.75797
164400 2.75962
164500 2.76127
164600 2.76292
164700 2.76456
164800 2.7662
164900 2.76783
165000 2.76945
165000 2.76945
165100 2.77107
165200 2.77269
165300 2.7743
165400 2.77591
165500 2.77751
165600 2.7791
165700 2.78069
165800 2.78228
165900 2.78386
166000 2.78544
166000 2.78544
166100 2.78701
166200 2.78858
166300 2.79014
166400 2.7917
166500 2.79325
166600 2.7948
166700 2.79634
166800 2.79788
166900 2.79941
167000 2.80094
167000 2.80094
167100 2.80247
167200 2.80398
167300 2.8055
167400 2.80701
167500 2.80852
167600 2.81002
167700 2.81151
167800 2.81301
167900 2.81449
168000 2.81598
168000 2.81598
168100 2.81746
168200 2.81893
168300 2.8204
168400 2.82186
168500 2.82332
168600 2.82478
168700 2.82623
168800 2.82768
168900 2.82912
169000 2.83056
169000 2.83056
169100 2.83199
169200 2.83342
169300 2.83485
169400 2.83627
169500 2.83769
169600 2.8391
169700 2.8405
169800 2.84191
169900 2.84331
170000 2.8447
170000 2.8447
170100 2.84609
170200 2.84748
170300 2.84886
170400 2.85024
170500 2.85161
170600 2.85298
170700 2.85435
170800 2.85571
170900 2.85707
171000 2.85842
171000 2.85842
171100 2.85977
171200 2.86111
171300 2.86245
171400 2.86379
171500 2.86512
171600 2.86645
171700 2.86777
171800 2.86909
171900 2.87041
172000 2.87172
172000 2.87172
172100 2.87303
172200 2.87433
172300 2.87563
172400 2.87693
172500 2.87822
172600 2.87951
172700 2.88079
172800 2.88208
172900 2.88335
173000 2.88462
173000 2.88462
173100 2.88589
173200 2.88716
173300 2.88842
173400 2.88968
173500 2.89093
173600 2.89218
173700 2.89342
173800 2.89467
173900 2.8959
174000 2.89714
174000 2.89714
174100 2.89837
174200 2.89959
174300 2.90082
174400 2.90204
174500 2.90325
174600 2.90446
174700 2.90567
174800 2.90688
174900 2.90808
175000 2.90927
175000 2.90927
175100 2.91047
175200 2.91166
175300 2.91284
175400 2.91402
175500 2.9152
175600 2.91638
175700 2.91755
175800 2.91872
175900 2.91988
176000 2.92104
176000 2.92104
176100 2.9222
176200 2.92335
176300 2.9245
176400 2.92565
176500 2.92679
176600 2.92793
176700 2.92907
176800 2.9302
176900 2.93133
177000 2.93246
177000 2.93246
177100 2.93358
177200 2.9347
177300 2.93581
177400 2.93693
177500 2.93804
177600 2.93914
177700 2.94024
177800 2.94134
177900 2.94244
178000 2.94353
178000 2.94353
178100 2.94462
178200 2.9457
178300 2.94678
178400 2.94786
178500 2.94894
178600 2.95001
178700 2.95108
178800 2.95214
178900 2.95321
179000 2.95427
179000 2.95427
179100 2.95532
179200 2.95637
179300 2.95742
179400 2.95847
179500 2.95951
179600 2.96055
179700 2.96159
179800 2.96262
179900 2.96365
180000 2.96468
180000 2.96468
180100 2.9657
180200 2.96672
180300 2.96774
180400 2.96876
180500 2.96977
180600 2.97078
180700 2.97178
180800 2.97278
180900 2.97378
181000 2.97478
181000 2.97478
181100 2.97577
181200 2.97676
181300 2.97775
181400 2.97873
181500 2.97971
181600 2.98069
181700 2.98167
181800 2.98264
181900 2.98361
182000 2.98457
182000 2.98457
182100 2.98554
182200 2.9865
182300 2.98745
182400 2.98841
182500 2.98936
182600 2.99031
182700 2.99125
182800 2.9922
182900 2.99314
183000 2.99407
183000 2.99407
183100 2.99501
183200 2.99594
183300 2.99687
183400 2.99779
183500 2.99872
183600 2.99964
183700 3.00055
183700 3.00055
183800 3.00147
183900 3.00238
184000 3.00329
184000 3.00329
184100 3.00419
184200 3.0051
184300 3.006
184320 3.00618
184322 2.98763
184322 2.98763
184400 2.98837
184500 2.98932
184600 2.99027
184700 2.99122
184800 2.99216
184900 2.9931
185000 2.99404
185000 2.99404
185100 2.99497
185200 2.9959
185300 2.99683
185342 2.99723
185344 2.99433
185346 2.9772
185400 2.88107
185448 2.7976
185500 2.7984
185600 2.79993
185700 2.80146
185800 2.80298
185900 2.8045
186000 2.80601
186000 2.80601
186100 2.80752
186200 2.80902
186300 2.81052
186366 2.81152
186368 2.80881
186370 2.79149
186370 2.79149
186400 2.79196
186500 2.79351
186600 2.79506
186700 2.7966
186800 2.79814
186900 2.79967
187000 2.8012
187000 2.8012
187100 2.80272
187200 2.80424
187300 2.80576
187390 2.80712
187392 2.80442
187394 2.78838
187400 2.77832
187496 2.62082
187500 2.62089
187600 2.62297
187700 2.62503
187800 2.6271
187900 2.62915
188000 2.6312
188000 2.6312
188100 2.63324
188200 2.63528
188300 2.63731
188400 2.63934
188414 2.63963
188416 2.6371
188418 2.62085
188418 2.62085
188500 2.62255
188600 2.62462
188700 2.62668
188800 2.62874
188900 2.63079
189000 2.63284
189000 2.63284
189100 2.63487
189200 2.63691
189300 2.63893
189400 2.64095
189438 2.64173
189440 2.63919
189442 2.62412
189500 2.53391
189544 2.46701
189600 2.46842
189700 2.47097
189800 2.4735
189900 2.47602
190000 2.47854
190000 2.47854
190100 2.48105
190200 2.48355
190300 2.48605
190400 2.48853
190462 2.49008
190464 2.4877
190466 2.47239
190466 2.47239
190500 2.47325
190600 2.47578
190700 2.47829
190800 2.4808
190900 2.48331
191000 2.4858
191000 2.4858
191005 2.48593
191005 2.48593
191014 2.35207
191014 2.35185
191015 2.34526
191015 2.34526
191100 2.34774
191200 2.35065
191300 2.35355
191400 2.35644
191486 2.35893
191488 2.35669
191490 2.34325
191500 2.3293
191592 2.20403
191600 2.20428
191700 2.20763
191800 2.21097
191900 2.21429
192000 2.21761
192000 2.21761
192100 2.22092
192200 2.22422
192300 2.2275
192400 2.23078
192500 2.23405
192510 2.23439
192512 2.23227
192514 2.21855
192514 2.21855
192600 2.22139
192700 2.22468
192800 2.22797
192900 2.23125
193000 2.23451
193000 2.23451
193100 2.23777
193200 2.24101
193300 2.24425
193400 2.24748
193500 2.25069
193534 2.2518
193536 2.24966
193538 2.23684
193600 2.15565
193640 2.1044
193700 2.10657
193800 2.11022
193900 2.11386
194000 2.11748
194000 2.11748
194100 2.12109
194200 2.1247
194300 2.12829
194400 2.13187
194500 2.13544
194558 2.13752
194560 2.1355
194562 2.12239
194562 2.12239
194600 2.12375
194700 2.12734
194800 2.13093
194900 2.1345
195000 2.13806
195000 2.13806
195100 2.14161
195200 2.14515
195300 2.14868
195400 2.1522
195500 2.1557
195582 2.15859
195584 2.15654
195586 2.14426
195600 2.12651
195688 2.01772
195700 2.01817
195800 2.02209
195900 2.02599
196000 2.02988
196000 2.02988
196100 2.03377
196200 2.03764
196300 2.04149
196400 2.04534
196500 2.04917
196600 2.05299
196606 2.05324
196608 2.0513
196610 2.03872
196610 2.03872
196700 2.04218
196800 2.04603
196900 2.04986
197000 2.05368
197000 2.05368
197100 2.05749
197200 2.06128
197300 2.06507
197400 2.06884
197500 2.0726
197600 2.07635
197630 2.07749
197632 2.07553
197634 2.06372
197700 1.98458
197736 1.9423
197800 1.94494
197900 1.94908
198000 1.95321
198000 1.95321
198100 1.95733
198200 1.96143
198300 1.96552
198400 1.9696
198500 1.97366
198600 1.97772
198654 1.97992
198656 1.97806
198658 1.96593
198658 1.96593
198700 1.96764
198800 1.97171
198900 1.97577
199000 1.97981
199000 1.97981
199100 1.98385
199200 1.98787
199300 1.99188
199400 1.99587
199500 1.99986
199600 2.00383
199678 2.00694
199680 2.00505
199682 1.99365
199700 1.97257
199784 1.87669
199800 1.87737
199900 1.88172
200000 1.88605
200000 1.88605
200100 1.89037
200200 1.89468
200300 1.89898
200400 1.90326
200500 1.90752
200600 1.91178
200700 1.91602
200702 1.91612
200704 1.91433
200706 1.9026
200706 1.9026
200800 1.90661
200900 1.91086
201000 1.91511
201000 1.91511
201100 1.91934
201200 1.92356
201300 1.92777
201400 1.93196
201500 1.93614
201600 1.94031
201700 1.94446
201726 1.94556
201728 1.94373
201730 1.93268
201800 1.85462
201832 1.81961
201900 1.82267
202000 1.82718
202000 1.82718
202100 1.83169
202200 1.83617
202300 1.84065
202400 1.8451
202500 1.84955
202600 1.85398
202700 1.8584
202750 1.86062
202752 1.85889
202754 1.8475
202754 1.8475
202800 1.84954
202900 1.85397
203000 1.85839
203000 1.85839
203100 1.86279
203200 1.86719
203300 1.87156
203400 1.87593
203500 1.88028
203600 1.88462
203700 1.88895
203774 1.89215
203776 1.89039
203778 1.87964
203800 1.8555
203880 1.76995
203880 1.76995
203900 1.77087
