0 3
0 2.99989
2 2.99438
100 2.94414
200 2.89403
300 2.84529
400 2.79787
500 2.75174
600 2.70686
700 2.66321
800 2.62074
900 2.57942
1000 2.53922
1000 2.53922
1024 2.52974
1026 2.52553
1100 2.49678
1200 2.45883
1300 2.42192
1400 2.386
1500 2.35106
1600 2.31707
1700 2.28401
1800 2.25184
1900 2.22054
2000 2.1901
2000 2.1901
2048 2.17578
2050 2.17197
2100 2.15737
2200 2.12864
2300 2.10069
2400 2.0735
2500 2.04706
2502 2.04643
2505 2.03516
2505 2.03512
2506 2.03351
2506 2.03344
2509 2.02973
2509 2.02969
2510 2.02601
2600 2.00343
2700 1.97888
2800 1.955
2900 1.93177
3000 1.90918
3000 1.90918
3072 1.89329
3074 1.89029
3100 1.88466
3176 1.86832
3200 1.87141
3300 1.88447
3400 1.89741
3500 1.91023
3600 1.92293
3700 1.93552
3800 1.94799
3900 1.96035
4000 1.9726
4000 1.9726
4094 1.98406
4096 1.98367
4098 1.98025
4098 1.98025
4100 1.98047
4200 1.99253
4300 2.00448
4400 2.01632
4500 2.02806
4600 2.03968
4700 2.0512
4800 2.06262
4900 2.07393
5000 2.08514
5000 2.08514
5100 2.09624
5118 2.09827
5120 2.09784
5122 2.09445
5200 2.07332
5224 2.0668
5300 2.07533
5400 2.08652
5500 2.09761
5600 2.1086
5700 2.11949
5800 2.13028
5900 2.14098
6000 2.15157
6000 2.15157
6100 2.16207
6142 2.16649
6144 2.16602
6146 2.16223
6146 2.16223
6200 2.16784
6300 2.17819
6400 2.18844
6500 2.1986
6600 2.20867
6700 2.21864
6800 2.22853
6900 2.23832
7000 2.24803
7000 2.24803
7100 2.25764
7166 2.26398
7168 2.26347
7170 2.25977
7200 2.25024
7272 2.22752
7300 2.23023
7400 2.24001
7500 2.2497
7600 2.2593
7700 2.26881
7800 2.27824
7900 2.28758
8000 2.29683
8000 2.29683
8100 2.306
8190 2.31422
8192 2.31369
8194 2.30959
8194 2.30959
8200 2.31012
8300 2.31917
8400 2.32813
8500 2.33701
8600 2.34582
8700 2.35454
8800 2.36318
8900 2.37174
9000 2.38023
9000 2.38023
9100 2.38863
9200 2.39696
9214 2.39816
9216 2.39759
9218 2.39363
9300 2.36475
9320 2.35766
9400 2.36452
9500 2.37307
9600 2.38155
9700 2.38994
9800 2.39826
9900 2.4065
10000 2.41467
10000 2.41467
10100 2.42276
10200 2.43078
10238 2.43384
10240 2.43326
10242 2.42891
10242 2.42891
10300 2.43352
10400 2.44144
10500 2.44929
10600 2.45707
10700 2.46477
10800 2.47241
10900 2.47997
11000 2.48747
11000 2.48747
11100 2.49489
11200 2.50225
11262 2.50681
11264 2.5062
11266 2.50203
11300 2.48898
11368 2.46304
11400 2.46547
11500 2.4731
11600 2.48065
11700 2.48814
11800 2.49556
11900 2.50292
12000 2.5102
12000 2.5102
12100 2.51742
12200 2.52457
12286 2.5307
12288 2.53008
12290 2.52554
12290 2.52554
12300 2.52623
12400 2.5333
12500 2.54031
12600 2.54726
12700 2.55414
12800 2.56095
12900 2.56771
13000 2.5744
13000 2.5744
13100 2.58103
13200 2.58761
13300 2.59412
13310 2.59479
13312 2.59414
13314 2.5898
13400 2.55494
13416 2.54838
13500 2.55412
13600 2.56094
13700 2.5677
13800 2.57439
13900 2.58102
14000 2.5876
14000 2.5876
14100 2.59411
14200 2.60056
14300 2.60695
14334 2.60914
14336 2.60848
14338 2.60378
14338 2.60378
14400 2.60771
14500 2.61404
14600 2.62031
14700 2.62652
14800 2.63268
14900 2.63878
15000 2.64482
15000 2.64482
15100 2.65081
15200 2.65675
15300 2.66263
15358 2.66604
15360 2.66535
15362 2.66088
15400 2.64464
15464 2.61748
15500 2.6197
15600 2.62592
15700 2.63208
15800 2.63819
15900 2.64424
16000 2.65023
16000 2.65023
16100 2.65617
16200 2.66206
16300 2.66789
16382 2.67265
16384 2.67196
16386 2.66713
16386 2.66713
16400 2.66793
16500 2.67371
16600 2.67943
16700 2.68511
16800 2.69073
16900 2.69629
17000 2.70181
17000 2.70181
17100 2.70728
17200 2.7127
17300 2.71807
17400 2.72338
17406 2.72372
17408 2.72301
17410 2.71843
17500 2.67882
17512 2.67343
17600 2.67845
17700 2.68413
17800 2.68976
17900 2.69534
18000 2.70086
18000 2.70086
18100 2.70634
18200 2.71177
18300 2.71714
18400 2.72247
18430 2.72408
18432 2.72337
18434 2.71843
18434 2.71843
18500 2.72193
18600 2.72722
18700 2.73245
18800 2.73764
18900 2.74278
19000 2.74787
19000 2.74787
19100 2.75292
19200 2.75792
19300 2.76288
19400 2.76779
19454 2.77044
19456 2.76971
19458 2.76504
19500 2.7459
19560 2.71874
19600 2.72085
19639 2.72293
19639 2.72293
19648 2.67849
19648 2.67842
19649 2.67622
19649 2.67622
19700 2.67912
19800 2.68479
19900 2.69042
20000 2.69599
20000 2.69599
20100 2.70151
20200 2.70698
20300 2.7124
20400 2.71777
20478 2.72195
20480 2.72124
20482 2.7163
20482 2.7163
20500 2.71726
20600 2.72258
20700 2.72786
20800 2.73309
20900 2.73827
21000 2.74341
21000 2.74341
21100 2.74849
21200 2.75353
21300 2.75853
21400 2.76348
21500 2.76838
21502 2.7685
21504 2.76777
21506 2.7631
21600 2.72061
21608 2.71686
21700 2.72174
21800 2.72703
21900 2.73227
22000 2.73745
22000 2.73745
22100 2.7426
22200 2.74769
22300 2.75274
22400 2.75774
22500 2.7627
22526 2.764
22528 2.76327
22530 2.75825
22530 2.75825
22600 2.76171
22700 2.76663
22800 2.77151
22900 2.77634
23000 2.78112
23000 2.78112
23100 2.78587
23200 2.79056
23300 2.79522
23400 2.79983
23500 2.80441
23550 2.8067
23552 2.80595
23554 2.80121
23600 2.77981
23656 2.7539
23700 2.75609
23800 2.76106
23900 2.76598
24000 2.77086
24000 2.77086
24100 2.7757
24200 2.78049
24300 2.78524
24400 2.78995
24500 2.79461
24574 2.79805
24576 2.79731
24578 2.79222
24578 2.79222
24600 2.79323
24700 2.79786
24800 2.80245
24900 2.807
25000 2.81151
25000 2.81151
25100 2.81597
25200 2.8204
25300 2.82478
25400 2.82912
25500 2.83343
25598 2.83762
25600 2.83686
25600 2.83686
25602 2.83207
25700 2.78595
25704 2.7839
25800 2.78841
25900 2.79309
26000 2.79772
26000 2.79772
26100 2.80231
26200 2.80686
26300 2.81137
26400 2.81584
26500 2.82026
26600 2.82465
26622 2.82562
26624 2.82487
26626 2.81972
26626 2.81972
26700 2.82296
26800 2.82732
26900 2.83164
27000 2.83592
27000 2.83592
27100 2.84017
27200 2.84437
27300 2.84853
27400 2.85266
27500 2.85675
27600 2.8608
27646 2.86267
27648 2.8619
27650 2.85705
27700 2.83304
27752 2.80819
27800 2.81034
27900 2.81481
28000 2.81925
28000 2.81925
28100 2.82364
28200 2.828
28300 2.83231
28400 2.83658
28500 2.84082
28600 2.84502
28670 2.84795
28672 2.84718
28674 2.84199
28674 2.84199
28700 2.84307
28800 2.84725
28900 2.85139
29000 2.85549
29000 2.85549
29100 2.85955
29200 2.86358
29300 2.86757
29400 2.87152
29500 2.87544
29600 2.87932
29694 2.88295
29696 2.88217
29698 2.87728
29700 2.87632
29800 2.82806
29800 2.82786
29900 2.83216
30000 2.83644
30000 2.83644
30100 2.84067
30200 2.84487
30300 2.84903
30400 2.85315
30500 2.85724
30600 2.86128
30700 2.86529
30718 2.86603
30720 2.86526
30722 2.86002
30722 2.86002
30800 2.86316
30900 2.86715
31000 2.87111
31000 2.87111
31100 2.87503
31200 2.87891
31300 2.88276
31400 2.88657
31500 2.89035
31600 2.8941
31700 2.89781
31742 2.89937
31744 2.89858
31746 2.89367
31800 2.8672
31848 2.84379
31900 2.84595
32000 2.8501
32000 2.8501
32100 2.85421
32200 2.85828
32300 2.86232
32400 2.86632
32500 2.87028
32600 2.87421
32700 2.8781
32766 2.88067
32768 2.87989
32770 2.87463
32770 2.87463
32800 2.87579
32900 2.87967
33000 2.88351
33000 2.88351
33100 2.88732
33200 2.89109
33300 2.89483
33400 2.89853
33500 2.9022
33600 2.90583
33700 2.90944
33790 2.91267
33792 2.91187
33794 2.90693
33800 2.90397
33896 2.85669
33900 2.85683
34000 2.86088
34000 2.86088
34100 2.8649
34200 2.86887
34300 2.87281
34400 2.87672
34500 2.88059
34600 2.88442
34700 2.88822
34800 2.89198
34814 2.89252
34816 2.89174
34818 2.88645
34818 2.88645
34900 2.88955
35000 2.8933
35000 2.8933
35100 2.89702
35200 2.9007
35300 2.90435
35400 2.90796
35500 2.91155
35600 2.9151
35700 2.91862
35800 2.9221
35838 2.92343
35840 2.92264
35842 2.91767
35900 2.88889
35944 2.86713
36000 2.86933
36000 2.86933
36100 2.87327
36200 2.87717
36300 2.88104
36400 2.88486
36500 2.88866
36600 2.89242
36700 2.89614
36800 2.89984
36862 2.90212
36864 2.90133
36866 2.89603
36866 2.89603
36900 2.89728
37000 2.90096
37000 2.90096
37100 2.90461
37200 2.90822
37300 2.9118
37400 2.91535
37500 2.91887
37600 2.92235
37700 2.9258
37800 2.92922
37886 2.93215
37888 2.93135
37890 2.92637
37900 2.92137
37992 2.87559
38000 2.87588
38000 2.87588
38100 2.87976
38200 2.8836
38300 2.88741
38400 2.89118
38500 2.89491
38600 2.89862
38700 2.90228
38800 2.90592
38900 2.90952
38910 2.90989
38912 2.9091
38914 2.90378
38914 2.90378
39000 2.90689
39000 2.90689
39100 2.91048
39200 2.91404
39300 2.91757
39400 2.92107
39500 2.92453
39600 2.92796
39700 2.93136
39800 2.93473
39900 2.93807
39934 2.93921
39936 2.93841
39938 2.93342
40000 2.90239
40000 2.90239
40040 2.88243
40100 2.88471
40200 2.88851
40300 2.89227
40400 2.896
40500 2.89969
40600 2.90335
40700 2.90697
40800 2.91057
40900 2.91412
40958 2.91619
40960 2.91539
40962 2.91006
40962 2.91006
41000 2.91141
41000 2.91141
41100 2.91496
41200 2.91848
41300 2.92197
41400 2.92542
41500 2.92885
41600 2.93224
41700 2.9356
41800 2.93893
41900 2.94223
41982 2.94493
41984 2.94412
41986 2.93912
42000 2.93206
42000 2.93206
42088 2.88798
42100 2.88842
42200 2.89218
42300 2.89591
42400 2.8996
42500 2.90326
42600 2.90689
42700 2.91048
42800 2.91404
42900 2.91757
43000 2.92106
43000 2.92106
43006 2.92129
43008 2.92049
43010 2.91514
43010 2.91514
43100 2.9183
43200 2.92179
43300 2.92525
43400 2.92867
43500 2.93207
43600 2.93543
43700 2.93876
43800 2.94206
43900 2.94534
44000 2.94858
44000 2.94858
44030 2.94956
44032 2.94875
44034 2.94374
44100 2.91054
44136 2.89247
44200 2.89484
44300 2.89854
44400 2.90221
44500 2.90585
44600 2.90945
44700 2.91302
44800 2.91656
44900 2.92006
45000 2.92354
45000 2.92354
45054 2.92541
45056 2.92461
45058 2.91926
45058 2.91926
45100 2.92072
45200 2.92419
45300 2.92762
45400 2.93102
45500 2.9344
45600 2.93774
45700 2.94105
45800 2.94433
45900 2.94758
46000 2.9508
46000 2.9508
46078 2.95331
46080 2.9525
46082 2.94748
46100 2.93836
46184 2.89611
46200 2.89668
46300 2.90037
46400 2.90402
46500 2.90764
46600 2.91123
46700 2.91478
46800 2.9183
46900 2.92179
47000 2.92525
47000 2.92525
47100 2.92867
47102 2.92875
47104 2.92795
47106 2.92259
47106 2.92259
47200 2.92583
47300 2.92925
47400 2.93264
47500 2.936
47600 2.93932
47700 2.94262
47800 2.94589
47900 2.94912
48000 2.95233
48000 2.95233
48100 2.95551
48126 2.95634
48128 2.95553
48130 2.95051
48200 2.91519
48232 2.89905
48300 2.90153
48400 2.90517
48500 2.90878
48600 2.91236
48700 2.9159
48800 2.91941
48900 2.92289
49000 2.92634
49000 2.92634
49100 2.92975
49150 2.93146
49152 2.93066
49154 2.92529
49154 2.92529
49200 2.92687
49300 2.93028
49400 2.93365
49500 2.937
49600 2.94032
49700 2.94361
49800 2.94687
49900 2.95009
50000 2.95329
50000 2.95329
50100 2.95646
50174 2.9588
50176 2.95799
50178 2.95296
50200 2.94178
50280 2.90143
50300 2.90215
50359 2.90431
50359 2.90431
50368 2.85673
50368 2.85665
50369 2.85428
50369 2.85428
50400 2.85554
50500 2.8596
50600 2.86363
50700 2.86762
50800 2.87157
50900 2.87548
51000 2.87936
51000 2.87936
51100 2.88321
51198 2.88696
51200 2.88618
51200 2.88618
51202 2.8809
51202 2.8809
51300 2.88465
51400 2.88845
51500 2.89221
51600 2.89593
51700 2.89963
51800 2.90329
51900 2.90691
52000 2.91051
52000 2.91051
52100 2.91407
52200 2.91759
52222 2.91838
52224 2.91758
52226 2.91263
52300 2.87608
52328 2.86223
52400 2.8651
52500 2.86907
52600 2.87301
52700 2.87691
52800 2.88078
52900 2.88461
53000 2.88841
53000 2.88841
53100 2.89217
53200 2.8959
53246 2.89762
53248 2.89683
53250 2.89153
53250 2.89153
53300 2.8934
53400 2.89711
53500 2.9008
53600 2.90444
53700 2.90806
53800 2.91164
53900 2.91519
54000 2.91871
54000 2.91871
54100 2.92219
54200 2.92565
54270 2.92806
54272 2.92726
54274 2.92229
54300 2.90931
54376 2.87162
54400 2.87254
54500 2.87645
54600 2.88032
54700 2.88416
54800 2.88796
54900 2.89173
55000 2.89546
55000 2.89546
55100 2.89915
55200 2.90282
55294 2.90625
55296 2.90546
55298 2.90014
55298 2.90014
55300 2.90021
55400 2.90386
55500 2.90748
55600 2.91107
55700 2.91463
55800 2.91815
55900 2.92164
56000 2.9251
56000 2.9251
56100 2.92852
56200 2.93192
56300 2.93528
56318 2.9359
56320 2.9351
56322 2.93011
56400 2.89123
56424 2.87922
56500 2.88213
56600 2.88595
56700 2.88973
56800 2.89348
56900 2.8972
57000 2.90088
57000 2.90088
57100 2.90453
57200 2.90814
57300 2.91173
57342 2.91323
57344 2.91244
57346 2.90711
57346 2.90711
57400 2.90905
57500 2.91262
57600 2.91616
57700 2.91967
57800 2.92315
57900 2.92659
58000 2.93
58000 2.93
58100 2.93339
58200 2.93674
58300 2.94006
58366 2.94225
58368 2.94144
58370 2.93644
58400 2.92135
58472 2.88538
58500 2.88643
58600 2.89021
58700 2.89395
58800 2.89766
58900 2.90134
59000 2.90498
59000 2.90498
59100 2.90859
59200 2.91217
59300 2.91572
59390 2.91889
59392 2.9181
59394 2.91276
59394 2.91276
59400 2.91296
59500 2.9165
59600 2.92001
59700 2.92348
59800 2.92692
59900 2.93033
60000 2.93371
60000 2.93371
60100 2.93706
60200 2.94037
60300 2.94366
60400 2.94692
60414 2.94739
60416 2.94658
60418 2.94157
60500 2.90046
60520 2.89036
60600 2.89334
60700 2.89706
60800 2.90074
60900 2.90439
61000 2.90801
61000 2.90801
61100 2.91159
61200 2.91514
61300 2.91866
61400 2.92215
61438 2.92348
61440 2.92268
61442 2.91733
61442 2.91733
61500 2.91935
61600 2.92283
61700 2.92628
61800 2.9297
61900 2.93308
62000 2.93643
62000 2.93643
62100 2.93976
62200 2.94305
62300 2.94631
62400 2.94954
62462 2.95155
62464 2.95074
62466 2.94572
62500 2.92854
62568 2.8944
62600 2.89557
62700 2.89927
62800 2.90293
62900 2.90656
63000 2.91016
63000 2.91016
63100 2.91372
63200 2.91725
63300 2.92075
63400 2.92422
63486 2.92719
63488 2.92639
63490 2.92103
63490 2.92103
63500 2.92137
63600 2.92483
63700 2.92826
63800 2.93166
63900 2.93502
64000 2.93836
64000 2.93836
64100 2.94167
64200 2.94494
64300 2.94819
64400 2.9514
64500 2.95459
64510 2.95492
64512 2.95411
64514 2.94908
64600 2.90582
64616 2.89767
64700 2.90074
64800 2.90439
64900 2.90801
65000 2.91159
65000 2.91159
65100 2.91514
65200 2.91866
65300 2.92214
65400 2.9256
65500 2.92902
65534 2.93019
65536 2.92939
65538 2.92403
65538 2.92403
65600 2.92615
65700 2.92957
65800 2.93296
65900 2.93631
66000 2.93963
66000 2.93963
66100 2.94293
66200 2.94619
66300 2.94943
66400 2.95263
66500 2.95581
66558 2.95765
66560 2.95683
66562 2.95181
66600 2.93255
66664 2.90031
66700 2.90162
66800 2.90526
66900 2.90887
67000 2.91244
67000 2.91244
67100 2.91598
67200 2.91949
67300 2.92297
67400 2.92642
67500 2.92983
67582 2.93262
67584 2.93182
67586 2.92645
67586 2.92645
67600 2.92693
67700 2.93034
67800 2.93371
67900 2.93706
68000 2.94038
68000 2.94038
68100 2.94367
68200 2.94692
68300 2.95015
68400 2.95335
68500 2.95652
68600 2.95966
68606 2.95986
68608 2.95904
68610 2.95401
68700 2.90863
68712 2.90246
68800 2.90564
68900 2.90925
69000 2.91282
69000 2.91282
69100 2.91636
69200 2.91986
69300 2.92334
69400 2.92678
69500 2.93019
69600 2.93357
69630 2.93459
69632 2.93379
69634 2.92842
69634 2.92842
69700 2.93066
69800 2.93403
69900 2.93738
70000 2.94069
70000 2.94069
70100 2.94398
70200 2.94723
70300 2.95045
70400 2.95365
70500 2.95681
70600 2.95995
70654 2.96165
70656 2.96083
70658 2.9558
70700 2.93447
70760 2.90419
70800 2.90563
70900 2.90923
71000 2.91281
71000 2.91281
71100 2.91634
71200 2.91985
71300 2.92333
71400 2.92677
71500 2.93018
71600 2.93356
71678 2.93619
71680 2.93539
71682 2.93001
71682 2.93001
71700 2.93061
71800 2.93399
71900 2.93733
72000 2.94065
72000 2.94065
72100 2.94393
72200 2.94719
72300 2.95041
72400 2.95361
72500 2.95677
72600 2.95991
72700 2.96302
72702 2.96309
72704 2.96228
72706 2.95724
72800 2.90979
72808 2.9056
72900 2.9089
73000 2.91248
73000 2.91248
73100 2.91602
73200 2.91953
73300 2.923
73400 2.92645
73500 2.92986
73600 2.93325
73700 2.9366
73726 2.93748
73728 2.93668
73730 2.9313
73730 2.9313
73800 2.93365
73900 2.937
74000 2.94032
74000 2.94032
74100 2.94361
74200 2.94686
74300 2.95009
74400 2.95329
74500 2.95646
74600 2.9596
74700 2.96271
74750 2.96427
74752 2.96345
74754 2.95841
74800 2.93503
74856 2.90674
74900 2.90831
75000 2.91189
75000 2.91189
75100 2.91543
75200 2.91895
75300 2.92243
75400 2.92588
75500 2.9293
75600 2.93269
75700 2.93605
75774 2.93853
75776 2.93772
75778 2.93234
75778 2.93234
75800 2.93308
75900 2.93643
76000 2.93975
76000 2.93975
76100 2.94305
76200 2.94631
76300 2.94954
76400 2.95274
76500 2.95592
76600 2.95906
76700 2.96218
76798 2.96522
76800 2.9644
76800 2.9644
76802 2.95936
76900 2.90986
76904 2.90766
77000 2.91109
77000 2.91109
77100 2.91464
77200 2.91816
77300 2.92165
77400 2.92511
77500 2.92854
77600 2.93193
77700 2.9353
77800 2.93863
77822 2.93937
77824 2.93857
77826 2.93319
77826 2.93319
77900 2.93566
78000 2.93899
78000 2.93899
78100 2.94229
78200 2.94556
78300 2.9488
78400 2.95201
78500 2.95519
78600 2.95834
78700 2.96147
78800 2.96456
78846 2.96599
78848 2.96517
78850 2.96013
78900 2.93471
78952 2.9084
79000 2.91011
79000 2.91011
79100 2.91367
79200 2.91721
79300 2.9207
79400 2.92417
79500 2.92761
79600 2.93101
79700 2.93438
79800 2.93772
79870 2.94006
79872 2.93925
79874 2.93387
79874 2.93387
79900 2.93474
80000 2.93807
80000 2.93807
80100 2.94138
80200 2.94466
80300 2.94791
80400 2.95113
80500 2.95431
80600 2.95747
80700 2.96061
80800 2.96371
80894 2.96661
80896 2.96579
80898 2.96075
80900 2.95975
81000 2.90922
81000 2.90922
81000 2.90901
81079 2.91183
81079 2.91183
81088 2.86412
81088 2.86404
81089 2.86167
81089 2.86167
81100 2.8621
81200 2.8661
81300 2.87007
81400 2.874
81500 2.87789
81600 2.88175
81700 2.88557
81800 2.88936
81900 2.89311
81918 2.8938
81920 2.89302
81922 2.88773
81922 2.88773
82000 2.89066
82000 2.89066
82100 2.8944
82200 2.89811
82300 2.90178
82400 2.90542
82500 2.90903
82600 2.9126
82700 2.91614
82800 2.91965
82900 2.92313
82942 2.92459
82944 2.9238
82946 2.91883
83000 2.892
83000 2.892
83048 2.86826
83100 2.8703
83200 2.87422
83300 2.87812
83400 2.88197
83500 2.88579
83600 2.88958
83700 2.89333
83800 2.89705
83900 2.90073
83966 2.90316
83968 2.90237
83970 2.89706
83970 2.89706
84000 2.89816
84000 2.89816
84100 2.90183
84200 2.90547
84300 2.90908
84400 2.91265
84500 2.91619
84600 2.9197
84700 2.92318
84800 2.92662
84900 2.93003
84990 2.93309
84992 2.93229
84994 2.92731
85000 2.92431
85000 2.92431
85096 2.8765
85100 2.87664
85200 2.88051
85300 2.88434
85400 2.88814
85500 2.8919
85600 2.89563
85700 2.89933
85800 2.90299
85900 2.90662
86000 2.91022
86000 2.91022
86014 2.91073
86016 2.90994
86018 2.90462
86018 2.90462
86100 2.90758
86200 2.91116
86300 2.91472
86400 2.91824
86500 2.92173
86600 2.92518
86700 2.92861
86800 2.932
86900 2.93537
87000 2.9387
87000 2.9387
87038 2.93997
87040 2.93917
87042 2.93418
87100 2.90512
87144 2.88317
87200 2.88529
87300 2.88908
87400 2.89284
87500 2.89656
87600 2.90025
87700 2.9039
87800 2.90752
87900 2.91111
88000 2.91467
88000 2.91467
88062 2.91687
88064 2.91607
88066 2.91074
88066 2.91074
88100 2.91194
88200 2.91549
88300 2.919
88400 2.92249
88500 2.92594
88600 2.92936
88700 2.93274
88800 2.9361
88900 2.93943
89000 2.94272
89000 2.94272
89086 2.94555
89088 2.94474
89090 2.93973
89100 2.93469
89192 2.88858
89200 2.88886
89300 2.89262
89400 2.89634
89500 2.90003
89600 2.90369
89700 2.90731
89800 2.9109
89900 2.91446
90000 2.91798
90000 2.91798
90100 2.92147
90110 2.92183
90112 2.92104
90114 2.91569
90114 2.91569
90200 2.91871
90300 2.92219
90400 2.92565
90500 2.92907
90600 2.93246
90700 2.93582
90800 2.93915
90900 2.94244
91000 2.94571
91000 2.94571
91100 2.94895
91134 2.95006
91136 2.94925
91138 2.94424
91200 2.91303
91240 2.89295
91300 2.89517
91400 2.89887
91500 2.90254
91600 2.90617
91700 2.90977
91800 2.91334
91900 2.91687
92000 2.92038
92000 2.92038
92100 2.92385
92158 2.92586
92160 2.92506
92162 2.9197
92162 2.9197
92200 2.92102
92300 2.92449
92400 2.92792
92500 2.93132
92600 2.93469
92700 2.93803
92800 2.94134
92900 2.94461
93000 2.94786
93000 2.94786
93100 2.95108
93182 2.95371
93184 2.9529
93186 2.94788
93200 2.94079
93288 2.8965
93300 2.89693
93400 2.90061
93500 2.90426
93600 2.90788
93700 2.91146
93800 2.91501
93900 2.91853
94000 2.92202
94000 2.92202
94100 2.92547
94200 2.9289
94206 2.92911
94208 2.92831
94210 2.92295
94210 2.92295
94300 2.92605
94400 2.92947
94500 2.93285
94600 2.93621
94700 2.93953
94800 2.94283
94900 2.94609
95000 2.94933
95000 2.94933
95100 2.95253
95200 2.95571
95230 2.95667
95232 2.95586
95234 2.95083
95300 2.91751
95336 2.89937
95400 2.9017
95500 2.90534
95600 2.90895
95700 2.91252
95800 2.91606
95900 2.91957
96000 2.92305
96000 2.92305
96100 2.92649
96200 2.92991
96254 2.93175
96256 2.93095
96258 2.92558
96258 2.92558
96300 2.92702
96400 2.93043
96500 2.93381
96600 2.93715
96700 2.94047
96800 2.94375
96900 2.94701
97000 2.95024
97000 2.95024
97100 2.95343
97200 2.9566
97278 2.95906
97280 2.95825
97282 2.95322
97300 2.94408
97384 2.90169
97400 2.90226
97500 2.90589
97600 2.9095
97700 2.91307
97800 2.9166
97900 2.92011
98000 2.92358
98000 2.92358
98100 2.92702
98200 2.93043
98300 2.93381
98302 2.93389
98304 2.93309
98306 2.92771
98306 2.92771
98400 2.93091
98500 2.93428
98600 2.93762
98700 2.94094
98800 2.94422
98900 2.94747
99000 2.95069
99000 2.95069
99100 2.95388
99200 2.95705
99300 2.96018
99326 2.961
99328 2.96019
99330 2.95516
99400 2.91975
99432 2.90357
99500 2.90602
99600 2.90962
99700 2.91319
99800 2.91673
99900 2.92023
100000 2.9237
100000 2.9237
100100 2.92714
100200 2.93055
100300 2.93393
100350 2.93562
100352 2.93481
100354 2.92944
100354 2.92944
100400 2.93099
100500 2.93437
100600 2.93771
100700 2.94102
100800 2.9443
100900 2.94755
101000 2.95077
101000 2.95077
101100 2.95397
101200 2.95713
101300 2.96026
101374 2.96258
101376 2.96176
101378 2.95672
101400 2.94553
101480 2.9051
101500 2.9058
101600 2.90941
101700 2.91298
101800 2.91651
101900 2.92002
102000 2.92349
102000 2.92349
102100 2.92693
102200 2.93034
102300 2.93372
102398 2.93702
102400 2.93621
102400 2.93621
102402 2.93084
102402 2.93084
102500 2.93414
102600 2.93748
102700 2.94079
102800 2.94408
102900 2.94733
103000 2.95055
103000 2.95055
103100 2.95375
103200 2.95691
103300 2.96005
103400 2.96316
103422 2.96385
103424 2.96303
103426 2.95799
103500 2.92053
103528 2.90633
103600 2.90891
103700 2.91248
103800 2.91602
103900 2.91953
104000 2.92301
104000 2.92301
104100 2.92646
104200 2.92987
104300 2.93325
104400 2.93661
104446 2.93815
104448 2.93735
104450 2.93197
104450 2.93197
104500 2.93365
104600 2.93699
104700 2.94031
104800 2.9436
104900 2.94686
105000 2.95009
105000 2.95009
105100 2.95328
105200 2.95645
105300 2.95959
105400 2.9627
105470 2.96488
105472 2.96406
105474 2.95902
105500 2.94578
105576 2.90733
105600 2.90818
105700 2.91176
105800 2.91531
105900 2.91882
106000 2.92231
106000 2.92231
106100 2.92576
106200 2.92918
106300 2.93257
106400 2.93593
106494 2.93907
106496 2.93827
106498 2.93288
106498 2.93288
106500 2.93294
106600 2.9363
106700 2.93962
106800 2.94292
106900 2.94618
107000 2.94941
107000 2.94941
107100 2.95262
107200 2.95579
107300 2.95894
107400 2.96206
107500 2.96515
107518 2.96571
107520 2.9649
107522 2.95985
107600 2.92034
107624 2.90814
107700 2.91085
107800 2.9144
107900 2.91793
108000 2.92142
108000 2.92142
108100 2.92488
108200 2.92831
108300 2.93171
108400 2.93507
108500 2.93841
108542 2.93981
108544 2.93901
108546 2.93362
108546 2.93362
108600 2.93543
108700 2.93876
108800 2.94206
108900 2.94534
109000 2.94858
109000 2.94858
109100 2.95179
109200 2.95497
109300 2.95813
109400 2.96125
109500 2.96435
109566 2.96639
109568 2.96557
109570 2.96053
109600 2.94524
109672 2.90879
109700 2.90978
109800 2.91335
109900 2.91688
110000 2.92038
110000 2.92038
110100 2.92385
110200 2.92729
110300 2.9307
110400 2.93407
110500 2.93742
110590 2.94042
110592 2.93961
110594 2.93423
110594 2.93423
110600 2.93442
110700 2.93776
110800 2.94107
110900 2.94435
111000 2.9476
111000 2.9476
111100 2.95082
111200 2.95402
111300 2.95718
111400 2.96031
111500 2.96342
111600 2.96649
111614 2.96693
111616 2.96612
111618 2.96107
111700 2.91953
111720 2.90932
111799 2.91214
111799 2.91214
111800 2.90779
111808 2.86443
111808 2.86435
111809 2.86197
111809 2.86197
111900 2.86561
112000 2.86958
112000 2.86958
112100 2.87351
112200 2.87741
112300 2.88127
112400 2.8851
112500 2.88889
112600 2.89265
112638 2.89408
112640 2.8933
112642 2.88801
112642 2.88801
112700 2.89019
112800 2.89394
112900 2.89765
113000 2.90133
113000 2.90133
113100 2.90497
113200 2.90858
113300 2.91216
113400 2.9157
113500 2.91921
113600 2.9227
113662 2.92485
113664 2.92405
113666 2.91909
113700 2.90215
113768 2.86851
113800 2.86976
113900 2.87369
114000 2.87758
114000 2.87758
114100 2.88145
114200 2.88527
114300 2.88906
114400 2.89282
114500 2.89654
114600 2.90023
114686 2.90339
114688 2.9026
114690 2.89729
114690 2.89729
114700 2.89765
114800 2.90133
114900 2.90497
115000 2.90858
115000 2.90858
115100 2.91216
115200 2.91571
115300 2.91922
115400 2.9227
115500 2.92615
115600 2.92956
115700 2.93295
115710 2.9333
115712 2.9325
115714 2.92752
115800 2.88475
115816 2.8767
115900 2.87994
116000 2.88378
116000 2.88378
116100 2.88758
116200 2.89135
116300 2.89509
116400 2.89879
116500 2.90245
116600 2.90609
116700 2.90969
116734 2.91092
116736 2.91013
116738 2.9048
116738 2.9048
116800 2.90704
116900 2.91063
117000 2.91419
117000 2.91419
117100 2.91772
117200 2.92121
117300 2.92467
117400 2.9281
117500 2.9315
117600 2.93487
117700 2.93821
117758 2.94014
117760 2.93934
117762 2.93434
117800 2.91526
117864 2.88334
117900 2.8847
118000 2.88849
118000 2.88849
118100 2.89225
118200 2.89598
118300 2.89967
118400 2.90333
118500 2.90696
118600 2.91055
118700 2.91411
118782 2.91702
118784 2.91622
118786 2.91089
118786 2.91089
118800 2.91138
118900 2.91493
119000 2.91845
119000 2.91845
119100 2.92194
119200 2.92539
119300 2.92882
119400 2.93221
119500 2.93557
119600 2.9389
119700 2.9422
119800 2.94547
119806 2.94568
119808 2.94487
119810 2.93987
119900 2.89484
119912 2.88871
120000 2.892
120000 2.892
120100 2.89573
120200 2.89943
120300 2.90309
120400 2.90672
120500 2.91031
120600 2.91387
120700 2.9174
120800 2.9209
120830 2.92196
120832 2.92116
120834 2.91581
120834 2.91581
120900 2.91813
121000 2.92162
121000 2.92162
121100 2.92508
121200 2.9285
121300 2.9319
121400 2.93526
121500 2.9386
121600 2.9419
121700 2.94517
121800 2.94842
121854 2.95017
121856 2.94936
121858 2.94435
121900 2.92315
121960 2.89306
122000 2.89454
122000 2.89454
122100 2.89824
122200 2.90192
122300 2.90555
122400 2.90916
122500 2.91273
122600 2.91627
122700 2.91978
122800 2.92325
122878 2.92596
122880 2.92516
122882 2.9198
122882 2.9198
122900 2.92042
123000 2.92389
123000 2.92389
123100 2.92733
123200 2.93074
123300 2.93411
123400 2.93746
123500 2.94077
123600 2.94405
123700 2.94731
123800 2.95053
123900 2.95372
123902 2.9538
123904 2.95299
123906 2.94797
124000 2.90076
124000 2.90076
124008 2.89658
124100 2.89996
124200 2.90362
124300 2.90724
124400 2.91083
124500 2.91439
124600 2.91791
124700 2.92141
124800 2.92487
124900 2.92829
124926 2.92919
124928 2.92839
124930 2.92303
124930 2.92303
125000 2.92544
125000 2.92544
125100 2.92886
125200 2.93226
125300 2.93562
125400 2.93895
125500 2.94225
125600 2.94552
125700 2.94876
125800 2.95197
125900 2.95515
125950 2.95674
125952 2.95593
125954 2.9509
126000 2.92762
126000 2.92762
126056 2.89944
126100 2.90104
126200 2.90468
126300 2.9083
126400 2.91188
126500 2.91542
126600 2.91894
126700 2.92242
126800 2.92587
126900 2.92929
126974 2.93182
126976 2.93102
126978 2.92565
126978 2.92565
127000 2.9264
127000 2.9264
127100 2.92981
127200 2.9332
127300 2.93655
127400 2.93987
127500 2.94316
127600 2.94642
127700 2.94965
127800 2.95286
127900 2.95603
127998 2.95912
128000 2.95831
128000 2.95831
128000 2.95831
128002 2.95328
128100 2.90394
128104 2.90175
128200 2.90523
128300 2.90884
128400 2.91241
128500 2.91595
128600 2.91946
128700 2.92294
128800 2.92639
128900 2.9298
129000 2.93319
129000 2.93319
129022 2.93394
129024 2.93314
129026 2.92777
129026 2.92777
129100 2.93028
129200 2.93366
129300 2.93701
129400 2.94033
129500 2.94361
129600 2.94687
129700 2.9501
129800 2.9533
129900 2.95646
130000 2.9596
130000 2.9596
130046 2.96105
130048 2.96024
130050 2.95521
130100 2.92985
130152 2.90362
130200 2.90535
130300 2.90895
130400 2.91253
130500 2.91607
130600 2.91958
130700 2.92305
130800 2.9265
130900 2.92991
131000 2.9333
131000 2.9333
131070 2.93566
131072 2.93486
131074 2.92948
131074 2.92948
131100 2.93036
131200 2.93374
131300 2.93708
131400 2.9404
131500 2.94369
131600 2.94694
131700 2.95017
131800 2.95337
131900 2.95654
132000 2.95968
132000 2.95968
132094 2.96261
132096 2.9618
132098 2.95676
132100 2.95576
132200 2.90534
132200 2.90513
132300 2.90873
132400 2.9123
132500 2.91585
132600 2.91936
132700 2.92284
132800 2.92628
132900 2.9297
133000 2.93308
133000 2.93308
133100 2.93644
133118 2.93705
133120 2.93625
133122 2.93087
133122 2.93087
133200 2.9335
133300 2.93685
133400 2.94017
133500 2.94346
133600 2.94671
133700 2.94994
133800 2.95314
133900 2.95631
134000 2.95945
134000 2.95945
134100 2.96257
134142 2.96388
134144 2.96306
134146 2.95803
134200 2.93061
134248 2.90636
134300 2.90822
134400 2.9118
134500 2.91535
134600 2.91886
134700 2.92235
134800 2.9258
134900 2.92922
135000 2.93261
135000 2.93261
135100 2.93597
135166 2.93818
135168 2.93738
135170 2.932
135170 2.932
135200 2.933
135300 2.93636
135400 2.93968
135500 2.94297
135600 2.94624
135700 2.94947
135800 2.95267
135900 2.95585
136000 2.95899
136000 2.95899
136100 2.96211
136190 2.9649
136192 2.96409
136194 2.95905
136200 2.956
136296 2.90735
136300 2.90748
136400 2.91107
136500 2.91462
136600 2.91815
136700 2.92164
136800 2.92509
136900 2.92852
137000 2.93192
137000 2.93192
137100 2.93528
137200 2.93861
137214 2.93909
137216 2.93829
137218 2.93291
137218 2.93291
137300 2.93565
137400 2.93898
137500 2.94228
137600 2.94555
137700 2.94879
137800 2.952
137900 2.95518
138000 2.95833
138000 2.95833
138100 2.96146
138200 2.96455
138238 2.96573
138240 2.96492
138242 2.95987
138300 2.93042
138344 2.90816
138400 2.91015
138500 2.91371
138600 2.91725
138700 2.92074
138800 2.92421
138900 2.92764
139000 2.93105
139000 2.93105
139100 2.93442
139200 2.93776
139262 2.93983
139264 2.93903
139266 2.93364
139266 2.93364
139300 2.93478
139400 2.93812
139500 2.94142
139600 2.9447
139700 2.94795
139800 2.95117
139900 2.95435
140000 2.95751
140000 2.95751
140100 2.96064
140200 2.96375
140286 2.9664
140288 2.96559
140290 2.96054
140300 2.95545
140392 2.90881
140400 2.90908
140500 2.91265
140600 2.91619
140700 2.9197
140800 2.92318
140900 2.92662
141000 2.93003
141000 2.93003
141100 2.93342
141200 2.93677
141300 2.94009
141310 2.94043
141312 2.93963
141314 2.93424
141314 2.93424
141400 2.93711
141500 2.94043
141600 2.94371
141700 2.94697
141800 2.9502
141900 2.95339
142000 2.95656
142000 2.95656
142100 2.9597
142200 2.96281
142300 2.96589
142334 2.96695
142336 2.96613
142338 2.96109
142400 2.92959
142440 2.90934
142500 2.91147
142519 2.91215
142519 2.91215
142528 2.86444
142528 2.86436
142529 2.86199
142529 2.86199
142600 2.86482
142700 2.8688
142800 2.87274
142900 2.87665
143000 2.88052
143000 2.88052
143100 2.88435
143200 2.88815
143300 2.89191
143358 2.8941
143360 2.89331
143362 2.88802
143362 2.88802
143400 2.88945
143500 2.8932
143600 2.89692
143700 2.9006
143800 2.90425
143900 2.90787
144000 2.91146
144000 2.91146
144100 2.91501
144200 2.91853
144300 2.92201
144382 2.92486
144384 2.92406
144386 2.9191
144400 2.91212
144488 2.86852
144500 2.86897
144600 2.87291
144700 2.87682
144800 2.88069
144900 2.88452
145000 2.88832
145000 2.88832
145100 2.89208
145200 2.89581
145300 2.8995
145400 2.90316
145406 2.9034
145408 2.90261
145410 2.8973
145410 2.8973
145500 2.90061
145600 2.90426
145700 2.90787
145800 2.91146
145900 2.91501
146000 2.91853
146000 2.91853
146100 2.92201
146200 2.92547
146300 2.92889
146400 2.93228
146430 2.93331
146432 2.93251
146434 2.92753
146500 2.89462
146536 2.87671
146600 2.87917
146700 2.88302
146800 2.88683
146900 2.89061
147000 2.89435
147000 2.89435
147100 2.89806
147200 2.90173
147300 2.90537
147400 2.90898
147454 2.91093
147456 2.91013
147458 2.90481
147458 2.90481
147500 2.90632
147600 2.90992
147700 2.91349
147800 2.91702
147900 2.92052
148000 2.92399
148000 2.92399
148100 2.92743
148200 2.93083
148300 2.93421
148400 2.93755
148478 2.94015
148480 2.93934
148482 2.93435
148500 2.9253
148584 2.88334
148600 2.88394
148700 2.88774
148800 2.89151
148900 2.89524
149000 2.89894
149000 2.89894
149100 2.90261
149200 2.90624
149300 2.90984
149400 2.91341
149500 2.91694
149502 2.91702
149504 2.91623
149506 2.91089
149506 2.91089
149600 2.91423
149700 2.91776
149800 2.92125
149900 2.92471
150000 2.92814
150000 2.92814
150100 2.93154
150200 2.93491
150300 2.93824
150400 2.94155
150500 2.94483
150526 2.94569
150528 2.94488
150530 2.93988
150600 2.90476
150632 2.88872
150700 2.89126
150800 2.895
150900 2.8987
151000 2.90237
151000 2.90237
151100 2.906
151200 2.9096
151300 2.91317
151400 2.9167
151500 2.92021
151550 2.92196
151552 2.92117
151554 2.91582
151554 2.91582
151600 2.91743
151700 2.92093
151800 2.92439
151900 2.92782
152000 2.93123
152000 2.93123
152100 2.9346
152200 2.93794
152300 2.94125
152400 2.94453
152500 2.94777
152574 2.95017
152576 2.94936
152578 2.94435
152600 2.93323
152680 2.89307
152700 2.8938
152800 2.89751
152900 2.90119
153000 2.90483
153000 2.90483
153100 2.90844
153200 2.91202
153300 2.91557
153400 2.91908
153500 2.92256
153598 2.92596
153600 2.92516
153600 2.92516
153602 2.91981
153602 2.91981
153700 2.92321
153800 2.92665
153900 2.93006
154000 2.93344
154000 2.93344
154100 2.93679
154200 2.94011
154300 2.9434
154400 2.94666
154500 2.94989
154600 2.95309
154622 2.9538
154624 2.95299
154626 2.94797
154700 2.91071
154728 2.89659
154800 2.89923
154900 2.90289
155000 2.90652
155000 2.90652
155100 2.91012
155200 2.91368
155300 2.91721
155400 2.92071
155500 2.92418
155600 2.92761
155646 2.9292
155648 2.9284
155650 2.92304
155650 2.92304
155700 2.92476
155800 2.92819
155900 2.93158
156000 2.93495
156000 2.93495
156100 2.93829
156200 2.94159
156300 2.94487
156400 2.94812
156500 2.95133
156600 2.95452
156670 2.95674
156672 2.95593
156674 2.95091
156700 2.93772
156776 2.89944
156800 2.90031
156900 2.90396
157000 2.90758
157000 2.90758
157100 2.91117
157200 2.91472
157300 2.91824
157400 2.92173
157500 2.92519
157600 2.92861
157694 2.93182
157696 2.93102
157698 2.92565
157698 2.92565
157700 2.92571
157800 2.92913
157900 2.93252
158000 2.93588
158000 2.93588
158100 2.93921
158200 2.94251
158300 2.94578
158400 2.94901
158500 2.95222
158600 2.9554
158700 2.95855
158718 2.95913
158720 2.95831
158722 2.95328
158800 2.91391
158824 2.90175
158900 2.9045
159000 2.90812
159000 2.90812
159100 2.9117
159200 2.91525
159300 2.91877
159400 2.92225
159500 2.9257
159600 2.92912
159700 2.93251
159742 2.93394
159744 2.93314
159746 2.92777
159746 2.92777
159800 2.9296
159900 2.93299
160000 2.93634
160000 2.93634
160100 2.93967
160200 2.94296
160300 2.94622
160400 2.94946
160500 2.95266
160600 2.95584
160700 2.95898
160766 2.96105
160768 2.96024
160770 2.95521
160800 2.93996
160872 2.90362
160900 2.90462
161000 2.90824
161000 2.90824
161100 2.91182
161200 2.91536
161300 2.91888
161400 2.92236
161500 2.92582
161600 2.92924
161700 2.93262
161790 2.93566
161792 2.93486
161794 2.92948
161794 2.92948
161800 2.92968
161900 2.93307
162000 2.93642
162000 2.93642
162100 2.93974
162200 2.94304
162300 2.9463
162400 2.94953
162500 2.95273
162600 2.95591
162700 2.95905
162800 2.96217
162814 2.96262
162816 2.9618
162818 2.95677
162900 2.91532
162920 2.90513
163000 2.90801
163000 2.90801
163100 2.91159
163200 2.91514
163300 2.91866
163400 2.92214
163500 2.9256
163600 2.92902
163700 2.93241
163800 2.93577
163838 2.93705
163840 2.93625
163842 2.93087
163842 2.93087
163900 2.93283
164000 2.93618
164000 2.93618
164100 2.93951
164200 2.9428
164300 2.94607
164400 2.9493
164500 2.95251
164600 2.95568
164700 2.95883
164800 2.96195
164862 2.96388
164864 2.96306
164866 2.95803
164900 2.94073
164968 2.90636
165000 2.9075
165000 2.9075
165100 2.91109
165200 2.91464
165300 2.91816
165400 2.92165
165500 2.92511
165600 2.92854
165700 2.93193
165800 2.9353
165886 2.93818
165888 2.93738
165890 2.932
165890 2.932
165900 2.93233
166000 2.93569
166000 2.93569
166100 2.93902
166200 2.94232
166300 2.94559
166400 2.94883
166500 2.95204
166600 2.95522
166700 2.95837
166800 2.96149
166900 2.96458
166910 2.9649
166912 2.96409
166914 2.95905
167000 2.91555
167000 2.91555
167016 2.90735
167100 2.91036
167200 2.91392
167300 2.91745
167400 2.92094
167500 2.92441
167600 2.92784
167700 2.93124
167800 2.93461
167900 2.93795
167934 2.93909
167936 2.93829
167938 2.93291
167938 2.93291
168000 2.93498
168000 2.93498
168100 2.93832
168200 2.94163
168300 2.9449
168400 2.94815
168500 2.95136
168600 2.95455
168700 2.95771
168800 2.96084
168900 2.96394
168958 2.96573
168960 2.96492
168962 2.95987
169000 2.94053
169000 2.94053
169064 2.90816
169100 2.90944
169200 2.91301
169300 2.91654
169400 2.92005
169500 2.92352
169600 2.92696
169700 2.93037
169800 2.93375
169900 2.9371
169982 2.93983
169984 2.93903
169986 2.93364
169986 2.93364
170000 2.93411
170000 2.93411
170100 2.93745
170200 2.94077
170300 2.94405
170400 2.9473
170500 2.95053
170600 2.95372
170700 2.95689
170800 2.96002
170900 2.96313
171000 2.96621
171000 2.96621
171006 2.9664
171008 2.96559
171010 2.96054
171100 2.91501
171112 2.90881
171200 2.91194
171300 2.91549
171400 2.919
171500 2.92249
171600 2.92594
171700 2.92935
171800 2.93274
171900 2.9361
172000 2.93943
172000 2.93943
172030 2.94043
172032 2.93963
172034 2.93424
172034 2.93424
172100 2.93644
172200 2.93977
172300 2.94306
172400 2.94632
172500 2.94955
172600 2.95276
172700 2.95593
172800 2.95908
172900 2.96219
173000 2.96528
173000 2.96528
173054 2.96695
173056 2.96613
173058 2.96109
173100 2.9397
173160 2.90934
173200 2.91075
173239 2.91215
173239 2.91215
173248 2.86444
173248 2.86436
173249 2.86199
173249 2.86199
173300 2.86402
173400 2.86801
173500 2.87196
173600 2.87587
173700 2.87975
173800 2.88359
173900 2.88739
174000 2.89116
174000 2.89116
174078 2.8941
174080 2.89331
174082 2.88802
174082 2.88802
174100 2.8887
174200 2.89245
174300 2.89618
174400 2.89987
174500 2.90353
174600 2.90715
174700 2.91074
174800 2.9143
174900 2.91783
175000 2.92132
175000 2.92132
175100 2.92478
175102 2.92486
175104 2.92406
175106 2.9191
175200 2.87262
175208 2.86852
175300 2.87213
175400 2.87604
175500 2.87992
175600 2.88376
175700 2.88756
175800 2.89133
175900 2.89506
176000 2.89877
176000 2.89877
176100 2.90243
176126 2.9034
176128 2.90261
176130 2.8973
176130 2.8973
176200 2.89987
176300 2.90353
176400 2.90715
176500 2.91074
176600 2.9143
176700 2.91783
176800 2.92132
176900 2.92478
177000 2.92821
177000 2.92821
177100 2.93161
177150 2.93331
177152 2.93251
177154 2.92753
177200 2.90454
177256 2.87671
177300 2.8784
177400 2.88225
177500 2.88607
177600 2.88986
177700 2.8936
177800 2.89732
177900 2.901
178000 2.90465
178000 2.90465
178100 2.90826
178174 2.91093
178176 2.91013
178178 2.90481
178178 2.90481
178200 2.9056
178300 2.90921
178400 2.91278
178500 2.91632
178600 2.91982
178700 2.9233
178800 2.92674
178900 2.93015
179000 2.93353
179000 2.93353
179100 2.93688
179198 2.94015
179200 2.93934
179200 2.93934
179202 2.93435
179300 2.88552
179304 2.88334
179400 2.88698
179500 2.89076
179600 2.8945
179700 2.89821
179800 2.90188
179900 2.90552
180000 2.90912
180000 2.90912
180100 2.9127
180200 2.91624
180222 2.91702
180224 2.91623
180226 2.91089
180226 2.91089
180300 2.91352
180400 2.91705
180500 2.92055
180600 2.92402
180700 2.92746
180800 2.93086
180900 2.93424
181000 2.93758
181000 2.93758
181100 2.94089
181200 2.94417
181246 2.94569
181248 2.94488
181250 2.93988
181300 2.91473
181352 2.88872
181400 2.89051
181500 2.89425
181600 2.89796
181700 2.90163
181800 2.90528
181900 2.90888
182000 2.91246
182000 2.91246
182100 2.916
182200 2.91951
182270 2.92196
182272 2.92117
182274 2.91582
182274 2.91582
182300 2.91673
182400 2.92023
182500 2.9237
182600 2.92714
182700 2.93055
182800 2.93393
182900 2.93727
183000 2.94059
183000 2.94059
183100 2.94387
183200 2.94713
183294 2.95017
183296 2.94936
183298 2.94435
183300 2.94336
183400 2.89327
183400 2.89307
183500 2.89677
183600 2.90045
183700 2.90411
183800 2.90773
183900 2.91131
184000 2.91486
184000 2.91486
184100 2.91838
184200 2.92187
184300 2.92533
184318 2.92596
184320 2.92516
184322 2.91981
184322 2.91981
184400 2.92251
184500 2.92596
184600 2.92938
184700 2.93277
184800 2.93613
184900 2.93945
185000 2.94275
185000 2.94275
185100 2.94601
185200 2.94925
185300 2.95245
185342 2.9538
185344 2.95299
185346 2.94797
185400 2.92071
185448 2.89659
185500 2.89849
185600 2.90216
185700 2.9058
185800 2.9094
185900 2.91297
186000 2.91651
186000 2.91651
186100 2.92002
186200 2.92349
186300 2.92693
186366 2.9292
186368 2.9284
186370 2.92304
186370 2.92304
186400 2.92407
186500 2.9275
186600 2.93091
186700 2.93428
186800 2.93762
186900 2.94094
187000 2.94422
187000 2.94422
187100 2.94747
187200 2.95069
187300 2.95388
187390 2.95674
187392 2.95593
187394 2.95091
187400 2.94787
187496 2.89944
187500 2.89957
187600 2.90323
187700 2.90686
187800 2.91045
187900 2.91401
188000 2.91754
188000 2.91754
188100 2.92104
188200 2.9245
188300 2.92793
188400 2.93133
188414 2.93182
188416 2.93102
188418 2.92565
188418 2.92565
188500 2.92845
188600 2.93185
188700 2.93521
188800 2.93855
188900 2.94185
189000 2.94512
189000 2.94512
189100 2.94837
189200 2.95158
189300 2.95477
189400 2.95792
189438 2.95913
189440 2.95831
189442 2.95328
189500 2.92393
189544 2.90175
189600 2.90378
189700 2.9074
189800 2.91099
189900 2.91454
190000 2.91807
190000 2.91807
190100 2.92156
190200 2.92502
190300 2.92844
190400 2.93184
190462 2.93394
190464 2.93314
190466 2.92777
190466 2.92777
190500 2.92892
190600 2.93231
190700 2.93567
190800 2.939
190900 2.9423
191000 2.94557
191000 2.94557
191100 2.94881
191200 2.95202
191300 2.9552
191400 2.95835
191486 2.96105
191488 2.96024
191490 2.95521
191500 2.95012
191592 2.90362
191600 2.9039
191700 2.90752
191800 2.9111
191900 2.91466
192000 2.91818
192000 2.91818
192100 2.92167
192200 2.92513
192300 2.92855
192400 2.93195
192500 2.93531
192510 2.93566
192512 2.93486
192514 2.92948
192514 2.92948
192600 2.93239
192700 2.93575
192800 2.93908
192900 2.94238
193000 2.94565
193000 2.94565
193100 2.94889
193200 2.9521
193300 2.95528
193400 2.95843
193500 2.96155
193534 2.96262
193536 2.9618
193538 2.95677
193600 2.92534
193640 2.90513
193700 2.90729
193800 2.91088
193900 2.91443
194000 2.91796
194000 2.91796
194100 2.92145
194200 2.92491
194300 2.92834
194400 2.93174
194500 2.9351
194558 2.93705
194560 2.93625
194562 2.93087
194562 2.93087
194600 2.93215
194700 2.93551
194800 2.93884
194900 2.94215
195000 2.94542
195000 2.94542
195100 2.94866
195200 2.95187
195300 2.95505
195400 2.9582
195500 2.96133
195582 2.96388
195584 2.96306
195586 2.95803
195600 2.9509
195688 2.90636
195700 2.90678
195800 2.91037
195900 2.91393
196000 2.91746
196000 2.91746
196100 2.92096
196200 2.92442
196300 2.92786
196400 2.93126
196500 2.93463
196600 2.93797
196606 2.93818
196608 2.93738
196610 2.932
196610 2.932
196700 2.93502
196800 2.93835
196900 2.94166
197000 2.94493
197000 2.94493
197100 2.94818
197200 2.9514
197300 2.95458
197400 2.95774
197500 2.96087
197600 2.96397
197630 2.9649
197632 2.96409
197634 2.95905
197700 2.92558
197736 2.90735
197800 2.90964
197900 2.91321
198000 2.91674
198000 2.91674
198100 2.92025
198200 2.92372
198300 2.92716
198400 2.93056
198500 2.93394
198600 2.93729
198654 2.93909
198656 2.93829
198658 2.93291
198658 2.93291
198700 2.93431
198800 2.93766
198900 2.94097
199000 2.94425
199000 2.94425
199100 2.9475
199200 2.95072
199300 2.95391
199400 2.95708
199500 2.96021
199600 2.96332
199678 2.96573
199680 2.96492
199682 2.95987
199700 2.9507
199784 2.90816
199800 2.90872
199900 2.91229
200000 2.91584
200000 2.91584
200100 2.91935
200200 2.92283
200300 2.92628
200400 2.92969
200500 2.93308
200600 2.93643
200700 2.93975
200702 2.93983
200704 2.93903
200706 2.93364
200706 2.93364
200800 2.93679
200900 2.94011
201000 2.94339
201000 2.94339
201100 2.94665
201200 2.94988
201300 2.95308
201400 2.95625
201500 2.9594
201600 2.96251
201700 2.96559
201726 2.9664
201728 2.96559
201730 2.96054
201800 2.92503
201832 2.90881
201900 2.91123
202000 2.91478
202000 2.91478
202100 2.9183
202200 2.92179
202300 2.92525
202400 2.92867
202500 2.93207
202600 2.93543
202700 2.93876
202750 2.94043
202752 2.93963
202754 2.93424
202754 2.93424
202800 2.93578
202900 2.9391
203000 2.9424
203000 2.9424
203100 2.94567
203200 2.94891
203300 2.95212
203400 2.9553
203500 2.95845
203600 2.96157
203700 2.96466
203774 2.96695
203776 2.96613
203778 2.96109
203800 2.94986
203880 2.90934
203900 2.91004
203959 2.91215
203959 2.91215
203968 2.86444
203968 2.86436
203969 2.86199
203969 2.86199
