0 3
0 2.99963
2 2.98131
100 2.82007
200 2.66917
300 2.53151
400 2.40593
500 2.29137
600 2.18685
700 2.09151
800 2.00453
900 1.92518
1000 1.85279
1000 1.85279
1024 1.83638
1026 1.82678
1100 1.77907
1100 1.77907
1200 1.82491
1300 1.86938
1400 1.91251
1500 1.95433
1600 1.9949
1700 2.03424
1800 2.0724
1900 2.1094
2000 2.14529
2000 2.14529
2100 2.1801
2200 2.21386
2300 2.2466
2400 2.27836
2500 2.30915
2600 2.33902
2700 2.36799
2800 2.39609
2900 2.42333
3000 2.44976
3000 2.44976
3100 2.47539
3200 2.50025
3300 2.52436
3400 2.54774
3500 2.57041
3600 2.59241
3700 2.61374
3800 2.63442
3900 2.65449
4000 2.67395
4000 2.67395
4100 2.69282
4200 2.71112
4300 2.72887
4400 2.74609
4500 2.76278
4600 2.77898
4700 2.79468
4800 2.80992
4900 2.82469
5000 2.83902
5000 2.83902
5100 2.85291
5200 2.86639
5300 2.87946
5400 2.89214
5500 2.90443
5600 2.91635
5700 2.92792
5800 2.93913
5900 2.95001
6000 2.96056
6000 2.96056
6100 2.97079
6200 2.98072
6300 2.99034
6400 2.99967
6500 3.00873
6500 3.00873
6600 3.01751
6700 3.02602
6800 3.03428
6900 3.04229
7000 3.05006
7000 3.05006
7100 3.05759
7168 3.06258
7170 3.04519
7200 2.99241
7300 2.8264
7400 2.67494
7500 2.53678
7502 2.5336
7505 2.48669
7505 2.48648
7506 2.47974
7506 2.4794
7509 2.46385
7509 2.46365
7510 2.44857
7600 2.34202
7700 2.23306
7800 2.13366
7900 2.04298
8000 1.96026
8000 1.96026
8100 1.88479
8192 1.82123
8194 1.81097
8194 1.81097
8200 1.81361
8300 1.85842
8400 1.90188
8500 1.94402
8600 1.9849
8700 2.02454
8800 2.06299
8900 2.10028
9000 2.13645
9000 2.13645
9100 2.17152
9200 2.20554
9214 2.21036
9216 2.20874
9218 2.19677
9300 2.11727
9320 2.09837
9400 2.12729
9500 2.16264
9600 2.19692
9700 2.23018
9800 2.26243
9900 2.2937
10000 2.32404
10000 2.32404
10100 2.35346
10200 2.38199
10238 2.39272
10240 2.39084
10242 2.37669
10242 2.37669
10300 2.39288
10400 2.42022
10500 2.44674
10600 2.47247
10700 2.49741
10800 2.5216
10900 2.54507
11000 2.56783
11000 2.56783
11100 2.5899
11200 2.6113
11262 2.62433
11264 2.62211
11266 2.60752
11300 2.56124
11368 2.47227
11400 2.48023
11500 2.50494
11600 2.52891
11700 2.55215
11800 2.57469
11900 2.59656
12000 2.61776
12000 2.61776
12100 2.63833
12200 2.65827
12286 2.67502
12288 2.67273
12290 2.65665
12290 2.65665
12300 2.65858
12400 2.67791
12500 2.69666
12600 2.71485
12700 2.73249
12800 2.7496
12900 2.76619
13000 2.78228
13000 2.78228
13100 2.79789
13200 2.81302
13300 2.8277
13310 2.8292
13312 2.82668
13314 2.81079
13400 2.68096
13416 2.6573
13500 2.67353
13600 2.69242
13700 2.71073
13800 2.7285
13900 2.74572
14000 2.76243
14000 2.76243
14100 2.77864
14200 2.79435
14300 2.80959
14334 2.81473
14336 2.81223
14338 2.7952
14338 2.7952
14400 2.80466
14500 2.81959
14600 2.83407
14700 2.84811
14800 2.86174
14900 2.87495
15000 2.88776
15000 2.88776
15100 2.90019
15200 2.91224
15300 2.92393
15358 2.93059
15360 2.92792
15362 2.91139
15400 2.84934
15464 2.74887
15500 2.75484
15600 2.77127
15700 2.78721
15800 2.80267
15900 2.81766
16000 2.8322
16000 2.8322
16100 2.8463
16200 2.85998
16300 2.87324
16382 2.88387
16384 2.88127
16386 2.86376
16386 2.86376
16400 2.8656
16500 2.8787
16600 2.8914
16700 2.90371
16800 2.91566
16900 2.92724
17000 2.93848
17000 2.93848
17100 2.94938
17200 2.95995
17300 2.9702
17400 2.98014
17406 2.98076
17408 2.97802
17410 2.96117
17500 2.81362
17512 2.79419
17600 2.80757
17700 2.82241
17800 2.83681
17900 2.85077
18000 2.86431
18000 2.86431
18100 2.87744
18200 2.89018
18300 2.90253
18400 2.91451
18430 2.91809
18432 2.91544
18434 2.8977
18434 2.8977
18500 2.90572
18600 2.9176
18700 2.92913
18800 2.94031
18900 2.95115
19000 2.96167
19000 2.96167
19100 2.97186
19200 2.98175
19300 2.99135
19400 3.00065
19454 3.00559
19456 3.00282
19458 2.98581
19500 2.91454
19560 2.81661
19600 2.82243
19700 2.83683
19800 2.85079
19900 2.86433
20000 2.87746
20000 2.87746
20100 2.8902
20200 2.90255
20300 2.91453
20400 2.92615
20478 2.93502
20480 2.93235
20482 2.91449
20482 2.91449
20500 2.91658
20600 2.92814
20700 2.93935
20800 2.95022
20900 2.96076
21000 2.97099
21000 2.97099
21100 2.98091
21200 2.99052
21300 2.99985
21400 3.0089
21500 3.01767
21502 3.01788
21504 3.01509
21506 2.998
21600 2.84112
21608 2.82771
21700 2.84077
21800 2.85461
21900 2.86804
22000 2.88106
22000 2.88106
22100 2.89368
22200 2.90593
22300 2.91781
22400 2.92933
22500 2.9405
22526 2.9434
22528 2.94071
22530 2.9228
22530 2.9228
22600 2.93077
22700 2.9419
22800 2.9527
22900 2.96316
23000 2.97332
23000 2.97332
23100 2.98316
23200 2.99271
23300 3.00198
23400 3.01096
23500 3.01967
23550 3.02396
23552 3.02116
23554 3.00403
23600 2.92536
23656 2.8332
23700 2.83939
23800 2.85327
23900 2.86674
24000 2.8798
24000 2.8798
24100 2.89247
24200 2.90475
24300 2.91666
24400 2.92822
24500 2.93943
24574 2.94755
24576 2.94485
24578 2.92691
24578 2.92691
24600 2.92939
24639 2.93381
24639 2.93381
24648 2.77674
24648 2.7765
24649 2.76885
24649 2.76885
24700 2.77704
24800 2.7928
24900 2.80809
25000 2.82292
25000 2.82292
25100 2.8373
25200 2.85125
25300 2.86477
25400 2.87789
25500 2.89062
25598 2.90276
25600 2.90014
25600 2.90014
25602 2.88378
25700 2.73034
25704 2.72374
25800 2.74035
25900 2.75722
26000 2.77359
26000 2.77359
26100 2.78945
26200 2.80484
26300 2.81977
26400 2.83425
26500 2.84828
26600 2.8619
26622 2.8649
26624 2.86232
26626 2.84495
26626 2.84495
26700 2.85511
26800 2.86852
26900 2.88153
27000 2.89414
27000 2.89414
27100 2.90637
27200 2.91824
27300 2.92975
27400 2.94091
27500 2.95173
27600 2.96223
27646 2.96699
27648 2.96427
27650 2.94751
27700 2.86467
27752 2.78175
27800 2.78924
27900 2.80464
28000 2.81957
28000 2.81957
28100 2.83405
28200 2.8481
28300 2.86172
28400 2.87493
28500 2.88774
28600 2.90017
28670 2.9087
28672 2.90606
28674 2.88838
28674 2.88838
28700 2.89162
28800 2.90393
28900 2.91587
29000 2.92745
29000 2.92745
29100 2.93868
29200 2.94957
29300 2.96013
29400 2.97038
29500 2.98031
29600 2.98995
29694 2.99878
29696 2.99601
29698 2.97905
29700 2.97567
29800 2.81112
29800 2.81046
29900 2.82515
30000 2.83947
30000 2.83947
30100 2.85335
30200 2.86681
30300 2.87987
30400 2.89254
30500 2.90482
30600 2.91673
30700 2.92828
30718 2.93037
30720 2.92771
30722 2.90988
30722 2.90988
30800 2.91906
30900 2.93054
31000 2.94168
31000 2.94168
31100 2.95248
31200 2.96295
31300 2.97311
31400 2.98297
31500 2.99252
31600 3.00179
31700 3.01078
31742 3.01451
31744 3.01172
31746 2.99465
31800 2.90307
31848 2.82467
31900 2.83211
32000 2.84622
32000 2.84622
32100 2.85989
32200 2.87316
32300 2.88603
32400 2.89851
32500 2.91061
32600 2.92235
32700 2.93373
32766 2.9411
32768 2.93842
32770 2.92052
32770 2.92052
32800 2.92396
32900 2.9353
33000 2.94629
33000 2.94629
33100 2.95695
33200 2.96729
33300 2.97732
33400 2.98705
33500 2.99648
33600 3.00563
33700 3.0145
33790 3.0223
33792 3.01949
33794 3.00238
33800 2.992
33896 2.8317
33900 2.83221
34000 2.84631
34000 2.84631
34100 2.85999
34200 2.87325
34300 2.88611
34400 2.89859
34500 2.91069
34600 2.92242
34700 2.93381
34800 2.94484
34814 2.94641
34816 2.94372
34818 2.92578
34818 2.92578
34900 2.93503
35000 2.94604
35000 2.94604
35100 2.95671
35200 2.96705
35300 2.97709
35400 2.98682
35500 2.99626
35600 3.00542
35700 3.0143
35800 3.02291
35838 3.02615
35840 3.02334
35842 3.0062
35900 2.90741
35944 2.83518
36000 2.84302
36000 2.84302
36100 2.85679
36200 2.87015
36300 2.88311
36400 2.89568
36500 2.90786
36600 2.91968
36700 2.93115
36800 2.94227
36862 2.94903
36864 2.94634
36866 2.92839
36866 2.92839
36900 2.93221
37000 2.9433
37000 2.9433
37100 2.95405
37200 2.96448
37300 2.97459
37400 2.9844
37500 2.99391
37600 3.00314
37700 3.01209
37800 3.02077
37886 3.02805
37888 3.02525
37890 3.00809
37900 2.99072
37992 2.8369
38000 2.83797
38000 2.83797
38100 2.8519
38200 2.86541
38300 2.87851
38400 2.89121
38500 2.90353
38600 2.91548
38700 2.92708
38800 2.93832
38900 2.94922
38910 2.95033
38912 2.94764
38914 2.92968
38914 2.92968
39000 2.93928
39000 2.93928
39100 2.95015
39200 2.96069
39300 2.97092
39400 2.98084
39500 2.99046
39600 2.99979
39700 3.00884
39800 3.01762
39900 3.02613
39934 3.029
39936 3.02619
39938 3.00903
40000 2.90346
40000 2.90346
40040 2.83775
40100 2.8461
40200 2.85979
40300 2.87306
40400 2.88593
40500 2.89841
40600 2.91051
40700 2.92225
40800 2.93364
40900 2.94468
40958 2.95098
40960 2.94828
40962 2.93032
40962 2.93032
41000 2.93457
41000 2.93457
41100 2.94558
41200 2.95627
41300 2.96663
41400 2.97668
41500 2.98642
41600 2.99587
41700 3.00504
41800 3.01393
41900 3.02255
41982 3.02946
41984 3.02665
41986 3.00949
42000 2.98517
42000 2.98517
42088 2.83817
42100 2.83981
42200 2.85368
42300 2.86713
42400 2.88018
42500 2.89284
42600 2.90511
42700 2.91701
42800 2.92856
42900 2.93975
43000 2.95061
43000 2.95061
43006 2.9513
43008 2.9486
43010 2.93063
43010 2.93063
43100 2.94064
43200 2.95148
43300 2.96198
43400 2.97217
43500 2.98205
43600 2.99164
43700 3.00093
43800 3.00995
43900 3.01869
44000 3.02717
44000 3.02717
44030 3.0297
44032 3.02688
44034 3.00972
44100 2.8975
44136 2.83838
44200 2.84728
44300 2.86092
44400 2.87416
44500 2.887
44600 2.89945
44700 2.91152
44800 2.92323
44900 2.93459
45000 2.9456
45000 2.9456
45054 2.95145
45056 2.94876
45058 2.93079
45058 2.93079
45100 2.93548
45200 2.94647
45300 2.95712
45400 2.96746
45500 2.97748
45600 2.98721
45700 2.99663
45800 3.00578
45900 3.01465
46000 3.02325
46000 3.02325
46078 3.02981
46080 3.027
46082 3.00983
46100 2.9786
46184 2.83848
46200 2.84068
46300 2.85453
46400 2.86795
46500 2.88098
46600 2.89361
46700 2.90586
46800 2.91774
46900 2.92926
47000 2.94044
47000 2.94044
47100 2.95127
47102 2.95153
47104 2.94883
47106 2.93086
47106 2.93086
47200 2.94131
47300 2.95212
47400 2.96261
47500 2.97278
47600 2.98264
47700 2.99221
47800 3.00149
47900 3.01048
48000 3.01921
48000 3.01921
48100 3.02767
48126 3.02987
48128 3.02705
48130 3.00989
48200 2.89107
48232 2.83854
48300 2.84798
48400 2.86161
48500 2.87482
48600 2.88764
48700 2.90007
48800 2.91212
48900 2.92382
49000 2.93516
49000 2.93516
49100 2.94615
49150 2.95157
49152 2.94887
49154 2.9309
49154 2.9309
49200 2.93604
49300 2.94701
49400 2.95765
49500 2.96797
49600 2.97798
49700 2.98769
49800 2.9971
49900 3.00623
50000 3.01508
50000 3.01508
50100 3.02367
50174 3.02989
50176 3.02708
50178 3.00992
50200 2.97179
50280 2.83856
50300 2.84132
50400 2.85514
50500 2.86855
50600 2.88156
50700 2.89417
50800 2.90641
50900 2.91827
51000 2.92978
51000 2.92978
51100 2.94094
51198 2.95159
51200 2.94889
51200 2.94889
51202 2.93092
51202 2.93092
51300 2.94181
51400 2.9526
51500 2.96307
51600 2.97323
51700 2.98308
51800 2.99263
51900 3.0019
52000 3.01088
52000 3.01088
52100 3.0196
52200 3.02805
52222 3.02991
52224 3.0271
52226 3.00993
52300 2.88454
52328 2.83857
52400 2.84857
52500 2.86218
52600 2.87538
52700 2.88818
52800 2.90059
52900 2.91263
53000 2.92431
53000 2.92431
53100 2.93563
53200 2.94661
53246 2.9516
53248 2.9489
53250 2.93093
53250 2.93093
53300 2.93651
53400 2.94747
53500 2.9581
53600 2.9684
53700 2.9784
53800 2.98809
53900 2.99749
54000 3.00661
54000 3.00661
54100 3.01546
54200 3.02403
54270 3.02992
54272 3.0271
54274 3.00994
54300 2.96495
54376 2.83858
54400 2.8419
54500 2.85571
54600 2.8691
54700 2.88209
54800 2.89469
54900 2.9069
55000 2.91875
55000 2.91875
55100 2.93024
55200 2.94139
55294 2.9516
55296 2.94891
55298 2.93094
55298 2.93094
55300 2.93114
55359 2.93776
55359 2.93776
55368 2.78047
55368 2.78022
55369 2.77256
55369 2.77256
55400 2.77751
55500 2.79326
55600 2.80853
55700 2.82335
55800 2.83772
55900 2.85165
56000 2.86516
56000 2.86516
56100 2.87827
56200 2.89098
56300 2.90331
56318 2.90554
56320 2.90291
56322 2.88654
56400 2.76312
56424 2.72625
56500 2.73937
56600 2.75627
56700 2.77266
56800 2.78856
56900 2.80397
57000 2.81892
57000 2.81892
57100 2.83343
57200 2.84749
57300 2.86113
57342 2.86679
57344 2.86422
57346 2.84683
57346 2.84683
57400 2.85423
57500 2.86766
57600 2.8807
57700 2.89334
57800 2.90559
57900 2.91748
58000 2.92901
58000 2.92901
58100 2.94019
58200 2.95104
58300 2.96156
58366 2.96837
58368 2.96565
58370 2.94887
58400 2.89871
58472 2.78299
58500 2.78734
58600 2.80279
58700 2.81778
58800 2.83232
58900 2.84641
59000 2.86009
59000 2.86009
59100 2.87335
59200 2.88621
59300 2.89868
59390 2.90963
59392 2.907
59394 2.88931
59394 2.88931
59400 2.89004
59500 2.9024
59600 2.91438
59700 2.92601
59800 2.93728
59900 2.94821
60000 2.95882
60000 2.95882
60100 2.9691
60200 2.97908
60300 2.98875
60400 2.99813
60414 2.99946
60416 2.99669
60418 2.97972
60500 2.84346
60520 2.81107
60600 2.82284
60700 2.83722
60800 2.85117
60900 2.8647
61000 2.87782
61000 2.87782
61100 2.89055
61200 2.90289
61300 2.91486
61400 2.92647
61438 2.93084
61440 2.92817
61442 2.91034
61442 2.91034
61500 2.91717
61600 2.92871
61700 2.9399
61800 2.95076
61900 2.96129
62000 2.9715
62000 2.9715
62100 2.9814
62200 2.991
62300 3.00031
62400 3.00935
62462 3.01485
62464 3.01206
62466 2.99499
62500 2.93681
62568 2.82497
62600 2.82954
62700 2.84372
62800 2.85748
62900 2.87081
63000 2.88375
63000 2.88375
63100 2.8963
63200 2.90847
63300 2.92027
63400 2.93172
63486 2.94133
63488 2.93865
63490 2.92075
63490 2.92075
63500 2.92188
63600 2.93328
63700 2.94433
63800 2.95505
63900 2.96545
64000 2.97554
64000 2.97554
64100 2.98532
64200 2.9948
64300 3.004
64400 3.01292
64500 3.02158
64510 3.02246
64512 3.01966
64514 3.00254
64600 2.85816
64616 2.83185
64700 2.84367
64800 2.85743
64900 2.87077
65000 2.88371
65000 2.88371
65100 2.89626
65200 2.90843
65300 2.92023
65400 2.93168
65500 2.94278
65534 2.94652
65536 2.94383
65538 2.92589
65538 2.92589
65600 2.9329
65700 2.94397
65800 2.9547
65900 2.96511
66000 2.9752
66000 2.9752
66100 2.98499
66200 2.99449
66300 3.0037
66400 3.01263
66500 3.02129
66558 3.02623
66560 3.02342
66562 3.00628
66600 2.94099
66664 2.83525
66700 2.84029
66800 2.85414
66900 2.86758
67000 2.88062
67000 2.88062
67100 2.89326
67200 2.90552
67300 2.91741
67400 2.92894
67500 2.94013
67582 2.94909
67584 2.9464
67586 2.92844
67586 2.92844
67600 2.93001
67700 2.94116
67800 2.95198
67900 2.96247
68000 2.97264
68000 2.97264
68100 2.98251
68200 2.99208
68300 3.00136
68400 3.01036
68500 3.01909
68600 3.02756
68606 3.0281
68608 3.02529
68610 3.00813
68700 2.85686
68712 2.83694
68800 2.84918
68900 2.86277
69000 2.87595
69000 2.87595
69100 2.88873
69200 2.90113
69300 2.91315
69400 2.92482
69500 2.93612
69600 2.94709
69630 2.95036
69632 2.94767
69634 2.9297
69634 2.9297
69700 2.93709
69800 2.94803
69900 2.95864
70000 2.96893
70000 2.96893
70100 2.97891
70200 2.98858
70300 2.99797
70400 3.00707
70500 3.0159
70600 3.02447
70654 3.02902
70656 3.02621
70658 3.00905
70700 2.9369
70760 2.83777
70800 2.84334
70900 2.8571
71000 2.87045
71000 2.87045
71100 2.8834
71200 2.89596
71300 2.90814
71400 2.91995
71500 2.9314
71600 2.94251
71678 2.95099
71680 2.9483
71682 2.93033
71682 2.93033
71700 2.93234
71800 2.94342
71900 2.95417
72000 2.96459
72000 2.96459
72100 2.9747
72200 2.98451
72300 2.99402
72400 3.00324
72500 3.01219
72600 3.02086
72700 3.02927
72702 3.02947
72704 3.02666
72706 3.0095
72800 2.85167
72808 2.83818
72900 2.85095
73000 2.86448
73000 2.86448
73100 2.87761
73200 2.89034
73300 2.90269
73400 2.91467
73500 2.92628
73600 2.93755
73700 2.94847
73726 2.9513
73728 2.94861
73730 2.93064
73730 2.93064
73800 2.93844
73900 2.94934
74000 2.95991
74000 2.95991
74100 2.97016
74200 2.98011
74300 2.98975
74400 2.9991
74500 3.00817
74600 3.01697
74700 3.0255
74750 3.0297
74752 3.02689
74754 3.00973
74800 2.93081
74856 2.83839
74900 2.8445
75000 2.85823
75000 2.85823
75100 2.87155
75200 2.88446
75300 2.89699
75400 2.90914
75500 2.92092
75600 2.93235
75700 2.94343
75774 2.95146
75776 2.94876
75778 2.93079
75778 2.93079
75800 2.93325
75900 2.9443
76000 2.95502
76000 2.95502
76100 2.96542
76200 2.97551
76300 2.98529
76400 2.99477
76500 3.00397
76600 3.0129
76700 3.02155
76798 3.02981
76800 3.027
76800 3.027
76802 3.00984
76900 2.84556
76904 2.83849
77000 2.85179
77000 2.85179
77100 2.8653
77200 2.87841
77300 2.89111
77400 2.90344
77500 2.91539
77600 2.92699
77700 2.93823
77800 2.94914
77822 2.95153
77824 2.94884
77826 2.93087
77826 2.93087
77900 2.93911
78000 2.94999
78000 2.94999
78100 2.96054
78200 2.97077
78300 2.9807
78400 2.99032
78500 2.99965
78600 3.00871
78700 3.01749
78800 3.026
78846 3.02987
78848 3.02706
78850 3.00989
78900 2.92426
78952 2.83854
79000 2.84521
79000 2.84521
79100 2.85892
79200 2.87221
79300 2.88511
79400 2.89761
79500 2.90974
79600 2.92151
79700 2.93292
79800 2.94398
79870 2.95157
79872 2.94887
79874 2.9309
79874 2.9309
79900 2.93381
80000 2.94484
80000 2.94484
80100 2.95555
80200 2.96593
80300 2.976
80400 2.98577
80500 2.99524
80600 3.00443
80700 3.01334
80800 3.02198
80894 3.0299
80896 3.02708
80898 3.00992
80900 3.00649
81000 2.83923
81000 2.83923
81000 2.83856
81100 2.85241
81200 2.86591
81300 2.87899
81400 2.89168
81500 2.90399
81600 2.91593
81700 2.9275
81800 2.93873
81900 2.94962
81918 2.95159
81920 2.94889
81922 2.93092
81922 2.93092
82000 2.93961
82000 2.93961
82100 2.95047
82200 2.96101
82300 2.97122
82400 2.98113
82500 2.99075
82600 3.00007
82700 3.00911
82800 3.01788
82900 3.02638
82942 3.02991
82944 3.0271
82946 3.00993
83000 2.91761
83000 2.91761
83048 2.83857
83100 2.8458
83200 2.85949
83300 2.87277
83400 2.88565
83500 2.89814
83600 2.91025
83700 2.922
83800 2.93339
83900 2.94445
83966 2.9516
83968 2.9489
83970 2.93093
83970 2.93093
84000 2.93428
84000 2.93428
84100 2.94531
84200 2.956
84300 2.96637
84400 2.97642
84500 2.98618
84600 2.99564
84700 3.00481
84800 3.01371
84900 3.02234
84990 3.02992
84992 3.0271
84994 3.00994
85000 2.99952
85000 2.99952
85096 2.83858
85100 2.83909
85200 2.85298
85300 2.86645
85400 2.87952
85500 2.8922
85600 2.90449
85700 2.91641
85800 2.92797
85900 2.93919
86000 2.95006
86000 2.95006
86014 2.9516
86016 2.94891
86018 2.93094
86018 2.93094
86079 2.93776
86079 2.93776
86088 2.78047
86088 2.78022
86089 2.77256
86089 2.77256
86100 2.7743
86200 2.79015
86300 2.80551
86400 2.82042
86500 2.83488
86600 2.8489
86700 2.8625
86800 2.87568
86900 2.88847
87000 2.90088
87000 2.90088
87038 2.90554
87040 2.90291
87042 2.88654
87100 2.79395
87144 2.72625
87200 2.73593
87300 2.75293
87400 2.76942
87500 2.78542
87600 2.80093
87700 2.81597
87800 2.83056
87900 2.84471
88000 2.85844
88000 2.85844
88062 2.86679
88064 2.86422
88066 2.84683
88066 2.84683
88100 2.85149
88200 2.86501
88300 2.87812
88400 2.89084
88500 2.90317
88600 2.91513
88700 2.92673
88800 2.93799
88900 2.9489
89000 2.95948
89000 2.95948
89086 2.96837
89088 2.96565
89090 2.94887
89100 2.93204
89192 2.78299
89200 2.78419
89300 2.79974
89400 2.81482
89500 2.82944
89600 2.84363
89700 2.85738
89800 2.87073
89900 2.88367
90000 2.89622
90000 2.89622
90100 2.90839
90110 2.90963
90112 2.907
90114 2.88931
90114 2.88931
90200 2.89996
90300 2.91202
90400 2.92371
90500 2.93505
90600 2.94605
90700 2.95672
90800 2.96707
90900 2.97711
91000 2.98684
91000 2.98684
91100 2.99628
91134 2.99946
91136 2.99669
91138 2.97972
91200 2.87577
91240 2.81107
91300 2.81991
91400 2.83438
91500 2.84842
91600 2.86203
91700 2.87523
91800 2.88803
91900 2.90045
92000 2.9125
92000 2.9125
92100 2.92418
92158 2.93084
92160 2.92817
92162 2.91034
92162 2.91034
92200 2.91482
92300 2.92643
92400 2.93769
92500 2.94861
92600 2.95921
92700 2.96948
92800 2.97944
92900 2.9891
93000 2.99847
93000 2.99847
93100 3.00756
93182 3.01485
93184 3.01206
93186 2.99499
93200 2.97085
93288 2.82497
93300 2.82665
93400 2.84092
93500 2.85476
93600 2.86818
93700 2.8812
93800 2.89382
93900 2.90606
94000 2.91794
94000 2.91794
94100 2.92945
94200 2.94062
94206 2.94133
94208 2.93865
94210 2.92075
94210 2.92075
94300 2.93103
94400 2.94215
94500 2.95294
94600 2.9634
94700 2.97354
94800 2.98338
94900 2.99293
95000 3.00218
95000 3.00218
95100 3.01116
95200 3.01987
95230 3.02246
95232 3.01966
95234 3.00254
95300 2.89074
95336 2.83185
95400 2.84087
95500 2.85471
95600 2.86813
95700 2.88115
95800 2.89378
95900 2.90602
96000 2.9179
96000 2.9179
96100 2.92941
96200 2.94059
96254 2.94652
96256 2.94383
96258 2.92589
96258 2.92589
96300 2.93065
96400 2.94178
96500 2.95258
96600 2.96305
96700 2.97321
96800 2.98306
96900 2.99261
97000 3.00188
97000 3.00188
97100 3.01087
97200 3.01958
97278 3.02623
97280 3.02342
97282 3.00628
97300 2.97511
97384 2.83525
97400 2.83746
97500 2.8514
97600 2.86493
97700 2.87804
97800 2.89076
97900 2.9031
98000 2.91506
98000 2.91506
98100 2.92666
98200 2.93792
98300 2.94883
98302 2.94909
98304 2.9464
98306 2.92844
98306 2.92844
98400 2.93896
98500 2.94984
98600 2.9604
98700 2.97063
98800 2.98056
98900 2.99019
99000 2.99953
99000 2.99953
99100 3.00859
99200 3.01737
99300 3.02589
99326 3.0281
99328 3.02529
99330 3.00813
99400 2.88942
99432 2.83694
99500 2.84642
99600 2.86009
99700 2.87335
99800 2.88621
99900 2.89868
100000 2.91078
100000 2.91078
100100 2.92251
100200 2.93389
100300 2.94493
100350 2.95036
100352 2.94767
100354 2.9297
100354 2.9297
100400 2.93486
100500 2.94587
100600 2.95654
100700 2.96689
100800 2.97693
100900 2.98667
101000 2.99612
101000 2.99612
101100 3.00528
101200 3.01416
101300 3.02278
101374 3.02902
101376 3.02621
101378 3.00905
101400 2.97094
101480 2.83777
101500 2.84053
101600 2.85438
101700 2.86781
101800 2.88084
101900 2.89348
102000 2.90573
102000 2.90573
102100 2.91761
102200 2.92914
102300 2.94032
102398 2.95099
102400 2.9483
102400 2.9483
102402 2.93033
102402 2.93033
102500 2.94123
102600 2.95204
102700 2.96253
102800 2.97271
102900 2.98257
103000 2.99214
103000 2.99214
103100 3.00142
103200 3.01042
103300 3.01915
103400 3.02761
103422 3.02947
103424 3.02666
103426 3.0095
103500 2.88414
103528 2.83818
103600 2.84819
103700 2.86181
103800 2.87502
103900 2.88783
104000 2.90025
104000 2.90025
104100 2.9123
104200 2.92399
104300 2.93532
104400 2.94631
104446 2.9513
104448 2.94861
104450 2.93064
104450 2.93064
104500 2.93622
104600 2.94719
104700 2.95782
104800 2.96814
104900 2.97814
105000 2.98784
105000 2.98784
105100 2.99725
105200 3.00638
105300 3.01523
105400 3.02381
105470 3.0297
105472 3.02689
105474 3.00973
105500 2.96474
105576 2.83839
105600 2.84171
105700 2.85552
105800 2.86892
105900 2.88191
106000 2.89452
106000 2.89452
106100 2.90674
106200 2.91859
106300 2.93009
106400 2.94124
106494 2.95146
106496 2.94876
106498 2.93079
106498 2.93079
106500 2.93099
106600 2.94212
106700 2.9529
106800 2.96337
106900 2.97351
107000 2.98336
107000 2.98336
107100 2.9929
107200 3.00216
107300 3.01113
107400 3.01984
107500 3.02829
107518 3.02981
107520 3.027
107522 3.00984
107600 2.87791
107624 2.83849
107700 2.84904
107800 2.86263
107900 2.87582
108000 2.8886
108000 2.8886
108100 2.901
108200 2.91303
108300 2.9247
108400 2.93601
108500 2.94698
108542 2.95153
108544 2.94884
108546 2.93087
108546 2.93087
108600 2.93689
108700 2.94784
108800 2.95845
108900 2.96875
109000 2.97873
109000 2.97873
109100 2.98842
109200 2.99781
109300 3.00692
109400 3.01575
109500 3.02432
109566 3.02987
109568 3.02706
109570 3.00989
109600 2.95807
109672 2.83854
109700 2.84242
109800 2.85621
109900 2.86959
110000 2.88256
110000 2.88256
110100 2.89514
110200 2.90735
110300 2.91918
110400 2.93066
110500 2.9418
110590 2.95157
110592 2.94887
110594 2.9309
110594 2.9309
110600 2.93156
110700 2.94266
110800 2.95344
110900 2.96388
111000 2.97401
111000 2.97401
111100 2.98384
111200 2.99337
111300 3.00261
111400 3.01158
111500 3.02027
111600 3.0287
111614 3.0299
111616 3.02708
111618 3.00992
111700 2.87147
111720 2.83856
111800 2.84967
111900 2.86324
112000 2.87641
112000 2.87641
112100 2.88917
112200 2.90156
112300 2.91357
112400 2.92522
112500 2.93651
112600 2.94747
112638 2.95159
112640 2.94889
112642 2.93092
112642 2.93092
112700 2.93739
112800 2.94832
112900 2.95892
113000 2.96921
113000 2.96921
113100 2.97918
113200 2.98885
113300 2.99823
113400 3.00732
113500 3.01614
113600 3.0247
113662 3.02991
113664 3.0271
113666 3.00993
113700 2.9513
113768 2.83857
113800 2.84301
113900 2.85679
114000 2.87015
114000 2.87015
114100 2.8831
114200 2.89567
114300 2.90786
114400 2.91968
114500 2.93114
114600 2.94226
114686 2.9516
114688 2.9489
114690 2.93093
114690 2.93093
114700 2.93204
114800 2.94313
114900 2.95389
115000 2.96432
115000 2.96432
115100 2.97444
115200 2.98425
115300 2.99377
115400 3.003
115500 3.01195
115600 3.02063
115700 3.02905
115710 3.02992
115712 3.0271
115714 3.00994
115800 2.86499
115816 2.83858
115900 2.85023
116000 2.86379
116000 2.86379
116100 2.87694
116200 2.88969
116300 2.90206
116400 2.91406
116500 2.92569
116600 2.93697
116700 2.94792
116734 2.9516
116736 2.94891
116738 2.93094
116738 2.93094
116799 2.93776
116799 2.93776
116800 2.92315
116808 2.78047
116808 2.78022
116809 2.77256
116809 2.77256
116900 2.78702
117000 2.80248
117000 2.80248
117100 2.81748
117200 2.83202
117300 2.84613
117400 2.85981
117500 2.87308
117600 2.88595
117700 2.89843
117758 2.90554
117760 2.90291
117762 2.88654
117800 2.82534
117864 2.72625
117900 2.73246
118000 2.74957
118000 2.74957
118100 2.76616
118200 2.78226
118300 2.79786
118400 2.813
118500 2.82768
118600 2.84192
118700 2.85572
118782 2.86679
118784 2.86422
118786 2.84683
118786 2.84683
118800 2.84874
118900 2.86234
119000 2.87553
119000 2.87553
119100 2.88833
119200 2.90073
119300 2.91277
119400 2.92444
119500 2.93576
119600 2.94674
119700 2.95739
119800 2.96772
119806 2.96837
119808 2.96565
119810 2.94887
119900 2.80229
119912 2.78299
120000 2.79667
120000 2.79667
120100 2.81184
120200 2.82655
120300 2.84083
120400 2.85467
120500 2.86809
120600 2.88111
120700 2.89374
120800 2.90598
120830 2.90963
120832 2.907
120834 2.88931
120834 2.88931
120900 2.8975
121000 2.90963
121000 2.90963
121100 2.9214
121200 2.93281
121300 2.94388
121400 2.95462
121500 2.96503
121600 2.97512
121700 2.98492
121800 2.99441
121854 2.99946
121856 2.99669
121858 2.97972
121900 2.90868
121960 2.81107
122000 2.81696
122000 2.81696
122100 2.83152
122200 2.84564
122300 2.85934
122400 2.87262
122500 2.8855
122600 2.898
122700 2.91012
122800 2.92187
122878 2.93084
122880 2.92817
122882 2.91034
122882 2.91034
122900 2.91246
123000 2.92414
123000 2.92414
123100 2.93547
123200 2.94646
123300 2.95711
123400 2.96745
123500 2.97747
123600 2.98719
123700 2.99662
123800 3.00577
123900 3.01464
123902 3.01485
123904 3.01206
123906 2.99499
124000 2.83836
124000 2.83836
124008 2.82497
124100 2.8381
124200 2.85202
124300 2.86553
124400 2.87862
124500 2.89133
124600 2.90364
124700 2.91559
124800 2.92718
124900 2.93842
124926 2.94133
124928 2.93865
124930 2.92075
124930 2.92075
125000 2.92876
125000 2.92876
125100 2.93995
125200 2.9508
125300 2.96133
125400 2.97154
125500 2.98144
125600 2.99104
125700 3.00035
125800 3.00939
125900 3.01815
125950 3.02246
125952 3.01966
125954 3.00254
126000 2.92393
126000 2.92393
126056 2.83185
126100 2.83805
126200 2.85198
126300 2.86548
126400 2.87858
126500 2.89128
126600 2.9036
126700 2.91555
126800 2.92714
126900 2.93838
126974 2.94652
126976 2.94383
126978 2.92589
126978 2.92589
127000 2.92838
127000 2.92838
127100 2.93958
127200 2.95045
127300 2.96098
127400 2.9712
127500 2.98111
127600 2.99073
127700 3.00005
127800 3.00909
127900 3.01786
127998 3.02623
128000 3.02342
128000 3.02342
128000 3.02342
128002 3.00628
128100 2.84231
128104 2.83525
128200 2.84865
128300 2.86226
128400 2.87545
128500 2.88825
128600 2.90066
128700 2.9127
128800 2.92437
128900 2.93569
129000 2.94668
129000 2.94668
129022 2.94909
129024 2.9464
129026 2.92844
129026 2.92844
129100 2.93674
129200 2.94769
129300 2.95831
129400 2.96861
129500 2.9786
129600 2.98829
129700 2.99768
129800 3.0068
129900 3.01563
130000 3.02421
130000 3.02421
130046 3.0281
130048 3.02529
130050 3.00813
130100 2.92258
130152 2.83694
130200 2.84363
130300 2.85739
130400 2.87073
130500 2.88367
130600 2.89622
130700 2.90839
130800 2.92019
130900 2.93164
131000 2.94275
131000 2.94275
131070 2.95036
131072 2.94767
131074 2.9297
131074 2.9297
131100 2.93262
131200 2.94369
131300 2.95443
131400 2.96485
131500 2.97495
131600 2.98475
131700 2.99425
131800 3.00347
131900 3.0124
132000 3.02107
132000 3.02107
132094 3.02902
132096 3.02621
132098 3.00905
132100 3.00562
132200 2.83844
132200 2.83777
132300 2.85165
132400 2.86516
132500 2.87827
132600 2.89098
132700 2.90331
132800 2.91527
132900 2.92686
133000 2.93811
133000 2.93811
133100 2.94902
133118 2.95099
133120 2.9483
133122 2.93033
133122 2.93033
133200 2.93903
133300 2.94991
133400 2.96046
133500 2.9707
133600 2.98062
133700 2.99025
133800 2.99959
133900 3.00864
134000 3.01742
134000 3.01742
134100 3.02594
134142 3.02947
134144 3.02666
134146 3.0095
134200 2.9172
134248 2.83818
134300 2.84542
134400 2.85912
134500 2.87241
134600 2.8853
134700 2.8978
134800 2.90992
134900 2.92168
135000 2.93308
135000 2.93308
135100 2.94414
135166 2.9513
135168 2.94861
135170 2.93064
135170 2.93064
135200 2.93399
135300 2.94502
135400 2.95572
135500 2.9661
135600 2.97617
135700 2.98593
135800 2.99539
135900 3.00458
136000 3.01348
136000 3.01348
136100 3.02212
136190 3.0297
136192 3.02689
136194 3.00973
136200 2.9993
136296 2.83839
136300 2.83889
136400 2.85279
136500 2.86627
136600 2.87935
136700 2.89203
136800 2.90432
136900 2.91625
137000 2.92782
137000 2.92782
137100 2.93904
137200 2.94992
137214 2.95146
137216 2.94876
137218 2.93079
137218 2.93079
137300 2.93992
137400 2.95077
137500 2.9613
137600 2.97151
137700 2.98141
137800 2.99101
137900 3.00033
138000 3.00936
138000 3.00936
138100 3.01812
138200 3.02662
138238 3.02981
138240 3.027
138242 3.00984
138300 2.91086
138344 2.83849
138400 2.84627
138500 2.85995
138600 2.87321
138700 2.88608
138800 2.89856
138900 2.91066
139000 2.92239
139000 2.92239
139100 2.93377
139200 2.94481
139262 2.95153
139264 2.94884
139266 2.93087
139266 2.93087
139300 2.93467
139400 2.94568
139500 2.95636
139600 2.96672
139700 2.97676
139800 2.98651
139900 2.99595
140000 3.00512
140000 3.00512
140100 3.01401
140200 3.02263
140286 3.02987
140288 3.02706
140290 3.00989
140300 2.99251
140392 2.83854
140400 2.83961
140500 2.85348
140600 2.86694
140700 2.88
140800 2.89266
140900 2.90494
141000 2.91685
141000 2.91685
141100 2.92839
141200 2.9396
141300 2.95046
141310 2.95157
141312 2.94887
141314 2.9309
141314 2.9309
141400 2.94047
141500 2.95131
141600 2.96182
141700 2.97201
141800 2.9819
141900 2.99149
142000 3.00079
142000 3.00079
142100 3.0098
142200 3.01855
142300 3.02704
142334 3.0299
142336 3.02708
142338 3.00992
142400 2.9043
142440 2.83856
142500 2.8469
142600 2.86056
142700 2.8738
142800 2.88665
142900 2.89911
143000 2.9112
143000 2.9112
143100 2.92292
143200 2.93428
143300 2.94531
143358 2.95159
143360 2.94889
143362 2.93092
143362 2.93092
143400 2.93517
143500 2.94616
143600 2.95683
143700 2.96717
143800 2.97721
143900 2.98694
144000 2.99637
144000 2.99637
144100 3.00553
144200 3.0144
144300 3.02301
144382 3.02991
144384 3.0271
144386 3.00993
144400 2.98561
144488 2.83857
144500 2.84021
144600 2.85407
144700 2.86751
144800 2.88055
144900 2.89319
145000 2.90545
145000 2.90545
145100 2.91734
145200 2.92888
145300 2.94007
145400 2.95092
145406 2.9516
145408 2.9489
145410 2.93093
145410 2.93093
145500 2.94094
145600 2.95176
145700 2.96226
145800 2.97244
145900 2.98231
146000 2.99189
146000 2.99189
146100 3.00117
146200 3.01018
146300 3.01892
146400 3.02739
146430 3.02992
146432 3.0271
146434 3.00994
146500 2.8977
146536 2.83858
146600 2.84747
146700 2.86111
146800 2.87434
146900 2.88717
147000 2.89962
147000 2.89962
147100 2.91169
147200 2.92339
147300 2.93474
147400 2.94575
147454 2.9516
147456 2.94891
147458 2.93094
147458 2.93094
147500 2.93563
147519 2.93776
147519 2.93776
147528 2.78047
147528 2.78022
147529 2.77256
147529 2.77256
147600 2.78387
147700 2.79942
147800 2.81451
147900 2.82915
148000 2.84334
148000 2.84334
148100 2.85711
148200 2.87046
148300 2.8834
148400 2.89596
148478 2.90554
148480 2.90291
148482 2.88654
148500 2.85732
148584 2.72625
148600 2.72898
148700 2.74619
148800 2.76289
148900 2.77908
149000 2.79478
149000 2.79478
149100 2.81001
149200 2.82478
149300 2.8391
149400 2.853
149500 2.86647
149502 2.86679
149504 2.86422
149506 2.84683
149506 2.84683
149600 2.85965
149700 2.87292
149800 2.8858
149900 2.89828
150000 2.91039
150000 2.91039
150100 2.92214
150200 2.93353
150300 2.94457
150400 2.95529
150500 2.96568
150526 2.96837
150528 2.96565
150530 2.94887
150600 2.83384
150632 2.78299
150700 2.79358
150800 2.80884
150900 2.82365
151000 2.83801
151000 2.83801
151100 2.85193
151200 2.86544
151300 2.87854
151400 2.89124
151500 2.90356
151550 2.90963
151552 2.907
151554 2.88931
151554 2.88931
151600 2.89503
151700 2.90724
151800 2.91908
151900 2.93056
152000 2.94169
152000 2.94169
152100 2.95249
152200 2.96297
152300 2.97313
152400 2.98298
152500 2.99254
152574 2.99946
152576 2.99669
152578 2.97972
152600 2.9422
152680 2.81107
152700 2.814
152800 2.82865
152900 2.84285
153000 2.85663
153000 2.85663
153100 2.87
153200 2.88296
153300 2.89553
153400 2.90772
153500 2.91955
153598 2.93084
153600 2.92817
153600 2.92817
153602 2.91034
153602 2.91034
153700 2.92183
153800 2.93323
153900 2.94429
154000 2.95501
154000 2.95501
154100 2.96541
154200 2.97549
154300 2.98527
154400 2.99476
154500 3.00396
154600 3.01288
154622 3.01485
154624 3.01206
154626 2.99499
154700 2.87058
154728 2.82497
154800 2.83526
154900 2.84927
155000 2.86286
155000 2.86286
155100 2.87604
155200 2.88882
155300 2.90121
155400 2.91323
155500 2.92489
155600 2.9362
155646 2.94133
155648 2.93865
155650 2.92075
155650 2.92075
155700 2.92648
155800 2.93774
155900 2.94866
156000 2.95925
156000 2.95925
156100 2.96952
156200 2.97948
156300 2.98914
156400 2.99851
156500 3.0076
156600 3.01642
156670 3.02246
156672 3.01966
156674 3.00254
156700 2.95773
156776 2.83185
156800 2.83521
156900 2.84922
157000 2.86281
157000 2.86281
157100 2.87599
157200 2.88877
157300 2.90117
157400 2.91319
157500 2.92485
157600 2.93616
157694 2.94652
157696 2.94383
157698 2.92589
157698 2.92589
157700 2.9261
157800 2.93737
157900 2.9483
158000 2.9589
158000 2.9589
158100 2.96918
158200 2.97916
158300 2.98883
158400 2.99821
158500 3.0073
158600 3.01613
158700 3.02468
158718 3.02623
158720 3.02342
158722 3.00628
158800 2.8746
158824 2.83525
158900 2.84588
159000 2.85957
159000 2.85957
159100 2.87284
159200 2.88572
159300 2.89821
159400 2.91032
159500 2.92207
159600 2.93346
159700 2.94451
159742 2.94909
159744 2.9464
159746 2.92844
159746 2.92844
159800 2.93451
159900 2.94553
160000 2.95621
160000 2.95621
160100 2.96658
160200 2.97663
160300 2.98637
160400 2.99583
160500 3.005
160600 3.01389
160700 3.02251
160766 3.0281
160768 3.02529
160770 3.00813
160800 2.95636
160872 2.83694
160900 2.84083
161000 2.85467
161000 2.85467
161100 2.86809
161200 2.88111
161300 2.89374
161400 2.90599
161500 2.91786
161600 2.92938
161700 2.94055
161790 2.95036
161792 2.94767
161794 2.9297
161794 2.9297
161800 2.93036
161900 2.9415
162000 2.95231
162000 2.95231
162100 2.96279
162200 2.97295
162300 2.98281
162400 2.99237
162500 3.00165
162600 3.01064
162700 3.01936
162800 3.02782
162814 3.02902
162816 3.02621
162818 3.00905
162900 2.87066
162920 2.83777
163000 2.84889
163000 2.84889
163100 2.86249
163200 2.87568
163300 2.88847
163400 2.90087
163500 2.9129
163600 2.92457
163700 2.93589
163800 2.94686
163838 2.95099
163840 2.9483
163842 2.93033
163842 2.93033
163900 2.93681
164000 2.94776
164000 2.94776
164100 2.95838
164200 2.96867
164300 2.97866
164400 2.98835
164500 2.99774
164600 3.00685
164700 3.01569
164800 3.02426
164862 3.02947
164864 3.02666
164866 3.0095
164900 2.95088
164968 2.83818
165000 2.84262
165000 2.84262
165100 2.85641
165200 2.86978
165300 2.88275
165400 2.89533
165500 2.90753
165600 2.91936
165700 2.93083
165800 2.94196
165886 2.9513
165888 2.94861
165890 2.93064
165890 2.93064
165900 2.93174
166000 2.94284
166000 2.94284
166100 2.95361
166200 2.96405
166300 2.97418
166400 2.984
166500 2.99352
166600 3.00276
166700 3.01172
166800 3.02041
166900 3.02884
166910 3.0297
166912 3.02689
166914 3.00973
167000 2.86479
167000 2.86479
167016 2.83839
167100 2.85005
167200 2.86361
167300 2.87676
167400 2.88952
167500 2.90189
167600 2.91389
167700 2.92553
167800 2.93682
167900 2.94777
167934 2.95146
167936 2.94876
167938 2.93079
167938 2.93079
168000 2.93771
168000 2.93771
168100 2.94863
168200 2.95922
168300 2.96949
168400 2.97945
168500 2.98912
168600 2.99849
168700 3.00758
168800 3.01639
168900 3.02494
168958 3.02981
168960 3.027
168962 3.00984
169000 2.94442
169000 2.94442
169064 2.83849
169100 2.84349
169200 2.85725
169300 2.87059
169400 2.88354
169500 2.89609
169600 2.90827
169700 2.92007
169800 2.93153
169900 2.94263
169982 2.95153
169984 2.94884
169986 2.93087
169986 2.93087
170000 2.93242
170000 2.93242
170100 2.9435
170200 2.95425
170300 2.96467
170400 2.97478
170500 2.98458
170600 2.99409
170700 3.00331
170800 3.01225
170900 3.02093
171000 3.02934
171000 3.02934
171006 3.02987
171008 3.02706
171010 3.00989
171100 2.85848
171112 2.83854
171200 2.85074
171300 2.86428
171400 2.87742
171500 2.89016
171600 2.90251
171700 2.91449
171800 2.92611
171900 2.93738
172000 2.94831
172000 2.94831
172030 2.95157
172032 2.94887
172034 2.9309
172034 2.9309
172100 2.93826
172200 2.94917
172300 2.95974
172400 2.97
172500 2.97994
172600 2.98959
172700 2.99895
172800 3.00802
172900 3.01682
173000 3.02536
173000 3.02536
173054 3.0299
173056 3.02708
173058 3.00992
173100 2.93774
173160 2.83856
173200 2.84412
173300 2.85786
173400 2.87119
173500 2.88411
173600 2.89665
173700 2.90881
173800 2.9206
173900 2.93204
174000 2.94313
174000 2.94313
174078 2.95159
174080 2.94889
174082 2.93092
174082 2.93092
174100 2.93293
174200 2.94399
174300 2.95472
174400 2.96513
174500 2.97522
174600 2.98501
174700 2.99451
174800 3.00372
174900 3.01265
175000 3.02131
175000 3.02131
175100 3.02971
175102 3.02991
175104 3.0271
175106 3.00993
175200 2.85207
175208 2.83857
175300 2.85133
175400 2.86485
175500 2.87797
175600 2.89069
175700 2.90303
175800 2.91499
175900 2.9266
176000 2.93786
176000 2.93786
176100 2.94877
176126 2.9516
176128 2.9489
176130 2.93093
176130 2.93093
176200 2.93873
176300 2.94962
176400 2.96018
176500 2.97043
176600 2.98036
176700 2.99
176800 2.99934
176900 3.0084
177000 3.01719
177000 3.01719
177100 3.02572
177150 3.02992
177152 3.0271
177154 3.00994
177200 2.93102
177256 2.83858
177300 2.84469
177400 2.85842
177500 2.87173
177600 2.88464
177700 2.89716
177800 2.9093
177900 2.92108
178000 2.9325
178000 2.9325
178100 2.94358
178174 2.9516
178176 2.94891
178178 2.93094
178178 2.93094
178200 2.93339
178239 2.93776
178239 2.93776
178248 2.78047
178248 2.78022
178249 2.77256
178249 2.77256
178300 2.7807
178400 2.79635
178500 2.81153
178600 2.82626
178700 2.84054
178800 2.85439
178900 2.86782
179000 2.88085
179000 2.88085
179100 2.89348
179198 2.90554
179200 2.90291
179200 2.90291
179202 2.88654
179300 2.73286
179304 2.72625
179400 2.74279
179500 2.75959
179600 2.77588
179700 2.79168
179800 2.807
179900 2.82186
180000 2.83627
180000 2.83627
180100 2.85025
180200 2.86381
180222 2.86679
180224 2.86422
180226 2.84683
180226 2.84683
180300 2.85695
180400 2.8703
180500 2.88325
180600 2.89582
180700 2.908
180800 2.91982
180900 2.93128
181000 2.94239
181000 2.94239
181100 2.95317
181200 2.96362
181246 2.96837
181248 2.96565
181250 2.94887
181300 2.86598
181352 2.78299
181400 2.79047
181500 2.80583
181600 2.82072
181700 2.83517
181800 2.84918
181900 2.86277
182000 2.87595
182000 2.87595
182100 2.88873
182200 2.90113
182270 2.90963
182272 2.907
182274 2.88931
182274 2.88931
182300 2.89254
182400 2.90483
182500 2.91674
182600 2.92829
182700 2.93949
182800 2.95036
182900 2.9609
183000 2.97112
183000 2.97112
183100 2.98104
183200 2.99065
183294 2.99946
183296 2.99669
183298 2.97972
183300 2.97634
183400 2.81173
183400 2.81107
183500 2.82575
183600 2.84005
183700 2.85391
183800 2.86736
183900 2.8804
184000 2.89305
184000 2.89305
184100 2.90531
184200 2.91721
184300 2.92875
184318 2.93084
184320 2.92817
184322 2.91034
184322 2.91034
184400 2.91951
184500 2.93098
184600 2.9421
184700 2.95289
184800 2.96335
184900 2.9735
185000 2.98334
185000 2.98334
185100 2.99289
185200 3.00214
185300 3.01112
185342 3.01485
185344 3.01206
185346 2.99499
185400 2.90339
185448 2.82497
185500 2.83241
185600 2.84651
185700 2.86018
185800 2.87343
185900 2.88629
186000 2.89876
186000 2.89876
186100 2.91086
186200 2.92259
186300 2.93396
186366 2.94133
186368 2.93865
186370 2.92075
186370 2.92075
186400 2.92419
186500 2.93552
186600 2.9465
186700 2.95716
186800 2.96749
186900 2.97752
187000 2.98724
187000 2.98724
187100 2.99666
187200 3.00581
187300 3.01467
187390 3.02246
187392 3.01966
187394 3.00254
187400 2.99216
187496 2.83185
187500 2.83236
187600 2.84646
187700 2.86013
187800 2.87339
187900 2.88625
188000 2.89872
188000 2.89872
188100 2.91081
188200 2.92255
188300 2.93392
188400 2.94496
188414 2.94652
188416 2.94383
188418 2.92589
188418 2.92589
188500 2.93514
188600 2.94614
188700 2.95681
188800 2.96715
188900 2.97719
189000 2.98692
189000 2.98692
189100 2.99635
189200 3.00551
189300 3.01438
189400 3.02299
189438 3.02623
189440 3.02342
189442 3.00628
189500 2.90749
189544 2.83525
189600 2.84309
189700 2.85686
189800 2.87022
189900 2.88318
190000 2.89574
190000 2.89574
190100 2.90793
190200 2.91974
190300 2.93121
190400 2.94232
190462 2.94909
190464 2.9464
190466 2.92844
190466 2.92844
190500 2.93227
190600 2.94335
190700 2.9541
190800 2.96453
190900 2.97464
191000 2.98445
191000 2.98445
191100 2.99396
191200 3.00318
191300 3.01213
191400 3.02081
191486 3.0281
191488 3.02529
191490 3.00813
191500 2.99076
191592 2.83694
191600 2.83801
191700 2.85193
191800 2.86544
191900 2.87854
192000 2.89124
192000 2.89124
192100 2.90357
192200 2.91552
192300 2.92711
192400 2.93835
192500 2.94925
192510 2.95036
192512 2.94767
192514 2.9297
192514 2.9297
192600 2.9393
192700 2.95017
192800 2.96072
192900 2.97095
193000 2.98086
193000 2.98086
193100 2.99048
193200 2.99981
193300 3.00886
193400 3.01764
193500 3.02615
193534 3.02902
193536 3.02621
193538 3.00905
193600 2.90347
193640 2.83777
193700 2.84612
193800 2.8598
193900 2.87307
194000 2.88594
194000 2.88594
194100 2.89842
194200 2.91053
194300 2.92227
194400 2.93365
194500 2.9447
194558 2.95099
194560 2.9483
194562 2.93033
194562 2.93033
194600 2.93458
194700 2.9456
194800 2.95628
194900 2.96664
195000 2.97669
195000 2.97669
195100 2.98643
195200 2.99588
195300 3.00505
195400 3.01394
195500 3.02256
195582 3.02947
195584 3.02666
195586 3.0095
195600 2.98518
195688 2.83818
195700 2.83982
195800 2.85369
195900 2.86714
196000 2.88019
196000 2.88019
196100 2.89284
196200 2.90512
196300 2.91702
196400 2.92856
196500 2.93976
196600 2.95062
196606 2.9513
196608 2.94861
196610 2.93064
196610 2.93064
196700 2.94065
196800 2.95148
196900 2.96199
197000 2.97218
197000 2.97218
197100 2.98206
197200 2.99164
197300 3.00094
197400 3.00995
197500 3.01869
197600 3.02717
197630 3.0297
197632 3.02689
197634 3.00973
197700 2.8975
197736 2.83839
197800 2.84728
197900 2.86093
198000 2.87416
198000 2.87416
198100 2.887
198200 2.89945
198300 2.91152
198400 2.92323
198500 2.93459
198600 2.9456
198654 2.95146
198656 2.94876
198658 2.93079
198658 2.93079
198700 2.93548
198800 2.94647
198900 2.95713
199000 2.96746
199000 2.96746
199100 2.97749
199200 2.98721
199300 2.99664
199400 3.00578
199500 3.01465
199600 3.02325
199678 3.02981
199680 3.027
199682 3.00984
199700 2.9786
199784 2.83849
199800 2.84068
199900 2.85453
200000 2.86796
200000 2.86796
200100 2.88098
200200 2.89361
200300 2.90586
200400 2.91774
200500 2.92926
200600 2.94044
200700 2.95128
200702 2.95153
200704 2.94884
200706 2.93087
200706 2.93087
200800 2.94131
200900 2.95212
201000 2.96261
201000 2.96261
201100 2.97278
201200 2.98264
201300 2.99221
201400 3.00149
201500 3.01049
201600 3.01921
201700 3.02768
201726 3.02987
201728 3.02706
201730 3.00989
201800 2.89107
201832 2.83854
201900 2.84798
202000 2.86161
202000 2.86161
202100 2.87482
202200 2.88764
202300 2.90007
202400 2.91213
202500 2.92382
202600 2.93516
202700 2.94615
202750 2.95157
202752 2.94887
202754 2.9309
202754 2.9309
202800 2.93604
202900 2.94701
203000 2.95765
203000 2.95765
203100 2.96797
203200 2.97798
203300 2.98769
203400 2.9971
203500 3.00623
203600 3.01509
203700 3.02367
203774 3.0299
203776 3.02708
203778 3.00992
203800 2.9718
203880 2.83856
203900 2.84132
