0 3
0 2.99996
2 2.99775
100 2.97745
200 2.95688
300 2.93654
400 2.91641
500 2.89651
600 2.87682
700 2.85735
800 2.8381
900 2.81905
1000 2.80021
1000 2.80021
1024 2.79572
1026 2.79384
1100 2.78009
1200 2.76168
1300 2.74347
1400 2.72546
1500 2.70765
1600 2.69004
1700 2.67261
1800 2.65538
1900 2.63834
2000 2.62148
2000 2.62148
2048 2.61346
2050 2.61157
2100 2.6033
2200 2.58682
2300 2.57053
2400 2.55442
2500 2.53848
2502 2.5381
2505 2.53241
2505 2.53239
2506 2.53156
2506 2.53152
2509 2.5296
2509 2.52957
2510 2.52771
2600 2.51367
2700 2.49818
2800 2.48286
2900 2.46771
3000 2.45272
3000 2.45272
3072 2.44204
3074 2.44042
3100 2.43659
3176 2.42538
3200 2.42614
3300 2.42934
3400 2.43254
3500 2.43572
3600 2.43888
3700 2.44204
3800 2.44519
3900 2.44832
4000 2.45144
4000 2.45144
4094 2.45438
4096 2.45414
4098 2.45239
4098 2.45239
4100 2.45244
4200 2.45555
4300 2.45865
4400 2.46173
4500 2.46481
4600 2.46787
4700 2.47092
4800 2.47396
4900 2.47699
5000 2.48
5000 2.48
5100 2.48301
5118 2.48356
5120 2.48332
5122 2.48167
5200 2.46985
5224 2.46617
5300 2.46848
5400 2.47153
5500 2.47457
5600 2.4776
5700 2.48061
5800 2.48362
5900 2.48661
6000 2.48959
6000 2.48959
6100 2.49256
6142 2.49382
6144 2.49357
6146 2.49179
6146 2.49179
6200 2.49338
6300 2.49634
6400 2.49929
6500 2.50222
6600 2.50515
6700 2.50806
6800 2.51096
6900 2.51386
7000 2.51674
7000 2.51674
7100 2.51961
7166 2.52151
7168 2.52126
7170 2.51958
7200 2.51491
7272 2.50366
7300 2.50447
7400 2.50738
7500 2.51029
7600 2.51319
7700 2.51607
7800 2.51894
7900 2.52181
8000 2.52466
8000 2.52466
8100 2.5275
8190 2.53006
8192 2.52981
8194 2.528
8194 2.528
8200 2.52816
8300 2.53099
8400 2.53381
8500 2.53662
8600 2.53942
8700 2.54221
8800 2.54498
8900 2.54775
9000 2.55051
9000 2.55051
9100 2.55326
9200 2.556
9214 2.55639
9216 2.55613
9218 2.55443
9300 2.54135
9320 2.53811
9400 2.54034
9500 2.54312
9600 2.5459
9700 2.54866
9800 2.55142
9900 2.55416
10000 2.5569
10000 2.5569
10100 2.55962
10200 2.56234
10238 2.56338
10240 2.56312
10242 2.56127
10242 2.56127
10300 2.56284
10400 2.56554
10500 2.56824
10600 2.57092
10700 2.57359
10800 2.57626
10900 2.57891
11000 2.58155
11000 2.58155
11100 2.58419
11200 2.58681
11262 2.58844
11264 2.58818
11266 2.58645
11300 2.5809
11368 2.56978
11400 2.57063
11500 2.5733
11600 2.57596
11700 2.57862
11800 2.58126
11900 2.5839
12000 2.58652
12000 2.58652
12100 2.58914
12200 2.59175
12286 2.59399
12288 2.59373
12290 2.59186
12290 2.59186
12300 2.59211
12400 2.59471
12500 2.59729
12600 2.59987
12700 2.60244
12800 2.605
12900 2.60754
13000 2.61008
13000 2.61008
13100 2.61261
13200 2.61513
13300 2.61764
13310 2.6179
13312 2.61764
13314 2.61589
13400 2.6016
13416 2.59888
13500 2.60103
13600 2.60359
13700 2.60615
13800 2.60869
13900 2.61122
14000 2.61375
14000 2.61375
14100 2.61627
14200 2.61877
14300 2.62127
14334 2.62213
14336 2.62186
14338 2.61997
14338 2.61997
14400 2.62151
14500 2.624
14600 2.62648
14700 2.62894
14800 2.6314
14900 2.63386
15000 2.6363
15000 2.6363
15100 2.63873
15200 2.64116
15300 2.64357
15358 2.64498
15360 2.64471
15362 2.64293
15400 2.63649
15464 2.62563
15500 2.62651
15600 2.62898
15700 2.63144
15800 2.63389
15900 2.63633
16000 2.63876
16000 2.63876
16100 2.64119
16200 2.6436
16300 2.64601
16382 2.64799
16384 2.64772
16386 2.6458
16386 2.6458
16400 2.64613
16500 2.64853
16600 2.65092
16700 2.6533
16800 2.65567
16900 2.65803
17000 2.66038
17000 2.66038
17100 2.66273
17200 2.66507
17300 2.66739
17400 2.66971
17406 2.66986
17408 2.66959
17410 2.66779
17500 2.65233
17512 2.65021
17600 2.6523
17700 2.65467
17800 2.65704
17900 2.65939
18000 2.66174
18000 2.66174
18100 2.66408
18200 2.66641
18300 2.66874
18400 2.67105
18430 2.67175
18432 2.67148
18434 2.66954
18434 2.66954
18500 2.67107
18600 2.67337
18700 2.67567
18800 2.67796
18900 2.68024
19000 2.68251
19000 2.68251
19100 2.68477
19200 2.68703
19300 2.68928
19400 2.69152
19454 2.69273
19456 2.69245
19458 2.69064
19500 2.68331
19560 2.6728
19600 2.67371
19639 2.67461
19639 2.67461
19648 2.65708
19648 2.65705
19649 2.65618
19649 2.65618
19700 2.65738
19800 2.65973
19900 2.66208
20000 2.66442
20000 2.66442
20100 2.66675
20200 2.66907
20300 2.67139
20400 2.67369
20478 2.67549
20480 2.67522
20482 2.67328
20482 2.67328
20500 2.67369
20600 2.67598
20700 2.67827
20800 2.68055
20900 2.68282
21000 2.68508
21000 2.68508
21100 2.68734
21200 2.68959
21300 2.69182
21400 2.69405
21500 2.69627
21502 2.69633
21504 2.69605
21506 2.69424
21600 2.67782
21608 2.67635
21700 2.67845
21800 2.68073
21900 2.683
22000 2.68526
22000 2.68526
22100 2.68751
22200 2.68976
22300 2.692
22400 2.69422
22500 2.69645
22526 2.69703
22528 2.69675
22530 2.6948
22530 2.6948
22600 2.69635
22700 2.69856
22800 2.70076
22900 2.70296
23000 2.70515
23000 2.70515
23100 2.70733
23200 2.7095
23300 2.71167
23400 2.71383
23500 2.71597
23550 2.71705
23552 2.71677
23554 2.71494
23600 2.70679
23656 2.69683
23700 2.69779
23800 2.7
23900 2.7022
24000 2.70439
24000 2.70439
24100 2.70658
24200 2.70875
24300 2.71092
24400 2.71308
24500 2.71523
24574 2.71683
24576 2.71654
24578 2.71457
24578 2.71457
24600 2.71504
24700 2.71719
24800 2.71932
24900 2.72145
25000 2.72357
25000 2.72357
25100 2.72569
25200 2.72779
25300 2.72989
25400 2.73198
25500 2.73406
25598 2.7361
25600 2.73582
25600 2.73582
25602 2.73397
25700 2.71643
25704 2.71565
25800 2.71769
25900 2.71983
26000 2.72196
26000 2.72196
26100 2.72407
26200 2.72619
26300 2.72829
26400 2.73039
26500 2.73247
26600 2.73456
26622 2.73502
26624 2.73473
26626 2.73275
26626 2.73275
26700 2.73428
26800 2.73636
26900 2.73842
27000 2.74048
27000 2.74048
27100 2.74253
27200 2.74458
27300 2.74661
27400 2.74864
27500 2.75066
27600 2.75268
27646 2.75361
27648 2.75332
27650 2.75146
27700 2.7424
27752 2.73294
27800 2.73393
27900 2.73601
28000 2.73807
28000 2.73807
28100 2.74013
28200 2.74219
28300 2.74423
28400 2.74627
28500 2.7483
28600 2.75032
28670 2.75174
28672 2.75145
28674 2.74945
28674 2.74945
28700 2.74997
28800 2.75199
28900 2.754
29000 2.756
29000 2.756
29100 2.758
29200 2.75998
29300 2.76196
29400 2.76393
29500 2.7659
29600 2.76786
29694 2.7697
29696 2.76941
29698 2.76754
29700 2.76718
29800 2.74891
29800 2.74883
29900 2.75085
30000 2.75286
30000 2.75286
30100 2.75487
30200 2.75686
30300 2.75886
30400 2.76084
30500 2.76282
30600 2.76479
30700 2.76675
30718 2.76711
30720 2.76682
30722 2.7648
30722 2.7648
30800 2.76633
30900 2.76829
31000 2.77024
31000 2.77024
31100 2.77218
31200 2.77411
31300 2.77604
31400 2.77796
31500 2.77988
31600 2.78178
31700 2.78368
31742 2.78449
31744 2.78419
31746 2.78231
31800 2.77234
31848 2.76344
31900 2.76446
32000 2.76642
32000 2.76642
32100 2.76838
32200 2.77033
32300 2.77227
32400 2.7742
32500 2.77613
32600 2.77805
32700 2.77996
32766 2.78123
32768 2.78094
32770 2.77891
32770 2.77891
32800 2.77948
32900 2.78139
33000 2.78329
33000 2.78329
33100 2.78519
33200 2.78707
33300 2.78895
33400 2.79083
33500 2.7927
33600 2.79455
33700 2.79641
33790 2.79808
33792 2.79778
33794 2.79589
33800 2.79478
33896 2.77687
33900 2.77694
34000 2.77885
34000 2.77885
34100 2.78076
34200 2.78267
34300 2.78456
34400 2.78645
34500 2.78834
34600 2.79021
34700 2.79208
34800 2.79394
34814 2.79421
34816 2.79392
34818 2.79188
34818 2.79188
34900 2.7934
35000 2.79526
35000 2.79526
35100 2.79711
35200 2.79896
35300 2.80079
35400 2.80262
35500 2.80445
35600 2.80626
35700 2.80807
35800 2.80988
35838 2.81057
35840 2.81027
35842 2.80837
35900 2.79749
35944 2.78921
36000 2.79025
36000 2.79025
36100 2.79212
36200 2.79398
36300 2.79583
36400 2.79768
36500 2.79952
36600 2.80136
36700 2.80319
36800 2.80501
36862 2.80614
36864 2.80584
36866 2.8038
36866 2.8038
36900 2.80441
37000 2.80623
37000 2.80623
37100 2.80804
37200 2.80984
37300 2.81164
37400 2.81343
37500 2.81522
37600 2.81699
37700 2.81876
37800 2.82053
37886 2.82205
37888 2.82175
37890 2.81984
37900 2.81795
37992 2.80055
38000 2.80068
38000 2.80068
38100 2.80252
38200 2.80434
38300 2.80616
38400 2.80797
38500 2.80977
38600 2.81157
38700 2.81336
38800 2.81514
38900 2.81692
38910 2.81711
38912 2.8168
38914 2.81475
38914 2.81475
39000 2.81628
39000 2.81628
39100 2.81805
39200 2.81982
39300 2.82158
39400 2.82333
39500 2.82508
39600 2.82682
39700 2.82856
39800 2.83028
39900 2.83201
39934 2.8326
39936 2.83229
39938 2.83038
40000 2.8186
40000 2.8186
40040 2.81097
40100 2.81204
40200 2.81383
40300 2.81561
40400 2.81738
40500 2.81915
40600 2.82092
40700 2.82267
40800 2.82442
40900 2.82617
40958 2.82718
40960 2.82688
40962 2.82482
40962 2.82482
41000 2.82548
41000 2.82548
41100 2.82722
41200 2.82895
41300 2.83068
41400 2.8324
41500 2.83411
41600 2.83582
41700 2.83752
41800 2.83922
41900 2.84091
41982 2.84229
41984 2.84199
41986 2.84006
42000 2.83739
42000 2.83739
42088 2.82055
42100 2.82075
42200 2.82251
42300 2.82426
42400 2.826
42500 2.82774
42600 2.82947
42700 2.8312
42800 2.83291
42900 2.83463
43000 2.83633
43000 2.83633
43006 2.83644
43008 2.83614
43010 2.83407
43010 2.83407
43100 2.8356
43200 2.8373
43300 2.839
43400 2.84069
43500 2.84238
43600 2.84405
43700 2.84572
43800 2.84739
43900 2.84905
44000 2.8507
44000 2.8507
44030 2.8512
44032 2.8509
44034 2.84897
44100 2.8363
44136 2.82935
44200 2.83045
44300 2.83217
44400 2.83388
44500 2.83559
44600 2.83729
44700 2.83899
44800 2.84068
44900 2.84236
45000 2.84404
45000 2.84404
45054 2.84495
45056 2.84465
45058 2.84257
45058 2.84257
45100 2.84327
45200 2.84495
45300 2.84662
45400 2.84828
45500 2.84993
45600 2.85158
45700 2.85323
45800 2.85487
45900 2.8565
46000 2.85812
46000 2.85812
46078 2.85939
46080 2.85909
46082 2.85715
46100 2.85368
46184 2.83744
46200 2.8377
46300 2.8394
46400 2.84109
46500 2.84277
46600 2.84445
46700 2.84612
46800 2.84778
46900 2.84944
47000 2.85109
47000 2.85109
47100 2.85274
47102 2.85277
47104 2.85247
47106 2.85038
47106 2.85038
47200 2.85193
47300 2.85357
47400 2.85521
47500 2.85684
47600 2.85847
47700 2.86008
47800 2.8617
47900 2.8633
48000 2.86491
48000 2.86491
48100 2.8665
48126 2.86692
48128 2.86661
48130 2.86467
48200 2.85112
48232 2.84487
48300 2.846
48400 2.84767
48500 2.84933
48600 2.85098
48700 2.85262
48800 2.85426
48900 2.8559
49000 2.85753
49000 2.85753
49100 2.85915
49150 2.85996
49152 2.85966
49154 2.85757
49154 2.85757
49200 2.85831
49300 2.85993
49400 2.86154
49500 2.86315
49600 2.86475
49700 2.86635
49800 2.86794
49900 2.86952
50000 2.8711
50000 2.8711
50100 2.87267
50174 2.87384
50176 2.87353
50178 2.87158
50200 2.8673
50280 2.85171
50300 2.85203
50359 2.853
50359 2.853
50368 2.83423
50368 2.8342
50369 2.83326
50369 2.83326
50400 2.83379
50500 2.8355
50600 2.8372
50700 2.8389
50800 2.84059
50900 2.84227
51000 2.84395
51000 2.84395
51100 2.84562
51198 2.84726
51200 2.84695
51200 2.84695
51202 2.84488
51202 2.84488
51300 2.84651
51400 2.84817
51500 2.84983
51600 2.85148
51700 2.85312
51800 2.85476
51900 2.85639
52000 2.85802
52000 2.85802
52100 2.85964
52200 2.86125
52222 2.86161
52224 2.86131
52226 2.85937
52300 2.84509
52328 2.83963
52400 2.84084
52500 2.84252
52600 2.8442
52700 2.84587
52800 2.84754
52900 2.8492
53000 2.85085
53000 2.85085
53100 2.8525
53200 2.85414
53246 2.8549
53248 2.85459
53250 2.8525
53250 2.8525
53300 2.85332
53400 2.85496
53500 2.85659
53600 2.85822
53700 2.85984
53800 2.86145
53900 2.86306
54000 2.86466
54000 2.86466
54100 2.86625
54200 2.86784
54270 2.86896
54272 2.86865
54274 2.86671
54300 2.86166
54376 2.84689
54400 2.84728
54500 2.84894
54600 2.8506
54700 2.85224
54800 2.85388
54900 2.85552
55000 2.85715
55000 2.85715
55100 2.85877
55200 2.86039
55294 2.86191
55296 2.8616
55298 2.85951
55298 2.85951
55300 2.85954
55400 2.86116
55500 2.86277
55600 2.86437
55700 2.86597
55800 2.86756
55900 2.86914
56000 2.87072
56000 2.87072
56100 2.8723
56200 2.87386
56300 2.87543
56318 2.87571
56320 2.8754
56322 2.87345
56400 2.85828
56424 2.85356
56500 2.8548
56600 2.85643
56700 2.85806
56800 2.85968
56900 2.86129
57000 2.8629
57000 2.8629
57100 2.8645
57200 2.8661
57300 2.86769
57342 2.86836
57344 2.86805
57346 2.86596
57346 2.86596
57400 2.86681
57500 2.8684
57600 2.86998
57700 2.87156
57800 2.87313
57900 2.8747
58000 2.87625
58000 2.87625
58100 2.87781
58200 2.87936
58300 2.8809
58366 2.88192
58368 2.88161
58370 2.87965
58400 2.87379
58472 2.85969
58500 2.86014
58600 2.86175
58700 2.86336
58800 2.86496
58900 2.86655
59000 2.86814
59000 2.86814
59100 2.86972
59200 2.8713
59300 2.87287
59390 2.87429
59392 2.87398
59394 2.87188
59394 2.87188
59400 2.87197
59500 2.87354
59600 2.8751
59700 2.87666
59800 2.87821
59900 2.87976
60000 2.8813
60000 2.8813
60100 2.88283
60200 2.88436
60300 2.88589
60400 2.8874
60414 2.88762
60416 2.88731
60418 2.88535
60500 2.8693
60520 2.86532
60600 2.86659
60700 2.86818
60800 2.86977
60900 2.87134
61000 2.87291
61000 2.87291
61100 2.87448
61200 2.87604
61300 2.87759
61400 2.87914
61438 2.87974
61440 2.87942
61442 2.87732
61442 2.87732
61500 2.87822
61600 2.87976
61700 2.8813
61800 2.88284
61900 2.88437
62000 2.88589
62000 2.88589
62100 2.88741
62200 2.88892
62300 2.89043
62400 2.89193
62462 2.89286
62464 2.89255
62466 2.89059
62500 2.8839
62568 2.8705
62600 2.871
62700 2.87257
62800 2.87414
62900 2.8757
63000 2.87726
63000 2.87726
63100 2.87881
63200 2.88035
63300 2.88189
63400 2.88342
63486 2.88474
63488 2.88443
63490 2.88232
63490 2.88232
63500 2.88247
63600 2.884
63700 2.88553
63800 2.88705
63900 2.88856
64000 2.89007
64000 2.89007
64100 2.89157
64200 2.89307
64300 2.89456
64400 2.89605
64500 2.89753
64510 2.89768
64512 2.89737
64514 2.8954
64600 2.87848
64616 2.87526
64700 2.87656
64800 2.87812
64900 2.87966
65000 2.8812
65000 2.8812
65100 2.88274
65200 2.88427
65300 2.88579
65400 2.88731
65500 2.88882
65534 2.88934
65536 2.88903
65538 2.88692
65538 2.88692
65600 2.88785
65700 2.88936
65800 2.89087
65900 2.89237
66000 2.89386
66000 2.89386
66100 2.89535
66200 2.89684
66300 2.89831
66400 2.89979
66500 2.90125
66558 2.90211
66560 2.90179
66562 2.89982
66600 2.89231
66664 2.87964
66700 2.88018
66800 2.88172
66900 2.88326
67000 2.88479
67000 2.88479
67100 2.88631
67200 2.88782
67300 2.88933
67400 2.89084
67500 2.89234
67582 2.89357
67584 2.89326
67586 2.89114
67586 2.89114
67600 2.89135
67700 2.89285
67800 2.89434
67900 2.89583
68000 2.89731
68000 2.89731
68100 2.89878
68200 2.90026
68300 2.90172
68400 2.90318
68500 2.90464
68600 2.90609
68606 2.90618
68608 2.90586
68610 2.90389
68700 2.8861
68712 2.88366
68800 2.88499
68900 2.88651
69000 2.88803
69000 2.88803
69100 2.88954
69200 2.89104
69300 2.89254
69400 2.89404
69500 2.89553
69600 2.89701
69630 2.89746
69632 2.89714
69634 2.89502
69634 2.89502
69700 2.896
69800 2.89748
69900 2.89896
70000 2.90043
70000 2.90043
70100 2.90189
70200 2.90335
70300 2.90481
70400 2.90626
70500 2.9077
70600 2.90914
70654 2.90992
70656 2.9096
70658 2.90763
70700 2.89929
70760 2.88735
70800 2.88795
70900 2.88946
71000 2.89096
71000 2.89096
71100 2.89246
71200 2.89396
71300 2.89545
71400 2.89693
71500 2.89841
71600 2.89988
71678 2.90103
71680 2.90072
71682 2.89859
71682 2.89859
71700 2.89885
71800 2.90033
71900 2.90179
72000 2.90325
72000 2.90325
72100 2.90471
72200 2.90615
72300 2.9076
72400 2.90904
72500 2.91047
72600 2.9119
72700 2.91332
72702 2.91336
72704 2.91304
72706 2.91106
72800 2.89241
72808 2.89074
72900 2.89212
73000 2.89361
73000 2.89361
73100 2.8951
73200 2.89659
73300 2.89807
73400 2.89954
73500 2.90101
73600 2.90247
73700 2.90393
73726 2.90431
73728 2.904
73730 2.90187
73730 2.90187
73800 2.90289
73900 2.90435
74000 2.9058
74000 2.9058
74100 2.90724
74200 2.90868
74300 2.91012
74400 2.91155
74500 2.91297
74600 2.91439
74700 2.9158
74750 2.91651
74752 2.9162
74754 2.91422
74800 2.90505
74856 2.89387
74900 2.89451
75000 2.896
75000 2.896
75100 2.89748
75200 2.89896
75300 2.90043
75400 2.90189
75500 2.90335
75600 2.90481
75700 2.90626
75774 2.90733
75776 2.90701
75778 2.90489
75778 2.90489
75800 2.9052
75900 2.90665
76000 2.90809
76000 2.90809
76100 2.90953
76200 2.91096
76300 2.91239
76400 2.91381
76500 2.91522
76600 2.91663
76700 2.91804
76798 2.91942
76800 2.9191
76800 2.9191
76802 2.91712
76900 2.89761
76904 2.89673
77000 2.89815
77000 2.89815
77100 2.89962
77200 2.90109
77300 2.90255
77400 2.90401
77500 2.90546
77600 2.90691
77700 2.90835
77800 2.90978
77822 2.9101
77824 2.90979
77826 2.90766
77826 2.90766
77900 2.90872
78000 2.91015
78000 2.91015
78100 2.91158
78200 2.91301
78300 2.91442
78400 2.91584
78500 2.91725
78600 2.91865
78700 2.92005
78800 2.92144
78846 2.92209
78848 2.92177
78850 2.91978
78900 2.90979
78952 2.89937
79000 2.90007
79000 2.90007
79100 2.90153
79200 2.903
79300 2.90445
79400 2.9059
79500 2.90735
79600 2.90879
79700 2.91022
79800 2.91165
79870 2.91265
79872 2.91233
79874 2.9102
79874 2.9102
79900 2.91057
80000 2.912
80000 2.912
80100 2.91342
80200 2.91484
80300 2.91625
80400 2.91766
80500 2.91906
80600 2.92046
80700 2.92185
80800 2.92323
80894 2.92454
80896 2.92422
80898 2.92223
80900 2.92184
81000 2.90187
81000 2.90187
81000 2.90179
81079 2.90294
81079 2.90294
81088 2.88382
81088 2.88379
81089 2.88283
81089 2.88283
81100 2.883
81200 2.88453
81300 2.88605
81400 2.88757
81500 2.88908
81600 2.89058
81700 2.89209
81800 2.89358
81900 2.89507
81918 2.89534
81920 2.89503
81922 2.89291
81922 2.89291
82000 2.89407
82000 2.89407
82100 2.89556
82200 2.89704
82300 2.89852
82400 2.89999
82500 2.90146
82600 2.90292
82700 2.90438
82800 2.90583
82900 2.90727
82942 2.90788
82944 2.90757
82946 2.90559
83000 2.89489
83000 2.89489
83048 2.88534
83100 2.88612
83200 2.88764
83300 2.88915
83400 2.89066
83500 2.89216
83600 2.89366
83700 2.89515
83800 2.89663
83900 2.89811
83966 2.89909
83968 2.89877
83970 2.89665
83970 2.89665
84000 2.89709
84000 2.89709
84100 2.89857
84200 2.90004
84300 2.90151
84400 2.90297
84500 2.90442
84600 2.90587
84700 2.90732
84800 2.90876
84900 2.91019
84990 2.91149
84992 2.91117
84994 2.90919
85000 2.908
85000 2.908
85096 2.8889
85100 2.88895
85200 2.89046
85300 2.89196
85400 2.89346
85500 2.89495
85600 2.89643
85700 2.89791
85800 2.89939
85900 2.90085
86000 2.90232
86000 2.90232
86014 2.90253
86016 2.90221
86018 2.90009
86018 2.90009
86100 2.90129
86200 2.90275
86300 2.90421
86400 2.90566
86500 2.9071
86600 2.90854
86700 2.90998
86800 2.91141
86900 2.91283
87000 2.91425
87000 2.91425
87038 2.9148
87040 2.91448
87042 2.9125
87100 2.90096
87144 2.89217
87200 2.893
87300 2.89449
87400 2.89598
87500 2.89746
87600 2.89894
87700 2.90041
87800 2.90187
87900 2.90333
88000 2.90478
88000 2.90478
88062 2.90569
88064 2.90537
88066 2.90325
88066 2.90325
88100 2.90374
88200 2.90519
88300 2.90664
88400 2.90808
88500 2.90952
88600 2.91095
88700 2.91238
88800 2.9138
88900 2.91521
89000 2.91662
89000 2.91662
89086 2.91784
89088 2.91752
89090 2.91554
89100 2.91355
89192 2.89517
89200 2.89529
89300 2.89677
89400 2.89825
89500 2.89972
89600 2.90119
89700 2.90265
89800 2.90411
89900 2.90556
90000 2.907
90000 2.907
90100 2.90845
90110 2.90859
90112 2.90828
90114 2.90615
90114 2.90615
90200 2.90739
90300 2.90883
90400 2.91026
90500 2.91169
90600 2.91311
90700 2.91453
90800 2.91595
90900 2.91735
91000 2.91876
91000 2.91876
91100 2.92015
91134 2.92063
91136 2.92032
91138 2.91833
91200 2.90596
91240 2.89794
91300 2.89881
91400 2.90028
91500 2.90175
91600 2.90321
91700 2.90466
91800 2.90611
91900 2.90756
92000 2.909
92000 2.909
92100 2.91043
92158 2.91127
92160 2.91095
92162 2.90882
92162 2.90882
92200 2.90936
92300 2.91079
92400 2.91222
92500 2.91364
92600 2.91506
92700 2.91647
92800 2.91787
92900 2.91927
93000 2.92067
93000 2.92067
93100 2.92206
93182 2.9232
93184 2.92288
93186 2.9209
93200 2.9181
93288 2.90047
93300 2.90064
93400 2.90211
93500 2.90357
93600 2.90502
93700 2.90647
93800 2.90791
93900 2.90935
94000 2.91078
94000 2.91078
94100 2.91221
94200 2.91363
94206 2.91372
94208 2.9134
94210 2.91127
94210 2.91127
94300 2.91255
94400 2.91397
94500 2.91538
94600 2.91679
94700 2.9182
94800 2.9196
94900 2.92099
95000 2.92238
95000 2.92238
95100 2.92377
95200 2.92515
95230 2.92556
95232 2.92525
95234 2.92326
95300 2.91006
95336 2.90281
95400 2.90373
95500 2.90519
95600 2.90663
95700 2.90808
95800 2.90951
95900 2.91094
96000 2.91237
96000 2.91237
96100 2.91379
96200 2.91521
96254 2.91598
96256 2.91566
96258 2.91352
96258 2.91352
96300 2.91411
96400 2.91553
96500 2.91694
96600 2.91834
96700 2.91974
96800 2.92114
96900 2.92253
97000 2.92391
97000 2.92391
97100 2.92529
97200 2.92666
97278 2.92774
97280 2.92742
97282 2.92543
97300 2.92182
97384 2.90495
97400 2.90518
97500 2.90662
97600 2.90807
97700 2.9095
97800 2.91093
97900 2.91236
98000 2.91378
98000 2.91378
98100 2.9152
98200 2.91661
98300 2.91801
98302 2.91805
98304 2.91773
98306 2.91559
98306 2.91559
98400 2.91691
98500 2.91832
98600 2.91972
98700 2.92111
98800 2.9225
98900 2.92389
99000 2.92526
99000 2.92526
99100 2.92664
99200 2.92801
99300 2.92937
99326 2.92973
99328 2.92941
99330 2.92742
99400 2.91339
99432 2.90692
99500 2.9079
99600 2.90933
99700 2.91077
99800 2.91219
99900 2.91361
100000 2.91503
100000 2.91503
100100 2.91644
100200 2.91785
100300 2.91925
100350 2.91995
100352 2.91963
100354 2.9175
100354 2.9175
100400 2.91814
100500 2.91954
100600 2.92093
100700 2.92232
100800 2.92371
100900 2.92509
101000 2.92646
101000 2.92646
101100 2.92783
101200 2.9292
101300 2.93056
101374 2.93156
101376 2.93124
101378 2.92925
101400 2.92483
101480 2.90873
101500 2.90901
101600 2.91045
101700 2.91187
101800 2.9133
101900 2.91472
102000 2.91613
102000 2.91613
102100 2.91754
102200 2.91894
102300 2.92033
102398 2.9217
102400 2.92139
102400 2.92139
102402 2.91925
102402 2.91925
102500 2.92061
102600 2.922
102700 2.92339
102800 2.92477
102900 2.92614
103000 2.92751
103000 2.92751
103100 2.92888
103200 2.93024
103300 2.9316
103400 2.93295
103422 2.93325
103424 2.93293
103426 2.93093
103500 2.91607
103528 2.9104
103600 2.91142
103700 2.91284
103800 2.91426
103900 2.91568
104000 2.91709
104000 2.91709
104100 2.91849
104200 2.91989
104300 2.92128
104400 2.92267
104446 2.92331
104448 2.92299
104450 2.92085
104450 2.92085
104500 2.92155
104600 2.92293
104700 2.92432
104800 2.92569
104900 2.92706
105000 2.92843
105000 2.92843
105100 2.92979
105200 2.93115
105300 2.9325
105400 2.93385
105470 2.9348
105472 2.93448
105474 2.93248
105500 2.92725
105576 2.91193
105600 2.91226
105700 2.91368
105800 2.9151
105900 2.91651
106000 2.91792
106000 2.91792
106100 2.91932
106200 2.92071
106300 2.9221
106400 2.92349
106494 2.92479
106496 2.92447
106498 2.92233
106498 2.92233
106500 2.92236
106600 2.92374
106700 2.92512
106800 2.92649
106900 2.92786
107000 2.92923
107000 2.92923
107100 2.93059
107200 2.93194
107300 2.93329
107400 2.93463
107500 2.93597
107518 2.93622
107520 2.9359
107522 2.9339
107600 2.91822
107624 2.91333
107700 2.9144
107800 2.91582
107900 2.91723
108000 2.91863
108000 2.91863
108100 2.92003
108200 2.92142
108300 2.92281
108400 2.92419
108500 2.92557
108542 2.92615
108544 2.92583
108546 2.92369
108546 2.92369
108600 2.92443
108700 2.92581
108800 2.92718
108900 2.92855
109000 2.92991
109000 2.92991
109100 2.93127
109200 2.93262
109300 2.93396
109400 2.93531
109500 2.93664
109566 2.93753
109568 2.93721
109570 2.93521
109600 2.92916
109672 2.91462
109700 2.91501
109800 2.91643
109900 2.91783
110000 2.91923
110000 2.91923
110100 2.92063
110200 2.92202
110300 2.92341
110400 2.92479
110500 2.92616
110590 2.9274
110592 2.92708
110594 2.92494
110594 2.92494
110600 2.92502
110700 2.92639
110800 2.92776
110900 2.92913
111000 2.93048
111000 2.93048
111100 2.93184
111200 2.93319
111300 2.93453
111400 2.93587
111500 2.93721
111600 2.93854
111614 2.93873
111616 2.93841
111618 2.93641
111700 2.9199
111720 2.91581
111799 2.91692
111799 2.91692
111800 2.91518
111808 2.8977
111808 2.89767
111809 2.89671
111809 2.89671
111900 2.89805
112000 2.89952
112000 2.89952
112100 2.90099
112200 2.90246
112300 2.90391
112400 2.90537
112500 2.90681
112600 2.90825
112638 2.90881
112640 2.90849
112642 2.90636
112642 2.90636
112700 2.90719
112800 2.90863
112900 2.91007
113000 2.9115
113000 2.9115
113100 2.91292
113200 2.91434
113300 2.91576
113400 2.91716
113500 2.91857
113600 2.91997
113662 2.92084
113664 2.92052
113666 2.91853
113700 2.91174
113768 2.89814
113800 2.8986
113900 2.90007
114000 2.90154
114000 2.90154
114100 2.903
114200 2.90446
114300 2.90591
114400 2.90735
114500 2.90879
114600 2.91022
114686 2.91146
114688 2.91114
114690 2.90901
114690 2.90901
114700 2.90915
114800 2.91058
114900 2.91201
115000 2.91343
115000 2.91343
115100 2.91485
115200 2.91626
115300 2.91767
115400 2.91907
115500 2.92047
115600 2.92186
115700 2.92325
115710 2.92339
115712 2.92307
115714 2.92108
115800 2.90392
115816 2.90066
115900 2.90188
116000 2.90334
116000 2.90334
116100 2.9048
116200 2.90624
116300 2.90769
116400 2.90913
116500 2.91056
116600 2.91199
116700 2.91341
116734 2.9139
116736 2.91358
116738 2.91145
116738 2.91145
116800 2.91233
116900 2.91375
117000 2.91516
117000 2.91516
117100 2.91658
117200 2.91798
117300 2.91938
117400 2.92078
117500 2.92217
117600 2.92355
117700 2.92493
117758 2.92574
117760 2.92542
117762 2.92343
117800 2.91582
117864 2.90298
117900 2.90349
118000 2.90495
118000 2.90495
118100 2.9064
118200 2.90784
118300 2.90928
118400 2.91071
118500 2.91214
118600 2.91356
118700 2.91498
118782 2.91614
118784 2.91582
118786 2.91369
118786 2.91369
118800 2.91388
118900 2.9153
119000 2.91671
119000 2.91671
119100 2.91811
119200 2.91951
119300 2.92091
119400 2.9223
119500 2.92368
119600 2.92506
119700 2.92644
119800 2.92781
119806 2.92789
119808 2.92757
119810 2.92558
119900 2.90758
119912 2.90511
120000 2.90637
120000 2.90637
120100 2.90782
120200 2.90926
120300 2.91069
120400 2.91211
120500 2.91354
120600 2.91495
120700 2.91637
120800 2.91777
120830 2.9182
120832 2.91788
120834 2.91574
120834 2.91574
120900 2.91667
121000 2.91808
121000 2.91808
121100 2.91948
121200 2.92087
121300 2.92226
121400 2.92365
121500 2.92503
121600 2.9264
121700 2.92777
121800 2.92913
121854 2.92987
121856 2.92955
121858 2.92756
121900 2.91913
121960 2.90706
122000 2.90763
122000 2.90763
122100 2.90907
122200 2.91051
122300 2.91193
122400 2.91336
122500 2.91477
122600 2.91619
122700 2.91759
122800 2.919
122878 2.92009
122880 2.91977
122882 2.91763
122882 2.91763
122900 2.91788
123000 2.91928
123000 2.91928
123100 2.92068
123200 2.92207
123300 2.92346
123400 2.92484
123500 2.92621
123600 2.92758
123700 2.92895
123800 2.93031
123900 2.93166
123902 2.9317
123904 2.93138
123906 2.92938
124000 2.91054
124000 2.91054
124008 2.90886
124100 2.91018
124200 2.91161
124300 2.91303
124400 2.91445
124500 2.91586
124600 2.91727
124700 2.91867
124800 2.92007
124900 2.92146
124926 2.92183
124928 2.92151
124930 2.91937
124930 2.91937
125000 2.92035
125000 2.92035
125100 2.92174
125200 2.92313
125300 2.92451
125400 2.92588
125500 2.92725
125600 2.92862
125700 2.92998
125800 2.93134
125900 2.93269
125950 2.93337
125952 2.93305
125954 2.93106
126000 2.92181
126000 2.92181
126056 2.91052
126100 2.91114
126200 2.91257
126300 2.91399
126400 2.9154
126500 2.91681
126600 2.91822
126700 2.91962
126800 2.92101
126900 2.9224
126974 2.92343
126976 2.92311
126978 2.92097
126978 2.92097
127000 2.92127
127000 2.92127
127100 2.92266
127200 2.92404
127300 2.92542
127400 2.9268
127500 2.92816
127600 2.92953
127700 2.93089
127800 2.93224
127900 2.93359
127998 2.93491
128000 2.93459
128000 2.93459
128000 2.93459
128002 2.93259
128100 2.91292
128104 2.91204
128200 2.9134
128300 2.91481
128400 2.91623
128500 2.91763
128600 2.91903
128700 2.92043
128800 2.92182
128900 2.92321
129000 2.92459
129000 2.92459
129022 2.9249
129024 2.92458
129026 2.92244
129026 2.92244
129100 2.92346
129200 2.92484
129300 2.92622
129400 2.92759
129500 2.92895
129600 2.93031
129700 2.93167
129800 2.93302
129900 2.93436
130000 2.9357
130000 2.9357
130046 2.93632
130048 2.936
130050 2.93401
130100 2.92394
130152 2.91343
130200 2.91411
130300 2.91552
130400 2.91693
130500 2.91834
130600 2.91974
130700 2.92113
130800 2.92252
130900 2.9239
131000 2.92528
131000 2.92528
131070 2.92625
131072 2.92593
131074 2.92379
131074 2.92379
131100 2.92414
131200 2.92552
131300 2.92689
131400 2.92826
131500 2.92962
131600 2.93098
131700 2.93234
131800 2.93368
131900 2.93503
132000 2.93636
132000 2.93636
132094 2.93762
132096 2.9373
132098 2.9353
132100 2.93491
132200 2.9148
132200 2.91472
132300 2.91612
132400 2.91753
132500 2.91893
132600 2.92033
132700 2.92172
132800 2.92311
132900 2.92449
133000 2.92587
133000 2.92587
133100 2.92724
133118 2.92749
133120 2.92717
133122 2.92503
133122 2.92503
133200 2.9261
133300 2.92747
133400 2.92883
133500 2.93019
133600 2.93155
133700 2.9329
133800 2.93425
133900 2.93559
134000 2.93692
134000 2.93692
134100 2.93825
134142 2.93882
134144 2.9385
134146 2.9365
134200 2.92561
134248 2.9159
134300 2.91662
134400 2.91803
134500 2.91943
134600 2.92083
134700 2.92222
134800 2.9236
134900 2.92498
135000 2.92636
135000 2.92636
135100 2.92773
135166 2.92863
135168 2.92831
135170 2.92617
135170 2.92617
135200 2.92658
135300 2.92794
135400 2.92931
135500 2.93067
135600 2.93202
135700 2.93337
135800 2.93471
135900 2.93605
136000 2.93739
136000 2.93739
136100 2.93872
136190 2.93991
136192 2.93959
136194 2.93759
136200 2.93639
136296 2.91698
136300 2.91703
136400 2.91844
136500 2.91984
136600 2.92123
136700 2.92262
136800 2.924
136900 2.92538
137000 2.92675
137000 2.92675
137100 2.92812
137200 2.92948
137214 2.92968
137216 2.92936
137218 2.92721
137218 2.92721
137300 2.92833
137400 2.92969
137500 2.93105
137600 2.9324
137700 2.93375
137800 2.93509
137900 2.93643
138000 2.93777
138000 2.93777
138100 2.93909
138200 2.94042
138238 2.94092
138240 2.9406
138242 2.9386
138300 2.9269
138344 2.91798
138400 2.91876
138500 2.92016
138600 2.92155
138700 2.92294
138800 2.92432
138900 2.92569
139000 2.92707
139000 2.92707
139100 2.92843
139200 2.9298
139262 2.93064
139264 2.93032
139266 2.92818
139266 2.92818
139300 2.92864
139400 2.93
139500 2.93136
139600 2.93271
139700 2.93405
139800 2.9354
139900 2.93673
140000 2.93806
140000 2.93806
140100 2.93939
140200 2.94071
140286 2.94185
140288 2.94153
140290 2.93953
140300 2.93751
140392 2.91889
140400 2.919
140500 2.9204
140600 2.92179
140700 2.92318
140800 2.92456
140900 2.92593
141000 2.9273
141000 2.9273
141100 2.92867
141200 2.93003
141300 2.93139
141310 2.93153
141312 2.93121
141314 2.92906
141314 2.92906
141400 2.93023
141500 2.93158
141600 2.93293
141700 2.93428
141800 2.93562
141900 2.93696
142000 2.93829
142000 2.93829
142100 2.93961
142200 2.94093
142300 2.94225
142334 2.9427
142336 2.94238
142338 2.94038
142400 2.92786
142440 2.91974
142500 2.92057
142519 2.92083
142519 2.92083
142528 2.90159
142528 2.90156
142529 2.90059
142529 2.90059
142600 2.90163
142700 2.90309
142800 2.90455
142900 2.906
143000 2.90744
143000 2.90744
143100 2.90888
143200 2.91031
143300 2.91174
143358 2.91257
143360 2.91226
143362 2.91012
143362 2.91012
143400 2.91066
143500 2.91209
143600 2.91351
143700 2.91493
143800 2.91634
143900 2.91775
144000 2.91915
144000 2.91915
144100 2.92055
144200 2.92194
144300 2.92332
144382 2.92446
144384 2.92414
144386 2.92216
144400 2.91936
144488 2.90172
144500 2.90189
144600 2.90335
144700 2.9048
144800 2.90625
144900 2.90769
145000 2.90913
145000 2.90913
145100 2.91056
145200 2.91199
145300 2.91341
145400 2.91483
145406 2.91492
145408 2.9146
145410 2.91247
145410 2.91247
145500 2.91375
145600 2.91516
145700 2.91657
145800 2.91798
145900 2.91938
146000 2.92077
146000 2.92077
146100 2.92216
146200 2.92355
146300 2.92493
146400 2.9263
146430 2.92672
146432 2.9264
146434 2.92441
146500 2.9112
146536 2.90395
146600 2.90487
146700 2.90632
146800 2.90777
146900 2.9092
147000 2.91064
147000 2.91064
147100 2.91206
147200 2.91349
147300 2.9149
147400 2.91631
147454 2.91708
147456 2.91676
147458 2.91463
147458 2.91463
147500 2.91522
147600 2.91663
147700 2.91803
147800 2.91943
147900 2.92083
148000 2.92222
148000 2.92222
148100 2.9236
148200 2.92498
148300 2.92636
148400 2.92773
148478 2.9288
148480 2.92848
148482 2.92649
148500 2.92288
148584 2.906
148600 2.90623
148700 2.90767
148800 2.90911
148900 2.91054
149000 2.91197
149000 2.91197
149100 2.91339
149200 2.91481
149300 2.91622
149400 2.91763
149500 2.91903
149502 2.91906
149504 2.91875
149506 2.91661
149506 2.91661
149600 2.91793
149700 2.91933
149800 2.92072
149900 2.92211
150000 2.9235
150000 2.9235
150100 2.92488
150200 2.92625
150300 2.92762
150400 2.92899
150500 2.93035
150526 2.93071
150528 2.93039
150530 2.9284
150600 2.91436
150632 2.90789
150700 2.90886
150800 2.91029
150900 2.91172
151000 2.91314
151000 2.91314
151100 2.91456
151200 2.91598
151300 2.91738
151400 2.91879
151500 2.92018
151550 2.92089
151552 2.92057
151554 2.91843
151554 2.91843
151600 2.91907
151700 2.92047
151800 2.92186
151900 2.92324
152000 2.92463
152000 2.92463
152100 2.926
152200 2.92737
152300 2.92874
152400 2.9301
152500 2.93146
152574 2.93246
152576 2.93214
152578 2.93015
152600 2.92573
152680 2.90962
152700 2.9099
152800 2.91133
152900 2.91276
153000 2.91417
153000 2.91417
153100 2.91559
153200 2.917
153300 2.9184
153400 2.9198
153500 2.9212
153598 2.92256
153600 2.92224
153600 2.92224
153602 2.9201
153602 2.9201
153700 2.92146
153800 2.92285
153900 2.92423
154000 2.92561
154000 2.92561
154100 2.92698
154200 2.92835
154300 2.92971
154400 2.93107
154500 2.93242
154600 2.93377
154622 2.93407
154624 2.93375
154626 2.93176
154700 2.91689
154728 2.91121
154800 2.91223
154900 2.91365
155000 2.91507
155000 2.91507
155100 2.91648
155200 2.91789
155300 2.91929
155400 2.92068
155500 2.92208
155600 2.92346
155646 2.9241
155648 2.92378
155650 2.92164
155650 2.92164
155700 2.92233
155800 2.92372
155900 2.9251
156000 2.92647
156000 2.92647
156100 2.92784
156200 2.9292
156300 2.93056
156400 2.93192
156500 2.93327
156600 2.93461
156670 2.93556
156672 2.93523
156674 2.93324
156700 2.928
156776 2.91268
156800 2.91301
156900 2.91443
157000 2.91584
157000 2.91584
157100 2.91725
157200 2.91865
157300 2.92005
157400 2.92145
157500 2.92283
157600 2.92422
157694 2.92552
157696 2.9252
157698 2.92305
157698 2.92305
157700 2.92308
157800 2.92446
157900 2.92584
158000 2.92721
158000 2.92721
158100 2.92858
158200 2.92994
158300 2.93129
158400 2.93265
158500 2.93399
158600 2.93533
158700 2.93667
158718 2.93692
158720 2.9366
158722 2.9346
158800 2.91891
158824 2.91402
158900 2.91509
159000 2.9165
159000 2.9165
159100 2.91791
159200 2.91931
159300 2.9207
159400 2.92209
159500 2.92348
159600 2.92486
159700 2.92624
159742 2.92682
159744 2.9265
159746 2.92435
159746 2.92435
159800 2.9251
159900 2.92647
160000 2.92784
160000 2.92784
160100 2.9292
160200 2.93056
160300 2.93192
160400 2.93327
160500 2.93461
160600 2.93595
160700 2.93729
160766 2.93817
160768 2.93785
160770 2.93585
160800 2.9298
160872 2.91526
160900 2.91565
161000 2.91706
161000 2.91706
161100 2.91846
161200 2.91986
161300 2.92125
161400 2.92264
161500 2.92402
161600 2.9254
161700 2.92678
161790 2.92801
161792 2.92769
161794 2.92555
161794 2.92555
161800 2.92563
161900 2.927
162000 2.92837
162000 2.92837
162100 2.92973
162200 2.93109
162300 2.93244
162400 2.93379
162500 2.93513
162600 2.93647
162700 2.9378
162800 2.93913
162814 2.93932
162816 2.939
162818 2.937
162900 2.92048
162920 2.91639
163000 2.91751
163000 2.91751
163100 2.91892
163200 2.92031
163300 2.9217
163400 2.92309
163500 2.92447
163600 2.92585
163700 2.92722
163800 2.92859
163838 2.92911
163840 2.92879
163842 2.92665
163842 2.92665
163900 2.92744
164000 2.9288
164000 2.9288
164100 2.93016
164200 2.93152
164300 2.93287
164400 2.93422
164500 2.93556
164600 2.93689
164700 2.93822
164800 2.93955
164862 2.94038
164864 2.94005
164866 2.93806
164900 2.93119
164968 2.91744
165000 2.91788
165000 2.91788
165100 2.91928
165200 2.92068
165300 2.92207
165400 2.92345
165500 2.92483
165600 2.92621
165700 2.92758
165800 2.92895
165886 2.93012
165888 2.9298
165890 2.92765
165890 2.92765
165900 2.92779
166000 2.92915
166000 2.92915
166100 2.93051
166200 2.93187
166300 2.93322
166400 2.93456
166500 2.9359
166600 2.93724
166700 2.93857
166800 2.93989
166900 2.94121
166910 2.94135
166912 2.94103
166914 2.93903
167000 2.92169
167000 2.92169
167016 2.9184
167100 2.91957
167200 2.92096
167300 2.92235
167400 2.92374
167500 2.92512
167600 2.92649
167700 2.92786
167800 2.92922
167900 2.93058
167934 2.93105
167936 2.93073
167938 2.92858
167938 2.92858
168000 2.92942
168000 2.92942
168100 2.93078
168200 2.93213
168300 2.93348
168400 2.93483
168500 2.93617
168600 2.9375
168700 2.93883
168800 2.94015
168900 2.94147
168958 2.94224
168960 2.94192
168962 2.93992
169000 2.93224
169000 2.93224
169064 2.91928
169100 2.91978
169200 2.92117
169300 2.92256
169400 2.92394
169500 2.92532
169600 2.9267
169700 2.92806
169800 2.92943
169900 2.93079
169982 2.9319
169984 2.93158
169986 2.92943
169986 2.92943
170000 2.92962
170000 2.92962
170100 2.93098
170200 2.93233
170300 2.93368
170400 2.93502
170500 2.93636
170600 2.93769
170700 2.93902
170800 2.94034
170900 2.94166
171000 2.94298
171000 2.94298
171006 2.94306
171008 2.94274
171010 2.94074
171100 2.92258
171112 2.92009
171200 2.92131
171300 2.9227
171400 2.92408
171500 2.92546
171600 2.92683
171700 2.9282
171800 2.92956
171900 2.93092
172000 2.93228
172000 2.93228
172030 2.93269
172032 2.93236
172034 2.93022
172034 2.93022
172100 2.93111
172200 2.93246
172300 2.93381
172400 2.93515
172500 2.93649
172600 2.93782
172700 2.93915
172800 2.94047
172900 2.94179
173000 2.9431
173000 2.9431
173054 2.94382
173056 2.94349
173058 2.94149
173100 2.933
173160 2.92084
173200 2.92139
173239 2.92193
173239 2.92193
173248 2.90268
173248 2.90265
173249 2.90168
173249 2.90168
173300 2.90242
173400 2.90388
173500 2.90533
173600 2.90678
173700 2.90822
173800 2.90966
173900 2.91109
174000 2.91251
174000 2.91251
174078 2.91363
174080 2.91331
174082 2.91118
174082 2.91118
174100 2.91143
174200 2.91286
174300 2.91428
174400 2.91569
174500 2.9171
174600 2.9185
174700 2.9199
174800 2.92129
174900 2.92268
175000 2.92407
175000 2.92407
175100 2.92544
175102 2.92548
175104 2.92516
175106 2.92317
175200 2.90439
175208 2.90272
175300 2.90405
175400 2.90551
175500 2.90695
175600 2.90839
175700 2.90983
175800 2.91126
175900 2.91268
176000 2.9141
176000 2.9141
176100 2.91552
176126 2.91589
176128 2.91557
176130 2.91344
176130 2.91344
176200 2.91443
176300 2.91584
176400 2.91725
176500 2.91865
176600 2.92005
176700 2.92144
176800 2.92283
176900 2.92421
177000 2.92559
177000 2.92559
177100 2.92696
177150 2.92766
177152 2.92734
177154 2.92535
177200 2.91613
177256 2.90487
177300 2.9055
177400 2.90695
177500 2.90839
177600 2.90983
177700 2.91126
177800 2.91268
177900 2.9141
178000 2.91552
178000 2.91552
178100 2.91693
178174 2.91797
178176 2.91765
178178 2.91552
178178 2.91552
178200 2.91582
178300 2.91723
178400 2.91864
178500 2.92003
178600 2.92143
178700 2.92281
178800 2.9242
178900 2.92557
179000 2.92695
179000 2.92695
179100 2.92832
179198 2.92966
179200 2.92934
179200 2.92934
179202 2.92735
179300 2.90773
179304 2.90685
179400 2.90823
179500 2.90966
179600 2.91109
179700 2.91252
179800 2.91394
179900 2.91535
180000 2.91676
180000 2.91676
180100 2.91817
180200 2.91957
180222 2.91988
180224 2.91956
180226 2.91743
180226 2.91743
180300 2.91846
180400 2.91986
180500 2.92125
180600 2.92264
180700 2.92403
180800 2.9254
180900 2.92678
181000 2.92815
181000 2.92815
181100 2.92951
181200 2.93087
181246 2.9315
181248 2.93118
181250 2.92918
181300 2.91914
181352 2.90867
181400 2.90935
181500 2.91078
181600 2.91221
181700 2.91363
181800 2.91505
181900 2.91646
182000 2.91786
182000 2.91786
182100 2.91926
182200 2.92066
182270 2.92164
182272 2.92132
182274 2.91918
182274 2.91918
182300 2.91954
182400 2.92094
182500 2.92233
182600 2.92371
182700 2.92509
182800 2.92646
182900 2.92783
183000 2.9292
183000 2.9292
183100 2.93056
183200 2.93191
183294 2.93319
183296 2.93287
183298 2.93087
183300 2.93048
183400 2.91042
183400 2.91033
183500 2.91176
183600 2.91318
183700 2.9146
183800 2.91601
183900 2.91742
184000 2.91882
184000 2.91882
184100 2.92022
184200 2.92161
184300 2.923
184318 2.92325
184320 2.92293
184322 2.92079
184322 2.92079
184400 2.92188
184500 2.92326
184600 2.92464
184700 2.92602
184800 2.92739
184900 2.92876
185000 2.93012
185000 2.93012
185100 2.93147
185200 2.93282
185300 2.93417
185342 2.93474
185344 2.93442
185346 2.93242
185400 2.92156
185448 2.91187
185500 2.9126
185600 2.91402
185700 2.91544
185800 2.91685
185900 2.91825
186000 2.91965
186000 2.91965
186100 2.92105
186200 2.92244
186300 2.92382
186366 2.92474
186368 2.92442
186370 2.92228
186370 2.92228
186400 2.92269
186500 2.92407
186600 2.92545
186700 2.92682
186800 2.92819
186900 2.92955
187000 2.93091
187000 2.93091
187100 2.93227
187200 2.93361
187300 2.93496
187390 2.93617
187392 2.93585
187394 2.93385
187400 2.93265
187496 2.91328
187500 2.91333
187600 2.91475
187700 2.91616
187800 2.91757
187900 2.91897
188000 2.92037
188000 2.92037
188100 2.92176
188200 2.92315
188300 2.92453
188400 2.9259
188414 2.9261
188416 2.92578
188418 2.92364
188418 2.92364
188500 2.92477
188600 2.92614
188700 2.92751
188800 2.92888
188900 2.93024
189000 2.93159
189000 2.93159
189100 2.93295
189200 2.93429
189300 2.93563
189400 2.93697
189438 2.93748
189440 2.93716
189442 2.93516
189500 2.92348
189544 2.91458
189600 2.91536
189700 2.91677
189800 2.91818
189900 2.91958
190000 2.92097
190000 2.92097
190100 2.92236
190200 2.92375
190300 2.92513
190400 2.9265
190462 2.92735
190464 2.92703
190466 2.92489
190466 2.92489
190500 2.92536
190600 2.92673
190700 2.9281
190800 2.92946
190900 2.93082
191000 2.93217
191000 2.93217
191100 2.93352
191200 2.93486
191300 2.9362
191400 2.93754
191486 2.93869
191488 2.93836
191490 2.93637
191500 2.93435
191592 2.91577
191600 2.91587
191700 2.91728
191800 2.91869
191900 2.92008
192000 2.92148
192000 2.92148
192100 2.92286
192200 2.92425
192300 2.92562
192400 2.927
192500 2.92836
192510 2.92851
192512 2.92819
192514 2.92604
192514 2.92604
192600 2.92722
192700 2.92858
192800 2.92995
192900 2.9313
193000 2.93265
193000 2.93265
193100 2.934
193200 2.93534
193300 2.93668
193400 2.93801
193500 2.93934
193534 2.93979
193536 2.93947
193538 2.93747
193600 2.92497
193640 2.91686
193700 2.9177
193800 2.9191
193900 2.9205
194000 2.92189
194000 2.92189
194100 2.92328
194200 2.92466
194300 2.92603
194400 2.9274
194500 2.92877
194558 2.92957
194560 2.92924
194562 2.9271
194562 2.9271
194600 2.92762
194700 2.92898
194800 2.93034
194900 2.9317
195000 2.93305
195000 2.93305
195100 2.93439
195200 2.93573
195300 2.93707
195400 2.9384
195500 2.93972
195582 2.94081
195584 2.94049
195586 2.93849
195600 2.93567
195688 2.91787
195700 2.91803
195800 2.91943
195900 2.92083
196000 2.92222
196000 2.92222
196100 2.9236
196200 2.92498
196300 2.92636
196400 2.92773
196500 2.92909
196600 2.93045
196606 2.93054
196608 2.93022
196610 2.92807
196610 2.92807
196700 2.92929
196800 2.93065
196900 2.93201
197000 2.93336
197000 2.93336
197100 2.9347
197200 2.93604
197300 2.93737
197400 2.9387
197500 2.94003
197600 2.94135
197630 2.94175
197632 2.94143
197634 2.93943
197700 2.92611
197736 2.91879
197800 2.91968
197900 2.92108
198000 2.92247
198000 2.92247
198100 2.92385
198200 2.92523
198300 2.9266
198400 2.92797
198500 2.92934
198600 2.93069
198654 2.93143
198656 2.93111
198658 2.92896
198658 2.92896
198700 2.92953
198800 2.93089
198900 2.93224
199000 2.93359
199000 2.93359
199100 2.93494
199200 2.93627
199300 2.93761
199400 2.93894
199500 2.94026
199600 2.94158
199678 2.94261
199680 2.94229
199682 2.94029
199700 2.93665
199784 2.91964
199800 2.91986
199900 2.92125
200000 2.92264
200000 2.92264
200100 2.92403
200200 2.92541
200300 2.92678
200400 2.92815
200500 2.92951
200600 2.93087
200700 2.93222
200702 2.93225
200704 2.93193
200706 2.92978
200706 2.92978
200800 2.93106
200900 2.93241
201000 2.93376
201000 2.93376
201100 2.9351
201200 2.93644
201300 2.93777
201400 2.9391
201500 2.94042
201600 2.94174
201700 2.94305
201726 2.9434
201728 2.94308
201730 2.94108
201800 2.92694
201832 2.92042
201900 2.92137
202000 2.92275
202000 2.92275
202100 2.92414
202200 2.92551
202300 2.92689
202400 2.92826
202500 2.92962
202600 2.93098
202700 2.93233
202750 2.93301
202752 2.93269
202754 2.93054
202754 2.93054
202800 2.93116
202900 2.93251
203000 2.93386
203000 2.93386
203100 2.9352
203200 2.93654
203300 2.93787
203400 2.9392
203500 2.94052
203600 2.94184
203700 2.94315
203774 2.94413
203776 2.9438
203778 2.9418
203800 2.93735
203880 2.92114
203900 2.92141
203959 2.92224
203959 2.92224
203968 2.90298
203968 2.90295
203969 2.90199
203969 2.90199
