0 3
0 2.99988
2 2.99431
100 2.94113
200 2.88761
300 2.83507
400 2.78348
500 2.73284
600 2.68311
700 2.63429
800 2.58635
900 2.53929
1000 2.49309
1000 2.49309
1024 2.48212
1026 2.47785
1100 2.44442
1200 2.39994
1300 2.35627
1400 2.3134
1500 2.2713
1600 2.22998
1700 2.1894
1800 2.14956
1900 2.11045
2000 2.07205
2000 2.07205
2048 2.05386
2050 2.05005
2100 2.03139
2200 1.99442
2300 1.95813
2400 1.9225
2500 1.88752
2502 1.88668
2505 1.87597
2505 1.87591
2506 1.87433
2506 1.87424
2509 1.87057
2509 1.87052
2510 1.86701
2600 1.83653
2700 1.80311
2800 1.7703
2800 1.7703
2900 1.7703
3000 1.7703
3000 1.7703
3100 1.7703
3200 1.7703
3300 1.7703
3400 1.7703
3500 1.7703
3600 1.7703
3700 1.7703
3800 1.7703
3900 1.7703
4000 1.7703
4000 1.7703
4100 1.7703
4200 1.7703
4300 1.7703
4400 1.7703
4500 1.7703
4600 1.7703
4700 1.7703
4800 1.7703
4900 1.7703
5000 1.7703
5000 1.7703
5100 1.7703
5200 1.7703
5300 1.7703
5400 1.7703
5500 1.7703
5600 1.7703
5700 1.7703
5800 1.7703
5900 1.7703
6000 1.7703
6000 1.7703
6100 1.7703
6200 1.7703
6300 1.7703
6400 1.7703
6500 1.7703
6600 1.7703
6700 1.7703
6800 1.7703
6900 1.7703
7000 1.7703
7000 1.7703
7100 1.7703
7200 1.7703
7300 1.7703
7400 1.7703
7500 1.7703
7600 1.7703
7700 1.7703
7800 1.7703
7900 1.7703
8000 1.7703
8000 1.7703
8100 1.7703
8200 1.7703
8300 1.7703
8400 1.7703
8500 1.7703
8600 1.7703
8700 1.77029
8800 1.77029
8900 1.77029
9000 1.77029
9000 1.77029
9100 1.77029
9200 1.77029
9300 1.77029
9400 1.77029
9500 1.77029
9600 1.77029
9700 1.77029
9800 1.77029
9900 1.77029
10000 1.77029
10000 1.77029
10100 1.77029
10200 1.77029
10300 1.77029
10400 1.77029
10500 1.77029
10600 1.77029
10700 1.77029
10800 1.77029
10900 1.77029
11000 1.77029
11000 1.77029
11100 1.77029
11200 1.77029
11300 1.77029
11400 1.77029
11500 1.77029
11600 1.77029
11700 1.77029
11800 1.77029
11900 1.77029
12000 1.77029
12000 1.77029
12100 1.77029
12200 1.77029
12300 1.77029
12400 1.77029
12500 1.77029
12600 1.77029
12700 1.77029
12800 1.77029
12900 1.77029
13000 1.77029
13000 1.77029
13100 1.77029
13200 1.77029
13300 1.77029
13400 1.77029
13500 1.77029
13600 1.77029
13700 1.77029
13800 1.77029
13900 1.77029
14000 1.77029
14000 1.77029
14100 1.77029
14200 1.77029
14300 1.77029
14400 1.77029
14500 1.77029
14600 1.77029
14700 1.77029
14800 1.77029
14900 1.77028
15000 1.77028
15000 1.77028
15100 1.77028
15200 1.77028
15300 1.77028
15400 1.77028
15500 1.77028
15600 1.77028
15700 1.77028
15800 1.77028
15900 1.77028
16000 1.77028
16000 1.77028
16100 1.77028
16200 1.77028
16300 1.77028
16400 1.77028
16500 1.77028
16600 1.77028
16700 1.77028
16800 1.77028
16900 1.77028
17000 1.77028
17000 1.77028
17100 1.77028
17200 1.77028
17300 1.77028
17400 1.77028
17500 1.77028
17600 1.77028
17700 1.77028
17800 1.77028
17900 1.77028
18000 1.77028
18000 1.77028
18100 1.77028
18200 1.77028
18300 1.77028
18400 1.77028
18500 1.77028
18600 1.77028
18700 1.77028
18800 1.77028
18900 1.77028
19000 1.77028
19000 1.77028
19100 1.77028
19200 1.77028
19300 1.77028
19400 1.77028
19500 1.77028
19600 1.77028
19700 1.77028
19800 1.77028
19900 1.77028
20000 1.77028
20000 1.77028
20100 1.77028
20200 1.77028
20300 1.77028
20400 1.77028
20500 1.77028
20600 1.77028
20700 1.77028
20800 1.77028
20900 1.77028
21000 1.77028
21000 1.77028
21100 1.77027
21200 1.77027
21300 1.77027
21400 1.77027
21500 1.77027
21600 1.77027
21700 1.77027
21800 1.77027
21900 1.77027
22000 1.77027
22000 1.77027
22100 1.77027
22200 1.77027
22300 1.77027
22400 1.77027
22500 1.77027
22600 1.77027
22700 1.77027
22800 1.77027
22900 1.77027
23000 1.77027
23000 1.77027
23100 1.77027
23200 1.77027
23300 1.77027
23400 1.77027
23500 1.77027
23600 1.77027
23700 1.77027
23800 1.77027
23900 1.77027
24000 1.77027
24000 1.77027
24100 1.77027
24200 1.77027
24300 1.77027
24400 1.77027
24500 1.77027
24600 1.77027
24700 1.77027
24800 1.77027
24900 1.77027
25000 1.77027
25000 1.77027
25100 1.77027
25200 1.77027
25300 1.77027
25400 1.77027
25500 1.77027
25600 1.77027
25700 1.77027
25800 1.77027
25900 1.77027
26000 1.77027
26000 1.77027
26100 1.77027
26200 1.77027
26300 1.77027
26400 1.77027
26500 1.77027
26600 1.77027
26700 1.77027
26800 1.77027
26900 1.77027
27000 1.77027
27000 1.77027
27100 1.77027
27200 1.77027
27300 1.77026
27400 1.77026
27500 1.77026
27600 1.77026
27700 1.77026
27800 1.77026
27900 1.77026
28000 1.77026
28000 1.77026
28100 1.77026
28200 1.77026
28300 1.77026
28400 1.77026
28500 1.77026
28600 1.77026
28700 1.77026
28800 1.77026
28900 1.77026
29000 1.77026
29000 1.77026
29100 1.77026
29200 1.77026
29300 1.77026
29400 1.77026
29500 1.77026
29600 1.77026
29700 1.77026
29800 1.77026
29900 1.77026
30000 1.77026
30000 1.77026
30100 1.77026
30200 1.77026
30300 1.77026
30400 1.77026
30500 1.77026
30600 1.77026
30700 1.77026
30800 1.77026
30900 1.77026
31000 1.77026
31000 1.77026
31100 1.77026
31200 1.77026
31300 1.77026
31400 1.77026
31500 1.77026
31600 1.77026
31700 1.77026
31800 1.77026
31900 1.77026
32000 1.77026
32000 1.77026
32100 1.77026
32200 1.77026
32300 1.77026
32400 1.77026
32500 1.77026
32600 1.77026
32700 1.77026
32800 1.77026
32900 1.77026
33000 1.77026
33000 1.77026
33100 1.77026
33200 1.77026
33300 1.77026
33400 1.77026
33500 1.77025
33600 1.77025
33700 1.77025
33800 1.77025
33900 1.77025
34000 1.77025
34000 1.77025
34100 1.77025
34200 1.77025
34300 1.77025
34400 1.77025
34500 1.77025
34600 1.77025
34700 1.77025
34800 1.77025
34900 1.77025
35000 1.77025
35000 1.77025
35100 1.77025
35200 1.77025
35300 1.77025
35400 1.77025
35500 1.77025
35600 1.77025
35700 1.77025
35800 1.77025
35900 1.77025
36000 1.77025
36000 1.77025
36100 1.77025
36200 1.77025
36300 1.77025
36400 1.77025
36500 1.77025
36600 1.77025
36700 1.77025
36800 1.77025
36900 1.77025
37000 1.77025
37000 1.77025
37100 1.77025
37200 1.77025
37300 1.77025
37400 1.77025
37500 1.77025
37600 1.77025
37700 1.77025
37800 1.77025
37900 1.77025
38000 1.77025
38000 1.77025
38100 1.77025
38200 1.77025
38300 1.77025
38400 1.77025
38500 1.77025
38600 1.77025
38700 1.77025
38800 1.77025
38900 1.77025
39000 1.77025
39000 1.77025
39100 1.77025
39200 1.77025
39300 1.77025
39400 1.77025
39500 1.77025
39600 1.77025
39700 1.77025
39800 1.77024
39900 1.77024
40000 1.77024
40000 1.77024
40100 1.77024
40200 1.77024
40300 1.77024
40400 1.77024
40500 1.77024
40600 1.77024
40700 1.77024
40800 1.77024
40900 1.77024
41000 1.77024
41000 1.77024
41100 1.77024
41200 1.77024
41300 1.77024
41400 1.77024
41500 1.77024
41600 1.77024
41700 1.77024
41800 1.77024
41900 1.77024
42000 1.77024
42000 1.77024
42100 1.77024
42200 1.77024
42300 1.77024
42400 1.77024
42500 1.77024
42600 1.77024
42700 1.77024
42800 1.77024
42900 1.77024
43000 1.77024
43000 1.77024
43100 1.77024
43200 1.77024
43300 1.77024
43400 1.77024
43500 1.77024
43600 1.77024
43700 1.77024
43800 1.77024
43900 1.77024
44000 1.77024
44000 1.77024
44100 1.77024
44200 1.77024
44300 1.77024
44400 1.77024
44500 1.77024
44600 1.77024
44700 1.77024
44800 1.77024
44900 1.77024
45000 1.77024
45000 1.77024
45100 1.77024
45200 1.77024
45300 1.77024
45400 1.77024
45500 1.77024
45600 1.77024
45700 1.77024
45800 1.77024
45900 1.77024
46000 1.77023
46000 1.77023
46100 1.77023
46200 1.77023
46300 1.77023
46400 1.77023
46500 1.77023
46600 1.77023
46700 1.77023
46800 1.77023
46900 1.77023
47000 1.77023
47000 1.77023
47100 1.77023
47200 1.77023
47300 1.77023
47400 1.77023
47500 1.77023
47600 1.77023
47700 1.77023
47800 1.77023
47900 1.77023
48000 1.77023
48000 1.77023
48100 1.77023
48200 1.77023
48300 1.77023
48400 1.77023
48500 1.77023
48600 1.77023
48700 1.77023
48800 1.77023
48900 1.77023
49000 1.77023
49000 1.77023
49100 1.77023
49200 1.77023
49300 1.77023
49400 1.77023
49500 1.77023
49600 1.77023
49700 1.77023
49800 1.77023
49900 1.77023
50000 1.77023
50000 1.77023
50100 1.77023
50200 1.77023
50300 1.77023
50400 1.77023
50500 1.77023
50600 1.77023
50700 1.77023
50800 1.77023
50900 1.77023
51000 1.77023
51000 1.77023
51100 1.77023
51200 1.77023
51300 1.77023
51400 1.77023
51500 1.77023
51600 1.77023
51700 1.77023
51800 1.77023
51900 1.77023
52000 1.77023
52000 1.77023
52100 1.77023
52200 1.77022
52300 1.77022
52400 1.77022
52500 1.77022
52600 1.77022
52700 1.77022
52800 1.77022
52900 1.77022
53000 1.77022
53000 1.77022
53100 1.77022
53200 1.77022
53300 1.77022
53400 1.77022
53500 1.77022
53600 1.77022
53700 1.77022
53800 1.77022
53900 1.77022
54000 1.77022
54000 1.77022
54100 1.77022
54200 1.77022
54300 1.77022
54400 1.77022
54500 1.77022
54600 1.77022
54700 1.77022
54800 1.77022
54900 1.77022
55000 1.77022
55000 1.77022
55100 1.77022
55200 1.77022
55300 1.77022
55400 1.77022
55500 1.77022
55600 1.77022
55700 1.77022
55800 1.77022
55900 1.77022
56000 1.77022
56000 1.77022
56100 1.77022
56200 1.77022
56300 1.77022
56400 1.77022
56500 1.77022
56600 1.77022
56700 1.77022
56800 1.77022
56900 1.77022
57000 1.77022
57000 1.77022
57100 1.77022
57200 1.77022
57300 1.77022
57400 1.77022
57500 1.77022
57600 1.77022
57700 1.77022
57800 1.77022
57900 1.77022
58000 1.77022
58000 1.77022
58100 1.77022
58200 1.77022
58300 1.77022
58400 1.77021
58500 1.77021
58600 1.77021
58700 1.77021
58800 1.77021
58900 1.77021
59000 1.77021
59000 1.77021
59100 1.77021
59200 1.77021
59300 1.77021
59400 1.77021
59500 1.77021
59600 1.77021
59700 1.77021
59800 1.77021
59900 1.77021
60000 1.77021
60000 1.77021
60100 1.77021
60200 1.77021
60300 1.77021
60400 1.77021
60500 1.77021
60600 1.77021
60700 1.77021
60800 1.77021
60900 1.77021
61000 1.77021
61000 1.77021
61100 1.77021
61200 1.77021
61300 1.77021
61400 1.77021
61500 1.77021
61600 1.77021
61700 1.77021
61800 1.77021
61900 1.77021
62000 1.77021
62000 1.77021
62100 1.77021
62200 1.77021
62300 1.77021
62400 1.77021
62500 1.77021
62600 1.77021
62700 1.77021
62800 1.77021
62900 1.77021
63000 1.77021
63000 1.77021
63100 1.77021
63200 1.77021
63300 1.77021
63400 1.77021
63500 1.77021
63600 1.77021
63700 1.77021
63800 1.77021
63900 1.77021
64000 1.77021
64000 1.77021
64100 1.77021
64200 1.77021
64300 1.77021
64400 1.77021
64500 1.77021
64600 1.7702
64700 1.7702
64800 1.7702
64900 1.7702
65000 1.7702
65000 1.7702
65100 1.7702
65200 1.7702
65300 1.7702
65400 1.7702
65500 1.7702
65600 1.7702
65700 1.7702
65800 1.7702
65900 1.7702
66000 1.7702
66000 1.7702
66100 1.7702
66200 1.7702
66300 1.7702
66400 1.7702
66500 1.7702
66600 1.7702
66700 1.7702
66800 1.7702
66900 1.7702
67000 1.7702
67000 1.7702
67100 1.7702
67200 1.7702
67300 1.7702
67400 1.7702
67500 1.7702
67600 1.7702
67700 1.7702
67800 1.7702
67900 1.7702
68000 1.7702
68000 1.7702
68100 1.7702
68200 1.7702
68300 1.7702
68400 1.7702
68500 1.7702
68600 1.7702
68700 1.7702
68800 1.7702
68900 1.7702
69000 1.7702
69000 1.7702
69100 1.7702
69200 1.7702
69300 1.7702
69400 1.7702
69500 1.7702
69600 1.7702
69700 1.7702
69800 1.7702
69900 1.7702
70000 1.7702
70000 1.7702
70100 1.7702
70200 1.7702
70300 1.7702
70400 1.7702
70500 1.7702
70600 1.7702
70700 1.7702
70800 1.77019
70900 1.77019
71000 1.77019
71000 1.77019
71100 1.77019
71200 1.77019
71300 1.77019
71400 1.77019
71500 1.77019
71600 1.77019
71700 1.77019
71800 1.77019
71900 1.77019
72000 1.77019
72000 1.77019
72100 1.77019
72200 1.77019
72300 1.77019
72400 1.77019
72500 1.77019
72600 1.77019
72700 1.77019
72800 1.77019
72900 1.77019
73000 1.77019
73000 1.77019
73100 1.77019
73200 1.77019
73300 1.77019
73400 1.77019
73500 1.77019
73600 1.77019
73700 1.77019
73800 1.77019
73900 1.77019
74000 1.77019
74000 1.77019
74100 1.77019
74200 1.77019
74300 1.77019
74400 1.77019
74500 1.77019
74600 1.77019
74700 1.77019
74800 1.77019
74900 1.77019
75000 1.77019
75000 1.77019
75100 1.77019
75200 1.77019
75300 1.77019
75400 1.77019
75500 1.77019
75600 1.77019
75700 1.77019
75800 1.77019
75900 1.77019
76000 1.77019
76000 1.77019
76100 1.77019
76200 1.77019
76300 1.77019
76400 1.77019
76500 1.77019
76600 1.77019
76700 1.77019
76800 1.77019
76900 1.77019
77000 1.77018
77000 1.77018
77100 1.77018
77200 1.77018
77300 1.77018
77400 1.77018
77500 1.77018
77600 1.77018
77700 1.77018
77800 1.77018
77900 1.77018
78000 1.77018
78000 1.77018
78100 1.77018
78200 1.77018
78300 1.77018
78400 1.77018
78500 1.77018
78600 1.77018
78700 1.77018
78800 1.77018
78900 1.77018
79000 1.77018
79000 1.77018
79100 1.77018
79200 1.77018
79300 1.77018
79400 1.77018
79500 1.77018
79600 1.77018
79700 1.77018
79800 1.77018
79900 1.77018
80000 1.77018
80000 1.77018
80100 1.77018
80200 1.77018
80300 1.77018
80400 1.77018
80500 1.77018
80600 1.77018
80700 1.77018
80800 1.77018
80900 1.77018
81000 1.77018
81000 1.77018
81100 1.77018
81200 1.77018
81300 1.77018
81400 1.77018
81500 1.77018
81600 1.77018
81700 1.77018
81800 1.77018
81900 1.77018
82000 1.77018
82000 1.77018
82100 1.77018
82200 1.77018
82300 1.77018
82400 1.77018
82500 1.77018
82600 1.77018
82700 1.77018
82800 1.77018
82900 1.77018
83000 1.77018
83000 1.77018
83100 1.77018
83200 1.77017
83300 1.77017
83400 1.77017
83500 1.77017
83600 1.77017
83700 1.77017
83800 1.77017
83900 1.77017
84000 1.77017
84000 1.77017
84100 1.77017
84200 1.77017
84300 1.77017
84400 1.77017
84500 1.77017
84600 1.77017
84700 1.77017
84800 1.77017
84900 1.77017
85000 1.77017
85000 1.77017
85100 1.77017
85200 1.77017
85300 1.77017
85400 1.77017
85500 1.77017
85600 1.77017
85700 1.77017
85800 1.77017
85900 1.77017
86000 1.77017
86000 1.77017
86100 1.77017
86200 1.77017
86300 1.77017
86400 1.77017
86500 1.77017
86600 1.77017
86700 1.77017
86800 1.77017
86900 1.77017
87000 1.77017
87000 1.77017
87100 1.77017
87200 1.77017
87300 1.77017
87400 1.77017
87500 1.77017
87600 1.77017
87700 1.77017
87800 1.77017
87900 1.77017
88000 1.77017
88000 1.77017
88100 1.77017
88200 1.77017
88300 1.77017
88400 1.77017
88500 1.77017
88600 1.77017
88700 1.77017
88800 1.77017
88900 1.77017
89000 1.77017
89000 1.77017
89100 1.77017
89200 1.77017
89300 1.77017
89400 1.77017
89500 1.77016
89600 1.77016
89700 1.77016
89800 1.77016
89900 1.77016
90000 1.77016
90000 1.77016
90100 1.77016
90200 1.77016
90300 1.77016
90400 1.77016
90500 1.77016
90600 1.77016
90700 1.77016
90800 1.77016
90900 1.77016
91000 1.77016
91000 1.77016
91100 1.77016
91200 1.77016
91300 1.77016
91400 1.77016
91500 1.77016
91600 1.77016
91700 1.77016
91800 1.77016
91900 1.77016
92000 1.77016
92000 1.77016
92100 1.77016
92200 1.77016
92300 1.77016
92400 1.77016
92500 1.77016
92600 1.77016
92700 1.77016
92800 1.77016
92900 1.77016
93000 1.77016
93000 1.77016
93100 1.77016
93200 1.77016
93300 1.77016
93400 1.77016
93500 1.77016
93600 1.77016
93700 1.77016
93800 1.77016
93900 1.77016
94000 1.77016
94000 1.77016
94100 1.77016
94200 1.77016
94300 1.77016
94400 1.77016
94500 1.77016
94600 1.77016
94700 1.77016
94800 1.77016
94900 1.77016
95000 1.77016
95000 1.77016
95100 1.77016
95200 1.77016
95300 1.77016
95400 1.77016
95500 1.77016
95600 1.77016
95700 1.77015
95800 1.77015
95900 1.77015
96000 1.77015
96000 1.77015
96100 1.77015
96200 1.77015
96300 1.77015
96400 1.77015
96500 1.77015
96600 1.77015
96700 1.77015
96800 1.77015
96900 1.77015
97000 1.77015
97000 1.77015
97100 1.77015
97200 1.77015
97300 1.77015
97400 1.77015
97500 1.77015
97600 1.77015
97700 1.77015
97800 1.77015
97900 1.77015
98000 1.77015
98000 1.77015
98100 1.77015
98200 1.77015
98300 1.77015
98400 1.77015
98500 1.77015
98600 1.77015
98700 1.77015
98800 1.77015
98900 1.77015
99000 1.77015
99000 1.77015
99100 1.77015
99200 1.77015
99300 1.77015
99400 1.77015
99500 1.77015
99600 1.77015
99700 1.77015
99800 1.77015
99900 1.77015
100000 1.77015
100000 1.77015
100100 1.77015
100200 1.77015
100300 1.77015
100400 1.77015
100500 1.77015
100600 1.77015
100700 1.77015
100800 1.77015
100900 1.77015
101000 1.77015
101000 1.77015
101100 1.77015
101200 1.77015
101300 1.77015
101400 1.77015
101500 1.77015
101600 1.77015
101700 1.77015
101800 1.77015
101900 1.77014
102000 1.77014
102000 1.77014
102100 1.77014
102200 1.77014
102300 1.77014
102400 1.77014
102500 1.77014
102600 1.77014
102700 1.77014
102800 1.77014
102900 1.77014
103000 1.77014
103000 1.77014
103100 1.77014
103200 1.77014
103300 1.77014
103400 1.77014
103500 1.77014
103600 1.77014
103700 1.77014
103800 1.77014
103900 1.77014
104000 1.77014
104000 1.77014
104100 1.77014
104200 1.77014
104300 1.77014
104400 1.77014
104500 1.77014
104600 1.77014
104700 1.77014
104800 1.77014
104900 1.77014
105000 1.77014
105000 1.77014
105100 1.77014
105200 1.77014
105300 1.77014
105400 1.77014
105500 1.77014
105600 1.77014
105700 1.77014
105800 1.77014
105900 1.77014
106000 1.77014
106000 1.77014
106100 1.77014
106200 1.77014
106300 1.77014
106400 1.77014
106500 1.77014
106600 1.77014
106700 1.77014
106800 1.77014
106900 1.77014
107000 1.77014
107000 1.77014
107100 1.77014
107200 1.77014
107300 1.77014
107400 1.77014
107500 1.77014
107600 1.77014
107700 1.77014
107800 1.77014
107900 1.77014
108000 1.77014
108000 1.77014
108100 1.77013
108200 1.77013
108300 1.77013
108400 1.77013
108500 1.77013
108600 1.77013
108700 1.77013
108800 1.77013
108900 1.77013
109000 1.77013
109000 1.77013
109100 1.77013
109200 1.77013
109300 1.77013
109400 1.77013
109500 1.77013
109600 1.77013
109700 1.77013
109800 1.77013
109900 1.77013
110000 1.77013
110000 1.77013
110100 1.77013
110200 1.77013
110300 1.77013
110400 1.77013
110500 1.77013
110600 1.77013
110700 1.77013
110800 1.77013
110900 1.77013
111000 1.77013
111000 1.77013
111100 1.77013
111200 1.77013
111300 1.77013
111400 1.77013
111500 1.77013
111600 1.77013
111700 1.77013
111800 1.77013
111900 1.77013
112000 1.77013
112000 1.77013
112100 1.77013
112200 1.77013
112300 1.77013
112400 1.77013
112500 1.77013
112600 1.77013
112700 1.77013
112800 1.77013
112900 1.77013
113000 1.77013
113000 1.77013
113100 1.77013
113200 1.77013
113300 1.77013
113400 1.77013
113500 1.77013
113600 1.77013
113700 1.77013
113800 1.77013
113900 1.77013
114000 1.77013
114000 1.77013
114100 1.77013
114200 1.77013
114300 1.77012
114400 1.77012
114500 1.77012
114600 1.77012
114700 1.77012
114800 1.77012
114900 1.77012
115000 1.77012
115000 1.77012
115100 1.77012
115200 1.77012
115300 1.77012
115400 1.77012
115500 1.77012
115600 1.77012
115700 1.77012
115800 1.77012
115900 1.77012
116000 1.77012
116000 1.77012
116100 1.77012
116200 1.77012
116300 1.77012
116400 1.77012
116500 1.77012
116600 1.77012
116700 1.77012
116800 1.77012
116900 1.77012
117000 1.77012
117000 1.77012
117100 1.77012
117200 1.77012
117300 1.77012
117400 1.77012
117500 1.77012
117600 1.77012
117700 1.77012
117800 1.77012
117900 1.77012
118000 1.77012
118000 1.77012
118100 1.77012
118200 1.77012
118300 1.77012
118400 1.77012
118500 1.77012
118600 1.77012
118700 1.77012
118800 1.77012
118900 1.77012
119000 1.77012
119000 1.77012
119100 1.77012
119200 1.77012
119300 1.77012
119400 1.77012
119500 1.77012
119600 1.77012
119700 1.77012
119800 1.77012
119900 1.77012
120000 1.77012
120000 1.77012
120100 1.77012
120200 1.77012
120300 1.77012
120400 1.77012
120500 1.77011
120600 1.77011
120700 1.77011
120800 1.77011
120900 1.77011
121000 1.77011
121000 1.77011
121100 1.77011
121200 1.77011
121300 1.77011
121400 1.77011
121500 1.77011
121600 1.77011
121700 1.77011
121800 1.77011
121900 1.77011
122000 1.77011
122000 1.77011
122100 1.77011
122200 1.77011
122300 1.77011
122400 1.77011
122500 1.77011
122600 1.77011
122700 1.77011
122800 1.77011
122900 1.77011
123000 1.77011
123000 1.77011
123100 1.77011
123200 1.77011
123300 1.77011
123400 1.77011
123500 1.77011
123600 1.77011
123700 1.77011
123800 1.77011
123900 1.77011
124000 1.77011
124000 1.77011
124100 1.77011
124200 1.77011
124300 1.77011
124400 1.77011
124500 1.77011
124600 1.77011
124700 1.77011
124800 1.77011
124900 1.77011
125000 1.77011
125000 1.77011
125100 1.77011
125200 1.77011
125300 1.77011
125400 1.77011
125500 1.77011
125600 1.77011
125700 1.77011
125800 1.77011
125900 1.77011
126000 1.77011
126000 1.77011
126100 1.77011
126200 1.77011
126300 1.77011
126400 1.77011
126500 1.77011
126600 1.77011
126700 1.7701
126800 1.7701
126900 1.7701
127000 1.7701
127000 1.7701
127100 1.7701
127200 1.7701
127300 1.7701
127400 1.7701
127500 1.7701
127600 1.7701
127700 1.7701
127800 1.7701
127900 1.7701
128000 1.7701
128000 1.7701
128100 1.7701
128200 1.7701
128300 1.7701
128400 1.7701
128500 1.7701
128600 1.7701
128700 1.7701
128800 1.7701
128900 1.7701
129000 1.7701
129000 1.7701
129100 1.7701
129200 1.7701
129300 1.7701
129400 1.7701
129500 1.7701
129600 1.7701
129700 1.7701
129800 1.7701
129900 1.7701
130000 1.7701
130000 1.7701
130100 1.7701
130200 1.7701
130300 1.7701
130400 1.7701
130500 1.7701
130600 1.7701
130700 1.7701
130800 1.7701
130900 1.7701
131000 1.7701
131000 1.7701
131100 1.7701
131200 1.7701
131300 1.7701
131400 1.7701
131500 1.7701
131600 1.7701
131700 1.7701
131800 1.7701
131900 1.7701
132000 1.7701
132000 1.7701
132100 1.7701
132200 1.7701
132300 1.7701
132400 1.7701
132500 1.7701
132600 1.7701
132700 1.7701
132800 1.7701
132900 1.7701
133000 1.77009
133000 1.77009
133100 1.77009
133200 1.77009
133300 1.77009
133400 1.77009
133500 1.77009
133600 1.77009
133700 1.77009
133800 1.77009
133900 1.77009
134000 1.77009
134000 1.77009
134100 1.77009
134200 1.77009
134300 1.77009
134400 1.77009
134500 1.77009
134600 1.77009
134700 1.77009
134800 1.77009
134900 1.77009
135000 1.77009
135000 1.77009
135100 1.77009
135200 1.77009
135300 1.77009
135400 1.77009
135500 1.77009
135600 1.77009
135700 1.77009
135800 1.77009
135900 1.77009
136000 1.77009
136000 1.77009
136100 1.77009
136200 1.77009
136300 1.77009
136400 1.77009
136500 1.77009
136600 1.77009
136700 1.77009
136800 1.77009
136900 1.77009
137000 1.77009
137000 1.77009
137100 1.77009
137200 1.77009
137300 1.77009
137400 1.77009
137500 1.77009
137600 1.77009
137700 1.77009
137800 1.77009
137900 1.77009
138000 1.77009
138000 1.77009
138100 1.77009
138200 1.77009
138300 1.77009
138400 1.77009
138500 1.77009
138600 1.77009
138700 1.77009
138800 1.77009
138900 1.77009
139000 1.77009
139000 1.77009
139100 1.77009
139200 1.77008
139300 1.77008
139400 1.77008
139500 1.77008
139600 1.77008
139700 1.77008
139800 1.77008
139900 1.77008
140000 1.77008
140000 1.77008
140100 1.77008
140200 1.77008
140300 1.77008
140400 1.77008
140500 1.77008
140600 1.77008
140700 1.77008
140800 1.77008
140900 1.77008
141000 1.77008
141000 1.77008
141100 1.77008
141200 1.77008
141300 1.77008
141400 1.77008
141500 1.77008
141600 1.77008
141700 1.77008
141800 1.77008
141900 1.77008
142000 1.77008
142000 1.77008
142100 1.77008
142200 1.77008
142300 1.77008
142400 1.77008
142500 1.77008
142600 1.77008
142700 1.77008
142800 1.77008
142900 1.77008
143000 1.77008
143000 1.77008
143100 1.77008
143200 1.77008
143300 1.77008
143400 1.77008
143500 1.77008
143600 1.77008
143700 1.77008
143800 1.77008
143900 1.77008
144000 1.77008
144000 1.77008
144100 1.77008
144200 1.77008
144300 1.77008
144400 1.77008
144500 1.77008
144600 1.77008
144700 1.77008
144800 1.77008
144900 1.77008
145000 1.77008
145000 1.77008
145100 1.77008
145200 1.77008
145300 1.77008
145400 1.77007
145500 1.77007
145600 1.77007
145700 1.77007
145800 1.77007
145900 1.77007
146000 1.77007
146000 1.77007
146100 1.77007
146200 1.77007
146300 1.77007
146400 1.77007
146500 1.77007
146600 1.77007
146700 1.77007
146800 1.77007
146900 1.77007
147000 1.77007
147000 1.77007
147100 1.77007
147200 1.77007
147300 1.77007
147400 1.77007
147500 1.77007
147600 1.77007
147700 1.77007
147800 1.77007
147900 1.77007
148000 1.77007
148000 1.77007
148100 1.77007
148200 1.77007
148300 1.77007
148400 1.77007
148500 1.77007
148600 1.77007
148700 1.77007
148800 1.77007
148900 1.77007
149000 1.77007
149000 1.77007
149100 1.77007
149200 1.77007
149300 1.77007
149400 1.77007
149500 1.77007
149600 1.77007
149700 1.77007
149800 1.77007
149900 1.77007
150000 1.77007
150000 1.77007
150100 1.77007
150200 1.77007
150300 1.77007
150400 1.77007
150500 1.77007
150600 1.77007
150700 1.77007
150800 1.77007
150900 1.77007
151000 1.77007
151000 1.77007
151100 1.77007
151200 1.77007
151300 1.77007
151400 1.77007
151500 1.77007
151600 1.77006
151700 1.77006
151800 1.77006
151900 1.77006
152000 1.77006
152000 1.77006
152100 1.77006
152200 1.77006
152300 1.77006
152400 1.77006
152500 1.77006
152600 1.77006
152700 1.77006
152800 1.77006
152900 1.77006
153000 1.77006
153000 1.77006
153100 1.77006
153200 1.77006
153300 1.77006
153400 1.77006
153500 1.77006
153600 1.77006
153700 1.77006
153800 1.77006
153900 1.77006
154000 1.77006
154000 1.77006
154100 1.77006
154200 1.77006
154300 1.77006
154400 1.77006
154500 1.77006
154600 1.77006
154700 1.77006
154800 1.77006
154900 1.77006
155000 1.77006
155000 1.77006
155100 1.77006
155200 1.77006
155300 1.77006
155400 1.77006
155500 1.77006
155600 1.77006
155700 1.77006
155800 1.77006
155900 1.77006
156000 1.77006
156000 1.77006
156100 1.77006
156200 1.77006
156300 1.77006
156400 1.77006
156500 1.77006
156600 1.77006
156700 1.77006
156800 1.77006
156900 1.77006
157000 1.77006
157000 1.77006
157100 1.77006
157200 1.77006
157300 1.77006
157400 1.77006
157500 1.77006
157600 1.77006
157700 1.77006
157800 1.77005
157900 1.77005
158000 1.77005
158000 1.77005
158100 1.77005
158200 1.77005
158300 1.77005
158400 1.77005
158500 1.77005
158600 1.77005
158700 1.77005
158800 1.77005
158900 1.77005
159000 1.77005
159000 1.77005
159100 1.77005
159200 1.77005
159300 1.77005
159400 1.77005
159500 1.77005
159600 1.77005
159700 1.77005
159800 1.77005
159900 1.77005
160000 1.77005
160000 1.77005
160100 1.77005
160200 1.77005
160300 1.77005
160400 1.77005
160500 1.77005
160600 1.77005
160700 1.77005
160800 1.77005
160900 1.77005
161000 1.77005
161000 1.77005
161100 1.77005
161200 1.77005
161300 1.77005
161400 1.77005
161500 1.77005
161600 1.77005
161700 1.77005
161800 1.77005
161900 1.77005
162000 1.77005
162000 1.77005
162100 1.77005
162200 1.77005
162300 1.77005
162400 1.77005
162500 1.77005
162600 1.77005
162700 1.77005
162800 1.77005
162900 1.77005
163000 1.77005
163000 1.77005
163100 1.77005
163200 1.77005
163300 1.77005
163400 1.77005
163500 1.77005
163600 1.77005
163700 1.77005
163800 1.77005
163900 1.77005
164000 1.77004
164000 1.77004
164100 1.77004
164200 1.77004
164300 1.77004
164400 1.77004
164500 1.77004
164600 1.77004
164700 1.77004
164800 1.77004
164900 1.77004
165000 1.77004
165000 1.77004
165100 1.77004
165200 1.77004
165300 1.77004
165400 1.77004
165500 1.77004
165600 1.77004
165700 1.77004
165800 1.77004
165900 1.77004
166000 1.77004
166000 1.77004
166100 1.77004
166200 1.77004
166300 1.77004
166400 1.77004
166500 1.77004
166600 1.77004
166700 1.77004
166800 1.77004
166900 1.77004
167000 1.77004
167000 1.77004
167100 1.77004
167200 1.77004
167300 1.77004
167400 1.77004
167500 1.77004
167600 1.77004
167700 1.77004
167800 1.77004
167900 1.77004
168000 1.77004
168000 1.77004
168100 1.77004
168200 1.77004
168300 1.77004
168400 1.77004
168500 1.77004
168600 1.77004
168700 1.77004
168800 1.77004
168900 1.77004
169000 1.77004
169000 1.77004
169100 1.77004
169200 1.77004
169300 1.77004
169400 1.77004
169500 1.77004
169600 1.77004
169700 1.77004
169800 1.77004
169900 1.77004
170000 1.77004
170000 1.77004
170100 1.77004
170200 1.77003
170300 1.77003
170400 1.77003
170500 1.77003
170600 1.77003
170700 1.77003
170800 1.77003
170900 1.77003
171000 1.77003
171000 1.77003
171100 1.77003
171200 1.77003
171300 1.77003
171400 1.77003
171500 1.77003
171600 1.77003
171700 1.77003
171800 1.77003
171900 1.77003
172000 1.77003
172000 1.77003
172100 1.77003
172200 1.77003
172300 1.77003
172400 1.77003
172500 1.77003
172600 1.77003
172700 1.77003
172800 1.77003
172900 1.77003
173000 1.77003
173000 1.77003
173100 1.77003
173200 1.77003
173300 1.77003
173400 1.77003
173500 1.77003
173600 1.77003
173700 1.77003
173800 1.77003
173900 1.77003
174000 1.77003
174000 1.77003
174100 1.77003
174200 1.77003
174300 1.77003
174400 1.77003
174500 1.77003
174600 1.77003
174700 1.77003
174800 1.77003
174900 1.77003
175000 1.77003
175000 1.77003
175100 1.77003
175200 1.77003
175300 1.77003
175400 1.77003
175500 1.77003
175600 1.77003
175700 1.77003
175800 1.77003
175900 1.77003
176000 1.77003
176000 1.77003
176100 1.77003
176200 1.77003
176300 1.77003
176400 1.77003
176500 1.77002
176600 1.77002
176700 1.77002
176800 1.77002
176900 1.77002
177000 1.77002
177000 1.77002
177100 1.77002
177200 1.77002
177300 1.77002
177400 1.77002
177500 1.77002
177600 1.77002
177700 1.77002
177800 1.77002
177900 1.77002
178000 1.77002
178000 1.77002
178100 1.77002
178200 1.77002
178300 1.77002
178400 1.77002
178500 1.77002
178600 1.77002
178700 1.77002
178800 1.77002
178900 1.77002
179000 1.77002
179000 1.77002
179100 1.77002
179200 1.77002
179300 1.77002
179400 1.77002
179500 1.77002
179600 1.77002
179700 1.77002
179800 1.77002
179900 1.77002
180000 1.77002
180000 1.77002
180100 1.77002
180200 1.77002
180300 1.77002
180400 1.77002
180500 1.77002
180600 1.77002
180700 1.77002
180800 1.77002
180900 1.77002
181000 1.77002
181000 1.77002
181100 1.77002
181200 1.77002
181300 1.77002
181400 1.77002
181500 1.77002
181600 1.77002
181700 1.77002
181800 1.77002
181900 1.77002
182000 1.77002
182000 1.77002
182100 1.77002
182200 1.77002
182300 1.77002
182400 1.77002
182500 1.77002
182600 1.77002
182700 1.77001
182800 1.77001
182900 1.77001
183000 1.77001
183000 1.77001
183100 1.77001
183200 1.77001
183300 1.77001
183400 1.77001
183500 1.77001
183600 1.77001
183700 1.77001
183800 1.77001
183900 1.77001
184000 1.77001
184000 1.77001
184100 1.77001
184200 1.77001
184300 1.77001
184400 1.77001
184500 1.77001
184600 1.77001
184700 1.77001
184800 1.77001
184900 1.77001
185000 1.77001
185000 1.77001
185100 1.77001
185200 1.77001
185300 1.77001
185400 1.77001
185500 1.77001
185600 1.77001
185700 1.77001
185800 1.77001
185900 1.77001
186000 1.77001
186000 1.77001
186100 1.77001
186200 1.77001
186300 1.77001
186400 1.77001
186500 1.77001
186600 1.77001
186700 1.77001
186800 1.77001
186900 1.77001
187000 1.77001
187000 1.77001
187100 1.77001
187200 1.77001
187300 1.77001
187400 1.77001
187500 1.77001
187600 1.77001
187700 1.77001
187800 1.77001
187900 1.77001
188000 1.77001
188000 1.77001
188100 1.77001
188200 1.77001
188300 1.77001
188400 1.77001
188500 1.77001
188600 1.77001
188700 1.77001
188800 1.77001
188900 1.77
189000 1.77
189000 1.77
189100 1.77
189200 1.77
189300 1.77
189400 1.77
189500 1.77
189600 1.77
189700 1.77
189800 1.77
189900 1.77
190000 1.77
190000 1.77
190100 1.77
190200 1.77
190300 1.77
190400 1.77
190500 1.77
190600 1.77
190700 1.77
190800 1.77
190900 1.77
191000 1.77
191000 1.77
191100 1.77
191200 1.77
191300 1.77
191400 1.77
191500 1.77
191600 1.77
191700 1.77
191800 1.77
191900 1.77
192000 1.77
192000 1.77
192100 1.77
192200 1.77
192300 1.77
192400 1.77
192500 1.77
192600 1.77
192700 1.77
192800 1.77
192900 1.77
193000 1.77
193000 1.77
193100 1.77
193200 1.77
193300 1.77
193400 1.77
193500 1.77
193600 1.77
193700 1.77
193800 1.77
193900 1.77
194000 1.77
194000 1.77
194100 1.77
194200 1.77
194300 1.77
194400 1.77
194500 1.77
194600 1.77
194700 1.77
194800 1.77
194900 1.77
195000 1.77
195000 1.77
195100 1.76999
195200 1.76999
195300 1.76999
195400 1.76999
195500 1.76999
195600 1.76999
195700 1.76999
195800 1.76999
195900 1.76999
196000 1.76999
196000 1.76999
196100 1.76999
196200 1.76999
196300 1.76999
196400 1.76999
196500 1.76999
196600 1.76999
196700 1.76999
196800 1.76999
196900 1.76999
197000 1.76999
197000 1.76999
197100 1.76999
197200 1.76999
197300 1.76999
197400 1.76999
197500 1.76999
197600 1.76999
197700 1.76999
197800 1.76999
197900 1.76999
198000 1.76999
198000 1.76999
198100 1.76999
198200 1.76999
198300 1.76999
198400 1.76999
198500 1.76999
198600 1.76999
198700 1.76999
198800 1.76999
198900 1.76999
199000 1.76999
199000 1.76999
199100 1.76999
199200 1.76999
199300 1.76999
199400 1.76999
199500 1.76999
199600 1.76999
199700 1.76999
199800 1.76999
199900 1.76999
200000 1.76999
200000 1.76999
200100 1.76999
200200 1.76999
200300 1.76999
200400 1.76999
200500 1.76999
200600 1.76999
200700 1.76999
200800 1.76999
200900 1.76999
201000 1.76999
201000 1.76999
201100 1.76999
201200 1.76999
201300 1.76998
201400 1.76998
201500 1.76998
201600 1.76998
201700 1.76998
201800 1.76998
201900 1.76998
202000 1.76998
202000 1.76998
202100 1.76998
202200 1.76998
202300 1.76998
202400 1.76998
202500 1.76998
202600 1.76998
202700 1.76998
202800 1.76998
202900 1.76998
203000 1.76998
203000 1.76998
203100 1.76998
203200 1.76998
203300 1.76998
203400 1.76998
203500 1.76998
203600 1.76998
203700 1.76998
203800 1.76998
203900 1.76998
