0 3
0 2.99995
2 2.99772
100 2.97631
200 2.95453
300 2.93291
400 2.91144
500 2.89013
600 2.86898
700 2.84799
800 2.82714
900 2.80645
1000 2.78591
1000 2.78591
1024 2.78101
1026 2.77909
1100 2.76403
1200 2.7438
1300 2.72372
1400 2.70379
1500 2.684
1600 2.66436
1700 2.64486
1800 2.6255
1900 2.60629
2000 2.58721
2000 2.58721
2048 2.57811
2050 2.57619
2100 2.56679
2200 2.548
2300 2.52935
2400 2.51084
2500 2.49247
2502 2.49202
2505 2.48635
2505 2.48633
2506 2.48549
2506 2.48544
2509 2.48349
2509 2.48346
2510 2.4816
2600 2.46531
2700 2.44727
2800 2.42936
2900 2.41158
3000 2.39393
3000 2.39393
3072 2.3813
3074 2.37966
3100 2.37513
3176 2.36183
3200 2.36183
3300 2.36183
3400 2.36183
3500 2.36183
3600 2.36183
3700 2.36183
3800 2.36183
3900 2.36183
4000 2.36183
4000 2.36183
4094 2.36183
4096 2.36156
4098 2.3598
4098 2.3598
4100 2.3598
4200 2.3598
4300 2.3598
4400 2.3598
4500 2.3598
4600 2.3598
4700 2.3598
4800 2.3598
4900 2.3598
5000 2.3598
5000 2.3598
5100 2.3598
5118 2.3598
5120 2.35953
5122 2.3579
5200 2.34444
5224 2.34024
5300 2.34024
5400 2.34024
5500 2.34024
5600 2.34024
5700 2.34024
5800 2.34024
5900 2.34024
6000 2.34024
6000 2.34024
6100 2.34024
6142 2.34023
6144 2.33996
6146 2.33822
6146 2.33822
6200 2.33822
6300 2.33822
6400 2.33822
6500 2.33822
6600 2.33822
6700 2.33822
6800 2.33822
6900 2.33822
7000 2.33822
7000 2.33822
7100 2.33822
7166 2.33822
7168 2.33795
7170 2.33634
7200 2.3312
7272 2.31883
7300 2.31883
7400 2.31883
7500 2.31883
7600 2.31883
7700 2.31883
7800 2.31883
7900 2.31883
8000 2.31883
8000 2.31883
8100 2.31883
8190 2.31883
8192 2.31856
8194 2.31684
8194 2.31684
8200 2.31684
8300 2.31684
8400 2.31684
8500 2.31684
8600 2.31684
8700 2.31684
8800 2.31684
8900 2.31684
9000 2.31684
9000 2.31684
9100 2.31684
9200 2.31684
9214 2.31684
9216 2.31657
9218 2.31497
9300 2.30108
9320 2.29763
9400 2.29763
9500 2.29763
9600 2.29763
9700 2.29763
9800 2.29763
9900 2.29763
10000 2.29763
10000 2.29763
10100 2.29763
10200 2.29763
10238 2.29763
10240 2.29736
10242 2.29565
10242 2.29565
10300 2.29565
10400 2.29565
10500 2.29565
10600 2.29565
10700 2.29565
10800 2.29565
10900 2.29565
11000 2.29565
11000 2.29565
11100 2.29565
11200 2.29565
11262 2.29565
11264 2.29538
11266 2.2938
11300 2.28809
11368 2.27662
11400 2.27662
11500 2.27662
11600 2.27662
11700 2.27662
11800 2.27662
11900 2.27662
12000 2.27662
12000 2.27662
12100 2.27662
12200 2.27662
12286 2.27662
12288 2.27635
12290 2.27466
12290 2.27466
12300 2.27466
12400 2.27466
12500 2.27466
12600 2.27466
12700 2.27466
12800 2.27466
12900 2.27466
13000 2.27466
13000 2.27466
13100 2.27466
13200 2.27466
13300 2.27466
13310 2.27466
13312 2.27439
13314 2.27283
13400 2.25852
13416 2.2558
13500 2.2558
13600 2.2558
13700 2.2558
13800 2.2558
13900 2.2558
14000 2.2558
14000 2.2558
14100 2.2558
14200 2.2558
14300 2.2558
14334 2.2558
14336 2.25553
14338 2.25386
14338 2.25386
14400 2.25386
14500 2.25386
14600 2.25386
14700 2.25386
14800 2.25386
14900 2.25386
15000 2.25386
15000 2.25386
15100 2.25386
15200 2.25386
15300 2.25386
15358 2.25386
15360 2.25359
15362 2.25204
15400 2.24577
15464 2.23517
15500 2.23517
15600 2.23517
15700 2.23517
15800 2.23517
15900 2.23517
16000 2.23517
16000 2.23517
16100 2.23517
16200 2.23517
16300 2.23517
16382 2.23517
16384 2.23491
16386 2.23325
16386 2.23325
16400 2.23325
16500 2.23325
16600 2.23325
16700 2.23325
16800 2.23325
16900 2.23325
17000 2.23325
17000 2.23325
17100 2.23325
17200 2.23325
17300 2.23325
17400 2.23325
17406 2.23325
17408 2.23298
17410 2.23145
17500 2.21675
17512 2.21473
17600 2.21473
17700 2.21473
17800 2.21473
17900 2.21473
18000 2.21473
18000 2.21473
18100 2.21473
18200 2.21473
18300 2.21473
18400 2.21473
18430 2.21473
18432 2.21447
18434 2.21282
18434 2.21282
18500 2.21282
18600 2.21282
18700 2.21282
18800 2.21282
18900 2.21282
19000 2.21282
19000 2.21282
19100 2.21282
19200 2.21282
19300 2.21282
19400 2.21282
19454 2.21282
19456 2.21256
19458 2.21104
19500 2.20424
19560 2.19447
19600 2.19447
19639 2.19447
19639 2.19447
19648 2.17992
19648 2.1799
19649 2.17916
19649 2.17916
19700 2.17916
19800 2.17916
19900 2.17916
20000 2.17916
20000 2.17916
20100 2.17916
20200 2.17916
20300 2.17916
20400 2.17916
20478 2.17916
20480 2.1789
20482 2.17728
20482 2.17728
20500 2.17728
20600 2.17728
20700 2.17728
20800 2.17728
20900 2.17728
21000 2.17728
21000 2.17728
21100 2.17728
21200 2.17728
21300 2.17728
21400 2.17728
21500 2.17728
21502 2.17728
21504 2.17703
21506 2.17553
21600 2.16057
21608 2.15923
21700 2.15923
21800 2.15923
21900 2.15923
22000 2.15923
22000 2.15923
22100 2.15923
22200 2.15923
22300 2.15923
22400 2.15923
22500 2.15923
22526 2.15923
22528 2.15898
22530 2.15737
22530 2.15737
22600 2.15737
22700 2.15737
22800 2.15737
22900 2.15737
23000 2.15737
23000 2.15737
23100 2.15737
23200 2.15737
23300 2.15737
23400 2.15737
23500 2.15737
23550 2.15737
23552 2.15712
23554 2.15563
23600 2.14837
23656 2.13948
23700 2.13948
23800 2.13948
23900 2.13948
24000 2.13948
24000 2.13948
24100 2.13948
24200 2.13948
24300 2.13948
24400 2.13948
24500 2.13948
24574 2.13948
24576 2.13923
24578 2.13764
24578 2.13764
24600 2.13764
24700 2.13764
24800 2.13764
24900 2.13764
25000 2.13764
25000 2.13764
25100 2.13764
25200 2.13764
25300 2.13764
25400 2.13764
25500 2.13764
25598 2.13764
25600 2.13739
25600 2.13739
25602 2.13592
25700 2.12061
25704 2.11992
25800 2.11992
25900 2.11992
26000 2.11992
26000 2.11992
26100 2.11992
26200 2.11992
26300 2.11992
26400 2.11992
26500 2.11992
26600 2.11992
26622 2.11992
26624 2.11967
26626 2.1181
26626 2.1181
26700 2.1181
26800 2.1181
26900 2.1181
27000 2.1181
27000 2.1181
27100 2.1181
27200 2.1181
27300 2.1181
27400 2.1181
27500 2.11809
27600 2.11809
27646 2.11809
27648 2.11785
27650 2.11639
27700 2.10864
27752 2.10053
27800 2.10053
27900 2.10053
28000 2.10053
28000 2.10053
28100 2.10053
28200 2.10053
28300 2.10053
28400 2.10053
28500 2.10053
28600 2.10053
28670 2.10053
28672 2.10029
28674 2.09873
28674 2.09873
28700 2.09873
28800 2.09873
28900 2.09873
29000 2.09873
29000 2.09873
29100 2.09873
29200 2.09873
29300 2.09873
29400 2.09873
29500 2.09873
29600 2.09873
29694 2.09872
29696 2.09848
29698 2.09703
29700 2.09673
29800 2.08139
29800 2.08132
29900 2.08132
30000 2.08132
30000 2.08132
30100 2.08132
30200 2.08132
30300 2.08132
30400 2.08132
30500 2.08132
30600 2.08132
30700 2.08132
30718 2.08132
30720 2.08108
30722 2.07953
30722 2.07953
30800 2.07953
30900 2.07953
31000 2.07953
31000 2.07953
31100 2.07953
31200 2.07953
31300 2.07953
31400 2.07953
31500 2.07953
31600 2.07953
31700 2.07953
31742 2.07953
31744 2.07929
31746 2.07786
31800 2.06964
31848 2.06229
31900 2.06229
32000 2.06229
32000 2.06229
32100 2.06229
32200 2.06229
32300 2.06229
32400 2.06229
32500 2.06229
32600 2.06229
32700 2.06229
32766 2.06229
32768 2.06205
32770 2.06052
32770 2.06052
32800 2.06052
32900 2.06052
33000 2.06052
33000 2.06052
33100 2.06052
33200 2.06052
33300 2.06052
33400 2.06052
33500 2.06052
33600 2.06052
33700 2.06052
33790 2.06051
33792 2.06027
33794 2.05885
33800 2.05795
33896 2.04343
33900 2.04343
34000 2.04343
34000 2.04343
34100 2.04343
34200 2.04343
34300 2.04343
34400 2.04343
34500 2.04343
34600 2.04343
34700 2.04343
34800 2.04343
34814 2.04343
34816 2.04319
34818 2.04167
34818 2.04167
34900 2.04167
35000 2.04167
35000 2.04167
35100 2.04167
35200 2.04167
35300 2.04167
35400 2.04167
35500 2.04167
35600 2.04167
35700 2.04167
35800 2.04167
35838 2.04167
35840 2.04143
35842 2.04003
35900 2.03136
35944 2.02474
36000 2.02474
36000 2.02474
36100 2.02474
36200 2.02474
36300 2.02474
36400 2.02474
36500 2.02474
36600 2.02474
36700 2.02474
36800 2.02474
36862 2.02474
36864 2.02451
36866 2.023
36866 2.023
36900 2.023
37000 2.023
37000 2.023
37100 2.023
37200 2.023
37300 2.023
37400 2.023
37500 2.023
37600 2.023
37700 2.023
37800 2.023
37886 2.023
37888 2.02276
37890 2.02137
37900 2.01989
37992 2.00623
38000 2.00623
38000 2.00623
38100 2.00623
38200 2.00623
38300 2.00623
38400 2.00623
38500 2.00623
38600 2.00623
38700 2.00623
38800 2.00623
38900 2.00623
38910 2.00623
38912 2.00599
38914 2.0045
38914 2.0045
39000 2.0045
39000 2.0045
39100 2.0045
39200 2.0045
39300 2.0045
39400 2.0045
39500 2.0045
39600 2.0045
39700 2.0045
39800 2.0045
39900 2.0045
39934 2.0045
39936 2.00427
39938 2.00289
40000 1.99379
40000 1.99379
40040 1.98788
40100 1.98788
40200 1.98788
40300 1.98788
40400 1.98788
40500 1.98788
40600 1.98788
40700 1.98788
40800 1.98788
40900 1.98788
40958 1.98788
40960 1.98765
40962 1.98617
40962 1.98617
41000 1.98617
41000 1.98617
41100 1.98617
41200 1.98617
41300 1.98617
41400 1.98617
41500 1.98617
41600 1.98617
41700 1.98617
41800 1.98617
41900 1.98617
41982 1.98617
41984 1.98594
41986 1.98457
42000 1.98254
42000 1.98254
42088 1.9697
42100 1.9697
42200 1.9697
42300 1.9697
42400 1.9697
42500 1.9697
42600 1.9697
42700 1.9697
42800 1.9697
42900 1.9697
43000 1.9697
43000 1.9697
43006 1.9697
43008 1.96947
43010 1.96801
43010 1.96801
43100 1.96801
43200 1.96801
43300 1.96801
43400 1.96801
43500 1.96801
43600 1.96801
43700 1.96801
43800 1.96801
43900 1.96801
44000 1.96801
44000 1.96801
44030 1.96801
44032 1.96778
44034 1.96642
44100 1.95692
44136 1.95169
44200 1.95169
44300 1.95169
44400 1.95169
44500 1.95169
44600 1.95169
44700 1.95169
44800 1.95169
44900 1.95169
45000 1.95169
45000 1.95169
45054 1.95169
45056 1.95146
45058 1.95001
45058 1.95001
45100 1.95001
45200 1.95001
45300 1.95001
45400 1.95001
45500 1.95001
45600 1.95001
45700 1.95001
45800 1.95001
45900 1.95001
46000 1.95001
46000 1.95001
46078 1.95001
46080 1.94978
46082 1.94844
46100 1.94587
46184 1.93384
46200 1.93384
46300 1.93384
46400 1.93384
46500 1.93384
46600 1.93384
46700 1.93384
46800 1.93384
46900 1.93384
47000 1.93384
47000 1.93384
47100 1.93384
47102 1.93384
47104 1.93361
47106 1.93218
47106 1.93218
47200 1.93218
47300 1.93218
47400 1.93218
47500 1.93218
47600 1.93218
47700 1.93218
47800 1.93218
47900 1.93218
48000 1.93218
48000 1.93218
48100 1.93218
48126 1.93218
48128 1.93195
48130 1.93062
48200 1.92072
48232 1.91615
48300 1.91615
48400 1.91615
48500 1.91615
48600 1.91615
48700 1.91615
48800 1.91615
48900 1.91615
49000 1.91615
49000 1.91615
49100 1.91615
49150 1.91615
49152 1.91593
49154 1.91451
49154 1.91451
49200 1.91451
49300 1.91451
49400 1.91451
49500 1.91451
49600 1.91451
49700 1.91451
49800 1.91451
49900 1.91451
50000 1.91451
50000 1.91451
50100 1.91451
50174 1.91451
50176 1.91428
50178 1.91296
50200 1.90988
50280 1.89863
50300 1.89863
50359 1.89863
50359 1.89863
50368 1.88604
50368 1.88602
50369 1.88538
50369 1.88538
50400 1.88538
50500 1.88538
50600 1.88538
50700 1.88538
50800 1.88538
50900 1.88538
51000 1.88538
51000 1.88538
51100 1.88538
51198 1.88538
51200 1.88516
51200 1.88516
51202 1.88376
51202 1.88376
51300 1.88376
51400 1.88376
51500 1.88376
51600 1.88376
51700 1.88376
51800 1.88376
51900 1.88376
52000 1.88376
52000 1.88376
52100 1.88376
52200 1.88376
52222 1.88376
52224 1.88354
52226 1.88224
52300 1.87204
52328 1.86814
52400 1.86814
52500 1.86814
52600 1.86814
52700 1.86814
52800 1.86814
52900 1.86814
53000 1.86814
53000 1.86814
53100 1.86814
53200 1.86814
53246 1.86814
53248 1.86792
53250 1.86653
53250 1.86653
53300 1.86653
53400 1.86653
53500 1.86653
53600 1.86653
53700 1.86653
53800 1.86653
53900 1.86653
54000 1.86653
54000 1.86653
54100 1.86653
54200 1.86653
54270 1.86653
54272 1.86631
54274 1.86503
54300 1.86148
54376 1.85106
54400 1.85106
54500 1.85105
54600 1.85105
54700 1.85105
54800 1.85105
54900 1.85105
55000 1.85105
55000 1.85105
55100 1.85105
55200 1.85105
55294 1.85105
55296 1.85084
55298 1.84946
55298 1.84946
55300 1.84946
55400 1.84946
55500 1.84946
55600 1.84946
55700 1.84946
55800 1.84946
55900 1.84946
56000 1.84946
56000 1.84946
56100 1.84946
56200 1.84946
56300 1.84946
56318 1.84946
56320 1.84925
56322 1.84797
56400 1.83742
56424 1.83413
56500 1.83413
56600 1.83413
56700 1.83413
56800 1.83413
56900 1.83413
57000 1.83413
57000 1.83413
57100 1.83413
57200 1.83413
57300 1.83413
57342 1.83413
57344 1.83391
57346 1.83255
57346 1.83255
57400 1.83255
57500 1.83255
57600 1.83255
57700 1.83255
57800 1.83255
57900 1.83255
58000 1.83255
58000 1.83255
58100 1.83255
58200 1.83255
58300 1.83255
58366 1.83255
58368 1.83234
58370 1.83107
58400 1.82705
58472 1.81735
58500 1.81735
58600 1.81735
58700 1.81735
58800 1.81735
58900 1.81735
59000 1.81735
59000 1.81735
59100 1.81735
59200 1.81735
59300 1.81735
59390 1.81735
59392 1.81714
59394 1.81579
59394 1.81579
59400 1.81579
59500 1.81579
59600 1.81579
59700 1.81579
59800 1.81579
59900 1.81579
60000 1.81579
60000 1.81579
60100 1.81579
60200 1.81579
60300 1.81579
60400 1.81579
60414 1.81579
60416 1.81558
60418 1.81433
60500 1.80344
60520 1.80073
60600 1.80073
60700 1.80073
60800 1.80073
60900 1.80073
61000 1.80073
61000 1.80073
61100 1.80073
61200 1.80073
61300 1.80073
61400 1.80073
61438 1.80073
61440 1.80052
61442 1.79919
61442 1.79919
61442 1.79919
61500 1.79919
61600 1.79919
61700 1.79919
61800 1.79919
61900 1.79919
62000 1.79919
62000 1.79919
62100 1.79919
62200 1.79919
62300 1.79919
62400 1.79919
62500 1.79919
62600 1.79919
62700 1.79919
62800 1.79919
62900 1.79918
63000 1.79918
63000 1.79918
63100 1.79918
63200 1.79918
63300 1.79918
63400 1.79918
63500 1.79918
63600 1.79918
63700 1.79918
63800 1.79918
63900 1.79918
64000 1.79918
64000 1.79918
64100 1.79918
64200 1.79918
64300 1.79918
64400 1.79918
64500 1.79918
64600 1.79918
64700 1.79918
64800 1.79918
64900 1.79918
65000 1.79918
65000 1.79918
65100 1.79918
65200 1.79918
65300 1.79918
65400 1.79918
65500 1.79918
65600 1.79918
65700 1.79918
65800 1.79918
65900 1.79918
66000 1.79918
66000 1.79918
66100 1.79918
66200 1.79918
66300 1.79918
66400 1.79918
66500 1.79918
66600 1.79918
66700 1.79918
66800 1.79918
66900 1.79918
67000 1.79918
67000 1.79918
67100 1.79918
67200 1.79918
67300 1.79918
67400 1.79918
67500 1.79918
67600 1.79918
67700 1.79918
67800 1.79918
67900 1.79918
68000 1.79918
68000 1.79918
68100 1.79918
68200 1.79918
68300 1.79918
68400 1.79918
68500 1.79918
68600 1.79918
68700 1.79918
68800 1.79918
68900 1.79918
69000 1.79918
69000 1.79918
69100 1.79918
69200 1.79918
69300 1.79918
69400 1.79918
69500 1.79918
69600 1.79918
69700 1.79918
69800 1.79918
69900 1.79918
70000 1.79918
70000 1.79918
70100 1.79918
70200 1.79918
70300 1.79918
70400 1.79918
70500 1.79918
70600 1.79918
70700 1.79918
70800 1.79918
70900 1.79918
71000 1.79918
71000 1.79918
71100 1.79918
71200 1.79918
71300 1.79918
71400 1.79918
71500 1.79918
71600 1.79918
71700 1.79918
71800 1.79918
71900 1.79918
72000 1.79918
72000 1.79918
72100 1.79918
72200 1.79918
72300 1.79918
72400 1.79918
72500 1.79918
72600 1.79918
72700 1.79918
72800 1.79918
72900 1.79918
73000 1.79918
73000 1.79918
73100 1.79918
73200 1.79918
73300 1.79918
73400 1.79918
73500 1.79918
73600 1.79918
73700 1.79918
73800 1.79918
73900 1.79918
74000 1.79918
74000 1.79918
74100 1.79918
74200 1.79918
74300 1.79918
74400 1.79918
74500 1.79918
74600 1.79918
74700 1.79918
74800 1.79918
74900 1.79918
75000 1.79918
75000 1.79918
75100 1.79918
75200 1.79918
75300 1.79918
75400 1.79918
75500 1.79918
75600 1.79918
75700 1.79918
75800 1.79918
75900 1.79918
76000 1.79918
76000 1.79918
76100 1.79918
76200 1.79918
76300 1.79918
76400 1.79918
76500 1.79918
76600 1.79918
76700 1.79918
76800 1.79918
76900 1.79918
77000 1.79918
77000 1.79918
77100 1.79918
77200 1.79918
77300 1.79918
77400 1.79918
77500 1.79918
77600 1.79918
77700 1.79918
77800 1.79918
77900 1.79918
78000 1.79918
78000 1.79918
78100 1.79918
78200 1.79917
78300 1.79917
78400 1.79917
78500 1.79917
78600 1.79917
78700 1.79917
78800 1.79917
78900 1.79917
79000 1.79917
79000 1.79917
79100 1.79917
79200 1.79917
79300 1.79917
79400 1.79917
79500 1.79917
79600 1.79917
79700 1.79917
79800 1.79917
79900 1.79917
80000 1.79917
80000 1.79917
80100 1.79917
80200 1.79917
80300 1.79917
80400 1.79917
80500 1.79917
80600 1.79917
80700 1.79917
80800 1.79917
80900 1.79917
81000 1.79917
81000 1.79917
81100 1.79917
81200 1.79917
81300 1.79917
81400 1.79917
81500 1.79917
81600 1.79917
81700 1.79917
81800 1.79917
81900 1.79917
82000 1.79917
82000 1.79917
82100 1.79917
82200 1.79917
82300 1.79917
82400 1.79917
82500 1.79917
82600 1.79917
82700 1.79917
82800 1.79917
82900 1.79917
83000 1.79917
83000 1.79917
83100 1.79917
83200 1.79917
83300 1.79917
83400 1.79917
83500 1.79917
83600 1.79917
83700 1.79917
83800 1.79917
83900 1.79917
84000 1.79917
84000 1.79917
84100 1.79917
84200 1.79917
84300 1.79917
84400 1.79917
84500 1.79917
84600 1.79917
84700 1.79917
84800 1.79917
84900 1.79917
85000 1.79917
85000 1.79917
85100 1.79917
85200 1.79917
85300 1.79917
85400 1.79917
85500 1.79917
85600 1.79917
85700 1.79917
85800 1.79917
85900 1.79917
86000 1.79917
86000 1.79917
86100 1.79917
86200 1.79917
86300 1.79917
86400 1.79917
86500 1.79917
86600 1.79917
86700 1.79917
86800 1.79917
86900 1.79917
87000 1.79917
87000 1.79917
87100 1.79917
87200 1.79917
87300 1.79917
87400 1.79917
87500 1.79917
87600 1.79917
87700 1.79917
87800 1.79917
87900 1.79917
88000 1.79917
88000 1.79917
88100 1.79917
88200 1.79917
88300 1.79917
88400 1.79917
88500 1.79917
88600 1.79917
88700 1.79917
88800 1.79917
88900 1.79917
89000 1.79917
89000 1.79917
89100 1.79917
89200 1.79917
89300 1.79917
89400 1.79917
89500 1.79917
89600 1.79917
89700 1.79917
89800 1.79917
89900 1.79917
90000 1.79917
90000 1.79917
90100 1.79917
90200 1.79917
90300 1.79917
90400 1.79917
90500 1.79917
90600 1.79917
90700 1.79917
90800 1.79917
90900 1.79917
91000 1.79917
91000 1.79917
91100 1.79917
91200 1.79917
91300 1.79917
91400 1.79917
91500 1.79917
91600 1.79917
91700 1.79917
91800 1.79917
91900 1.79917
92000 1.79917
92000 1.79917
92100 1.79917
92200 1.79917
92300 1.79917
92400 1.79917
92500 1.79917
92600 1.79917
92700 1.79917
92800 1.79917
92900 1.79917
93000 1.79917
93000 1.79917
93100 1.79917
93200 1.79917
93300 1.79917
93400 1.79916
93500 1.79916
93600 1.79916
93700 1.79916
93800 1.79916
93900 1.79916
94000 1.79916
94000 1.79916
94100 1.79916
94200 1.79916
94300 1.79916
94400 1.79916
94500 1.79916
94600 1.79916
94700 1.79916
94800 1.79916
94900 1.79916
95000 1.79916
95000 1.79916
95100 1.79916
95200 1.79916
95300 1.79916
95400 1.79916
95500 1.79916
95600 1.79916
95700 1.79916
95800 1.79916
95900 1.79916
96000 1.79916
96000 1.79916
96100 1.79916
96200 1.79916
96300 1.79916
96400 1.79916
96500 1.79916
96600 1.79916
96700 1.79916
96800 1.79916
96900 1.79916
97000 1.79916
97000 1.79916
97100 1.79916
97200 1.79916
97300 1.79916
97400 1.79916
97500 1.79916
97600 1.79916
97700 1.79916
97800 1.79916
97900 1.79916
98000 1.79916
98000 1.79916
98100 1.79916
98200 1.79916
98300 1.79916
98400 1.79916
98500 1.79916
98600 1.79916
98700 1.79916
98800 1.79916
98900 1.79916
99000 1.79916
99000 1.79916
99100 1.79916
99200 1.79916
99300 1.79916
99400 1.79916
99500 1.79916
99600 1.79916
99700 1.79916
99800 1.79916
99900 1.79916
100000 1.79916
100000 1.79916
100100 1.79916
100200 1.79916
100300 1.79916
100400 1.79916
100500 1.79916
100600 1.79916
100700 1.79916
100800 1.79916
100900 1.79916
101000 1.79916
101000 1.79916
101100 1.79916
101200 1.79916
101300 1.79916
101400 1.79916
101500 1.79916
101600 1.79916
101700 1.79916
101800 1.79916
101900 1.79916
102000 1.79916
102000 1.79916
102100 1.79916
102200 1.79916
102300 1.79916
102400 1.79916
102500 1.79916
102600 1.79916
102700 1.79916
102800 1.79916
102900 1.79916
103000 1.79916
103000 1.79916
103100 1.79916
103200 1.79916
103300 1.79916
103400 1.79916
103500 1.79916
103600 1.79916
103700 1.79916
103800 1.79916
103900 1.79916
104000 1.79916
104000 1.79916
104100 1.79916
104200 1.79916
104300 1.79916
104400 1.79916
104500 1.79916
104600 1.79916
104700 1.79916
104800 1.79916
104900 1.79916
105000 1.79916
105000 1.79916
105100 1.79916
105200 1.79916
105300 1.79916
105400 1.79916
105500 1.79916
105600 1.79916
105700 1.79916
105800 1.79916
105900 1.79916
106000 1.79916
106000 1.79916
106100 1.79916
106200 1.79916
106300 1.79916
106400 1.79916
106500 1.79916
106600 1.79916
106700 1.79916
106800 1.79916
106900 1.79916
107000 1.79916
107000 1.79916
107100 1.79916
107200 1.79916
107300 1.79916
107400 1.79916
107500 1.79916
107600 1.79916
107700 1.79916
107800 1.79916
107900 1.79916
108000 1.79916
108000 1.79916
108100 1.79916
108200 1.79916
108300 1.79916
108400 1.79916
108500 1.79916
108600 1.79916
108700 1.79915
108800 1.79915
108900 1.79915
109000 1.79915
109000 1.79915
109100 1.79915
109200 1.79915
109300 1.79915
109400 1.79915
109500 1.79915
109600 1.79915
109700 1.79915
109800 1.79915
109900 1.79915
110000 1.79915
110000 1.79915
110100 1.79915
110200 1.79915
110300 1.79915
110400 1.79915
110500 1.79915
110600 1.79915
110700 1.79915
110800 1.79915
110900 1.79915
111000 1.79915
111000 1.79915
111100 1.79915
111200 1.79915
111300 1.79915
111400 1.79915
111500 1.79915
111600 1.79915
111700 1.79915
111800 1.79915
111900 1.79915
112000 1.79915
112000 1.79915
112100 1.79915
112200 1.79915
112300 1.79915
112400 1.79915
112500 1.79915
112600 1.79915
112700 1.79915
112800 1.79915
112900 1.79915
113000 1.79915
113000 1.79915
113100 1.79915
113200 1.79915
113300 1.79915
113400 1.79915
113500 1.79915
113600 1.79915
113700 1.79915
113800 1.79915
113900 1.79915
114000 1.79915
114000 1.79915
114100 1.79915
114200 1.79915
114300 1.79915
114400 1.79915
114500 1.79915
114600 1.79915
114700 1.79915
114800 1.79915
114900 1.79915
115000 1.79915
115000 1.79915
115100 1.79915
115200 1.79915
115300 1.79915
115400 1.79915
115500 1.79915
115600 1.79915
115700 1.79915
115800 1.79915
115900 1.79915
116000 1.79915
116000 1.79915
116100 1.79915
116200 1.79915
116300 1.79915
116400 1.79915
116500 1.79915
116600 1.79915
116700 1.79915
116800 1.79915
116900 1.79915
117000 1.79915
117000 1.79915
117100 1.79915
117200 1.79915
117300 1.79915
117400 1.79915
117500 1.79915
117600 1.79915
117700 1.79915
117800 1.79915
117900 1.79915
118000 1.79915
118000 1.79915
118100 1.79915
118200 1.79915
118300 1.79915
118400 1.79915
118500 1.79915
118600 1.79915
118700 1.79915
118800 1.79915
118900 1.79915
119000 1.79915
119000 1.79915
119100 1.79915
119200 1.79915
119300 1.79915
119400 1.79915
119500 1.79915
119600 1.79915
119700 1.79915
119800 1.79915
119900 1.79915
120000 1.79915
120000 1.79915
120100 1.79915
120200 1.79915
120300 1.79915
120400 1.79915
120500 1.79915
120600 1.79915
120700 1.79915
120800 1.79915
120900 1.79915
121000 1.79915
121000 1.79915
121100 1.79915
121200 1.79915
121300 1.79915
121400 1.79915
121500 1.79915
121600 1.79915
121700 1.79915
121800 1.79915
121900 1.79915
122000 1.79915
122000 1.79915
122100 1.79915
122200 1.79915
122300 1.79915
122400 1.79915
122500 1.79915
122600 1.79915
122700 1.79915
122800 1.79915
122900 1.79915
123000 1.79915
123000 1.79915
123100 1.79915
123200 1.79915
123300 1.79915
123400 1.79915
123500 1.79915
123600 1.79915
123700 1.79915
123800 1.79915
123900 1.79915
124000 1.79914
124000 1.79914
124100 1.79914
124200 1.79914
124300 1.79914
124400 1.79914
124500 1.79914
124600 1.79914
124700 1.79914
124800 1.79914
124900 1.79914
125000 1.79914
125000 1.79914
125100 1.79914
125200 1.79914
125300 1.79914
125400 1.79914
125500 1.79914
125600 1.79914
125700 1.79914
125800 1.79914
125900 1.79914
126000 1.79914
126000 1.79914
126100 1.79914
126200 1.79914
126300 1.79914
126400 1.79914
126500 1.79914
126600 1.79914
126700 1.79914
126800 1.79914
126900 1.79914
127000 1.79914
127000 1.79914
127100 1.79914
127200 1.79914
127300 1.79914
127400 1.79914
127500 1.79914
127600 1.79914
127700 1.79914
127800 1.79914
127900 1.79914
128000 1.79914
128000 1.79914
128100 1.79914
128200 1.79914
128300 1.79914
128400 1.79914
128500 1.79914
128600 1.79914
128700 1.79914
128800 1.79914
128900 1.79914
129000 1.79914
129000 1.79914
129100 1.79914
129200 1.79914
129300 1.79914
129400 1.79914
129500 1.79914
129600 1.79914
129700 1.79914
129800 1.79914
129900 1.79914
130000 1.79914
130000 1.79914
130100 1.79914
130200 1.79914
130300 1.79914
130400 1.79914
130500 1.79914
130600 1.79914
130700 1.79914
130800 1.79914
130900 1.79914
131000 1.79914
131000 1.79914
131100 1.79914
131200 1.79914
131300 1.79914
131400 1.79914
131500 1.79914
131600 1.79914
131700 1.79914
131800 1.79914
131900 1.79914
132000 1.79914
132000 1.79914
132100 1.79914
132200 1.79914
132300 1.79914
132400 1.79914
132500 1.79914
132600 1.79914
132700 1.79914
132800 1.79914
132900 1.79914
133000 1.79914
133000 1.79914
133100 1.79914
133200 1.79914
133300 1.79914
133400 1.79914
133500 1.79914
133600 1.79914
133700 1.79914
133800 1.79914
133900 1.79914
134000 1.79914
134000 1.79914
134100 1.79914
134200 1.79914
134300 1.79914
134400 1.79914
134500 1.79914
134600 1.79914
134700 1.79914
134800 1.79914
134900 1.79914
135000 1.79914
135000 1.79914
135100 1.79914
135200 1.79914
135300 1.79914
135400 1.79914
135500 1.79914
135600 1.79914
135700 1.79914
135800 1.79914
135900 1.79914
136000 1.79914
136000 1.79914
136100 1.79914
136200 1.79914
136300 1.79914
136400 1.79914
136500 1.79914
136600 1.79914
136700 1.79914
136800 1.79914
136900 1.79914
137000 1.79914
137000 1.79914
137100 1.79914
137200 1.79914
137300 1.79914
137400 1.79914
137500 1.79914
137600 1.79914
137700 1.79914
137800 1.79914
137900 1.79914
138000 1.79914
138000 1.79914
138100 1.79914
138200 1.79914
138300 1.79914
138400 1.79914
138500 1.79914
138600 1.79914
138700 1.79914
138800 1.79914
138900 1.79914
139000 1.79914
139000 1.79914
139100 1.79914
139200 1.79914
139300 1.79913
139400 1.79913
139500 1.79913
139600 1.79913
139700 1.79913
139800 1.79913
139900 1.79913
140000 1.79913
140000 1.79913
140100 1.79913
140200 1.79913
140300 1.79913
140400 1.79913
140500 1.79913
140600 1.79913
140700 1.79913
140800 1.79913
140900 1.79913
141000 1.79913
141000 1.79913
141100 1.79913
141200 1.79913
141300 1.79913
141400 1.79913
141500 1.79913
141600 1.79913
141700 1.79913
141800 1.79913
141900 1.79913
142000 1.79913
142000 1.79913
142100 1.79913
142200 1.79913
142300 1.79913
142400 1.79913
142500 1.79913
142600 1.79913
142700 1.79913
142800 1.79913
142900 1.79913
143000 1.79913
143000 1.79913
143100 1.79913
143200 1.79913
143300 1.79913
143400 1.79913
143500 1.79913
143600 1.79913
143700 1.79913
143800 1.79913
143900 1.79913
144000 1.79913
144000 1.79913
144100 1.79913
144200 1.79913
144300 1.79913
144400 1.79913
144500 1.79913
144600 1.79913
144700 1.79913
144800 1.79913
144900 1.79913
145000 1.79913
145000 1.79913
145100 1.79913
145200 1.79913
145300 1.79913
145400 1.79913
145500 1.79913
145600 1.79913
145700 1.79913
145800 1.79913
145900 1.79913
146000 1.79913
146000 1.79913
146100 1.79913
146200 1.79913
146300 1.79913
146400 1.79913
146500 1.79913
146600 1.79913
146700 1.79913
146800 1.79913
146900 1.79913
147000 1.79913
147000 1.79913
147100 1.79913
147200 1.79913
147300 1.79913
147400 1.79913
147500 1.79913
147600 1.79913
147700 1.79913
147800 1.79913
147900 1.79913
148000 1.79913
148000 1.79913
148100 1.79913
148200 1.79913
148300 1.79913
148400 1.79913
148500 1.79913
148600 1.79913
148700 1.79913
148800 1.79913
148900 1.79913
149000 1.79913
149000 1.79913
149100 1.79913
149200 1.79913
149300 1.79913
149400 1.79913
149500 1.79913
149600 1.79913
149700 1.79913
149800 1.79913
149900 1.79913
150000 1.79913
150000 1.79913
150100 1.79913
150200 1.79913
150300 1.79913
150400 1.79913
150500 1.79913
150600 1.79913
150700 1.79913
150800 1.79913
150900 1.79913
151000 1.79913
151000 1.79913
151100 1.79913
151200 1.79913
151300 1.79913
151400 1.79913
151500 1.79913
151600 1.79913
151700 1.79913
151800 1.79913
151900 1.79913
152000 1.79913
152000 1.79913
152100 1.79913
152200 1.79913
152300 1.79913
152400 1.79913
152500 1.79913
152600 1.79913
152700 1.79913
152800 1.79913
152900 1.79913
153000 1.79913
153000 1.79913
153100 1.79913
153200 1.79913
153300 1.79913
153400 1.79913
153500 1.79913
153600 1.79913
153700 1.79913
153800 1.79913
153900 1.79913
154000 1.79913
154000 1.79913
154100 1.79913
154200 1.79913
154300 1.79913
154400 1.79913
154500 1.79913
154600 1.79912
154700 1.79912
154800 1.79912
154900 1.79912
155000 1.79912
155000 1.79912
155100 1.79912
155200 1.79912
155300 1.79912
155400 1.79912
155500 1.79912
155600 1.79912
155700 1.79912
155800 1.79912
155900 1.79912
156000 1.79912
156000 1.79912
156100 1.79912
156200 1.79912
156300 1.79912
156400 1.79912
156500 1.79912
156600 1.79912
156700 1.79912
156800 1.79912
156900 1.79912
157000 1.79912
157000 1.79912
157100 1.79912
157200 1.79912
157300 1.79912
157400 1.79912
157500 1.79912
157600 1.79912
157700 1.79912
157800 1.79912
157900 1.79912
158000 1.79912
158000 1.79912
158100 1.79912
158200 1.79912
158300 1.79912
158400 1.79912
158500 1.79912
158600 1.79912
158700 1.79912
158800 1.79912
158900 1.79912
159000 1.79912
159000 1.79912
159100 1.79912
159200 1.79912
159300 1.79912
159400 1.79912
159500 1.79912
159600 1.79912
159700 1.79912
159800 1.79912
159900 1.79912
160000 1.79912
160000 1.79912
160100 1.79912
160200 1.79912
160300 1.79912
160400 1.79912
160500 1.79912
160600 1.79912
160700 1.79912
160800 1.79912
160900 1.79912
161000 1.79912
161000 1.79912
161100 1.79912
161200 1.79912
161300 1.79912
161400 1.79912
161500 1.79912
161600 1.79912
161700 1.79912
161800 1.79912
161900 1.79912
162000 1.79912
162000 1.79912
162100 1.79912
162200 1.79912
162300 1.79912
162400 1.79912
162500 1.79912
162600 1.79912
162700 1.79912
162800 1.79912
162900 1.79912
163000 1.79912
163000 1.79912
163100 1.79912
163200 1.79912
163300 1.79912
163400 1.79912
163500 1.79912
163600 1.79912
163700 1.79912
163800 1.79912
163900 1.79912
164000 1.79912
164000 1.79912
164100 1.79912
164200 1.79912
164300 1.79912
164400 1.79912
164500 1.79912
164600 1.79912
164700 1.79912
164800 1.79912
164900 1.79912
165000 1.79912
165000 1.79912
165100 1.79912
165200 1.79912
165300 1.79912
165400 1.79912
165500 1.79912
165600 1.79912
165700 1.79912
165800 1.79912
165900 1.79912
166000 1.79912
166000 1.79912
166100 1.79912
166200 1.79912
166300 1.79912
166400 1.79912
166500 1.79912
166600 1.79912
166700 1.79912
166800 1.79912
166900 1.79912
167000 1.79912
167000 1.79912
167100 1.79912
167200 1.79912
167300 1.79912
167400 1.79912
167500 1.79912
167600 1.79912
167700 1.79912
167800 1.79912
167900 1.79912
168000 1.79912
168000 1.79912
168100 1.79912
168200 1.79912
168300 1.79912
168400 1.79912
168500 1.79912
168600 1.79912
168700 1.79912
168800 1.79912
168900 1.79912
169000 1.79912
169000 1.79912
169100 1.79912
169200 1.79912
169300 1.79912
169400 1.79912
169500 1.79912
169600 1.79912
169700 1.79912
169800 1.79912
169900 1.79911
170000 1.79911
170000 1.79911
170100 1.79911
170200 1.79911
170300 1.79911
170400 1.79911
170500 1.79911
170600 1.79911
170700 1.79911
170800 1.79911
170900 1.79911
171000 1.79911
171000 1.79911
171100 1.79911
171200 1.79911
171300 1.79911
171400 1.79911
171500 1.79911
171600 1.79911
171700 1.79911
171800 1.79911
171900 1.79911
172000 1.79911
172000 1.79911
172100 1.79911
172200 1.79911
172300 1.79911
172400 1.79911
172500 1.79911
172600 1.79911
172700 1.79911
172800 1.79911
172900 1.79911
173000 1.79911
173000 1.79911
173100 1.79911
173200 1.79911
173300 1.79911
173400 1.79911
173500 1.79911
173600 1.79911
173700 1.79911
173800 1.79911
173900 1.79911
174000 1.79911
174000 1.79911
174100 1.79911
174200 1.79911
174300 1.79911
174400 1.79911
174500 1.79911
174600 1.79911
174700 1.79911
174800 1.79911
174900 1.79911
175000 1.79911
175000 1.79911
175100 1.79911
175200 1.79911
175300 1.79911
175400 1.79911
175500 1.79911
175600 1.79911
175700 1.79911
175800 1.79911
175900 1.79911
176000 1.79911
176000 1.79911
176100 1.79911
176200 1.79911
176300 1.79911
176400 1.79911
176500 1.79911
176600 1.79911
176700 1.79911
176800 1.79911
176900 1.79911
177000 1.79911
177000 1.79911
177100 1.79911
177200 1.79911
177300 1.79911
177400 1.79911
177500 1.79911
177600 1.79911
177700 1.79911
177800 1.79911
177900 1.79911
178000 1.79911
178000 1.79911
178100 1.79911
178200 1.79911
178300 1.79911
178400 1.79911
178500 1.79911
178600 1.79911
178700 1.79911
178800 1.79911
178900 1.79911
179000 1.79911
179000 1.79911
179100 1.79911
179200 1.79911
179300 1.79911
179400 1.79911
179500 1.79911
179600 1.79911
179700 1.79911
179800 1.79911
179900 1.79911
180000 1.79911
180000 1.79911
180100 1.79911
180200 1.79911
180300 1.79911
180400 1.79911
180500 1.79911
180600 1.79911
180700 1.79911
180800 1.79911
180900 1.79911
181000 1.79911
181000 1.79911
181100 1.79911
181200 1.79911
181300 1.79911
181400 1.79911
181500 1.79911
181600 1.79911
181700 1.79911
181800 1.79911
181900 1.79911
182000 1.79911
182000 1.79911
182100 1.79911
182200 1.79911
182300 1.79911
182400 1.79911
182500 1.79911
182600 1.79911
182700 1.79911
182800 1.79911
182900 1.79911
183000 1.79911
183000 1.79911
183100 1.79911
183200 1.79911
183300 1.79911
183400 1.79911
183500 1.79911
183600 1.79911
183700 1.79911
183800 1.79911
183900 1.79911
184000 1.79911
184000 1.79911
184100 1.79911
184200 1.79911
184300 1.79911
184400 1.79911
184500 1.79911
184600 1.79911
184700 1.79911
184800 1.79911
184900 1.79911
185000 1.79911
185000 1.79911
185100 1.79911
185200 1.7991
185300 1.7991
185400 1.7991
185500 1.7991
185600 1.7991
185700 1.7991
185800 1.7991
185900 1.7991
186000 1.7991
186000 1.7991
186100 1.7991
186200 1.7991
186300 1.7991
186400 1.7991
186500 1.7991
186600 1.7991
186700 1.7991
186800 1.7991
186900 1.7991
187000 1.7991
187000 1.7991
187100 1.7991
187200 1.7991
187300 1.7991
187400 1.7991
187500 1.7991
187600 1.7991
187700 1.7991
187800 1.7991
187900 1.7991
188000 1.7991
188000 1.7991
188100 1.7991
188200 1.7991
188300 1.7991
188400 1.7991
188500 1.7991
188600 1.7991
188700 1.7991
188800 1.7991
188900 1.7991
189000 1.7991
189000 1.7991
189100 1.7991
189200 1.7991
189300 1.7991
189400 1.7991
189500 1.7991
189600 1.7991
189700 1.7991
189800 1.7991
189900 1.7991
190000 1.7991
190000 1.7991
190100 1.7991
190200 1.7991
190300 1.7991
190400 1.7991
190500 1.7991
190600 1.7991
190700 1.7991
190800 1.7991
190900 1.7991
191000 1.7991
191000 1.7991
191100 1.7991
191200 1.7991
191300 1.7991
191400 1.7991
191500 1.7991
191600 1.7991
191700 1.7991
191800 1.7991
191900 1.7991
192000 1.7991
192000 1.7991
192100 1.7991
192200 1.7991
192300 1.7991
192400 1.7991
192500 1.7991
192600 1.7991
192700 1.7991
192800 1.7991
192900 1.7991
193000 1.7991
193000 1.7991
193100 1.7991
193200 1.7991
193300 1.7991
193400 1.7991
193500 1.7991
193600 1.7991
193700 1.7991
193800 1.7991
193900 1.7991
194000 1.7991
194000 1.7991
194100 1.7991
194200 1.7991
194300 1.7991
194400 1.7991
194500 1.7991
194600 1.7991
194700 1.7991
194800 1.7991
194900 1.7991
195000 1.7991
195000 1.7991
195100 1.7991
195200 1.7991
195300 1.7991
195400 1.7991
195500 1.7991
195600 1.7991
195700 1.7991
195800 1.7991
195900 1.7991
196000 1.7991
196000 1.7991
196100 1.7991
196200 1.7991
196300 1.7991
196400 1.7991
196500 1.7991
196600 1.7991
196700 1.7991
196800 1.7991
196900 1.7991
197000 1.7991
197000 1.7991
197100 1.7991
197200 1.7991
197300 1.7991
197400 1.7991
197500 1.7991
197600 1.7991
197700 1.7991
197800 1.7991
197900 1.7991
198000 1.7991
198000 1.7991
198100 1.7991
198200 1.7991
198300 1.7991
198400 1.7991
198500 1.7991
198600 1.7991
198700 1.7991
198800 1.7991
198900 1.7991
199000 1.7991
199000 1.7991
199100 1.7991
199200 1.7991
199300 1.7991
199400 1.7991
199500 1.7991
199600 1.7991
199700 1.7991
199800 1.7991
199900 1.7991
200000 1.7991
200000 1.7991
200100 1.7991
200200 1.7991
200300 1.7991
200400 1.79909
200500 1.79909
200600 1.79909
200700 1.79909
200800 1.79909
200900 1.79909
201000 1.79909
201000 1.79909
201100 1.79909
201200 1.79909
201300 1.79909
201400 1.79909
201500 1.79909
201600 1.79909
201700 1.79909
201800 1.79909
201900 1.79909
202000 1.79909
202000 1.79909
202100 1.79909
202200 1.79909
202300 1.79909
202400 1.79909
202500 1.79909
202600 1.79909
202700 1.79909
202800 1.79909
202900 1.79909
203000 1.79909
203000 1.79909
203100 1.79909
203200 1.79909
203300 1.79909
203400 1.79909
203500 1.79909
203600 1.79909
203700 1.79909
203800 1.79909
203900 1.79909
