0 3
0 2.99961
2 2.98108
100 2.80822
200 2.64148
300 2.48464
400 2.33711
500 2.19834
600 2.06781
700 1.94503
800 1.82954
900 1.72091
900 1.72091
1000 1.72091
1000 1.72091
1100 1.72091
1200 1.72091
1300 1.72091
1400 1.72091
1500 1.72091
1600 1.72091
1700 1.72091
1800 1.72091
1900 1.72091
2000 1.72091
2000 1.72091
2100 1.72091
2200 1.72091
2300 1.72091
2400 1.7209
2500 1.7209
2600 1.7209
2700 1.7209
2800 1.7209
2900 1.7209
3000 1.7209
3000 1.7209
3100 1.7209
3200 1.7209
3300 1.7209
3400 1.7209
3500 1.7209
3600 1.7209
3700 1.7209
3800 1.7209
3900 1.7209
4000 1.7209
4000 1.7209
4100 1.7209
4200 1.7209
4300 1.72089
4400 1.72089
4500 1.72089
4600 1.72089
4700 1.72089
4800 1.72089
4900 1.72089
5000 1.72089
5000 1.72089
5100 1.72089
5200 1.72089
5300 1.72089
5400 1.72089
5500 1.72089
5600 1.72089
5700 1.72089
5800 1.72089
5900 1.72089
6000 1.72089
6000 1.72089
6100 1.72089
6200 1.72088
6300 1.72088
6400 1.72088
6500 1.72088
6600 1.72088
6700 1.72088
6800 1.72088
6900 1.72088
7000 1.72088
7000 1.72088
7100 1.72088
7200 1.72088
7300 1.72088
7400 1.72088
7500 1.72088
7600 1.72088
7700 1.72088
7800 1.72088
7900 1.72088
8000 1.72088
8000 1.72088
8100 1.72088
8200 1.72087
8300 1.72087
8400 1.72087
8500 1.72087
8600 1.72087
8700 1.72087
8800 1.72087
8900 1.72087
9000 1.72087
9000 1.72087
9100 1.72087
9200 1.72087
9300 1.72087
9400 1.72087
9500 1.72087
9600 1.72087
9700 1.72087
9800 1.72087
9900 1.72087
10000 1.72087
10000 1.72087
10100 1.72086
10200 1.72086
10300 1.72086
10400 1.72086
10500 1.72086
10600 1.72086
10700 1.72086
10800 1.72086
10900 1.72086
11000 1.72086
11000 1.72086
11100 1.72086
11200 1.72086
11300 1.72086
11400 1.72086
11500 1.72086
11600 1.72086
11700 1.72086
11800 1.72086
11900 1.72086
12000 1.72085
12000 1.72085
12100 1.72085
12200 1.72085
12300 1.72085
12400 1.72085
12500 1.72085
12600 1.72085
12700 1.72085
12800 1.72085
12900 1.72085
13000 1.72085
13000 1.72085
13100 1.72085
13200 1.72085
13300 1.72085
13400 1.72085
13500 1.72085
13600 1.72085
13700 1.72085
13800 1.72085
13900 1.72084
14000 1.72084
14000 1.72084
14100 1.72084
14200 1.72084
14300 1.72084
14400 1.72084
14500 1.72084
14600 1.72084
14700 1.72084
14800 1.72084
14900 1.72084
15000 1.72084
15000 1.72084
15100 1.72084
15200 1.72084
15300 1.72084
15400 1.72084
15500 1.72084
15600 1.72084
15700 1.72084
15800 1.72083
15900 1.72083
16000 1.72083
16000 1.72083
16100 1.72083
16200 1.72083
16300 1.72083
16400 1.72083
16500 1.72083
16600 1.72083
16700 1.72083
16800 1.72083
16900 1.72083
17000 1.72083
17000 1.72083
17100 1.72083
17200 1.72083
17300 1.72083
17400 1.72083
17500 1.72083
17600 1.72083
17700 1.72083
17800 1.72082
17900 1.72082
18000 1.72082
18000 1.72082
18100 1.72082
18200 1.72082
18300 1.72082
18400 1.72082
18500 1.72082
18600 1.72082
18700 1.72082
18800 1.72082
18900 1.72082
19000 1.72082
19000 1.72082
19100 1.72082
19200 1.72082
19300 1.72082
19400 1.72082
19500 1.72082
19600 1.72082
19700 1.72081
19800 1.72081
19900 1.72081
20000 1.72081
20000 1.72081
20100 1.72081
20200 1.72081
20300 1.72081
20400 1.72081
20500 1.72081
20600 1.72081
20700 1.72081
20800 1.72081
20900 1.72081
21000 1.72081
21000 1.72081
21100 1.72081
21200 1.72081
21300 1.72081
21400 1.72081
21500 1.72081
21600 1.7208
21700 1.7208
21800 1.7208
21900 1.7208
22000 1.7208
22000 1.7208
22100 1.7208
22200 1.7208
22300 1.7208
22400 1.7208
22500 1.7208
22600 1.7208
22700 1.7208
22800 1.7208
22900 1.7208
23000 1.7208
23000 1.7208
23100 1.7208
23200 1.7208
23300 1.7208
23400 1.7208
23500 1.72079
23600 1.72079
23700 1.72079
23800 1.72079
23900 1.72079
24000 1.72079
24000 1.72079
24100 1.72079
24200 1.72079
24300 1.72079
24400 1.72079
24500 1.72079
24600 1.72079
24700 1.72079
24800 1.72079
24900 1.72079
25000 1.72079
25000 1.72079
25100 1.72079
25200 1.72079
25300 1.72079
25400 1.72078
25500 1.72078
25600 1.72078
25700 1.72078
25800 1.72078
25900 1.72078
26000 1.72078
26000 1.72078
26100 1.72078
26200 1.72078
26300 1.72078
26400 1.72078
26500 1.72078
26600 1.72078
26700 1.72078
26800 1.72078
26900 1.72078
27000 1.72078
27000 1.72078
27100 1.72078
27200 1.72078
27300 1.72077
27400 1.72077
27500 1.72077
27600 1.72077
27700 1.72077
27800 1.72077
27900 1.72077
28000 1.72077
28000 1.72077
28100 1.72077
28200 1.72077
28300 1.72077
28400 1.72077
28500 1.72077
28600 1.72077
28700 1.72077
28800 1.72077
28900 1.72077
29000 1.72077
29000 1.72077
29100 1.72077
29200 1.72077
29300 1.72076
29400 1.72076
29500 1.72076
29600 1.72076
29700 1.72076
29800 1.72076
29900 1.72076
30000 1.72076
30000 1.72076
30100 1.72076
30200 1.72076
30300 1.72076
30400 1.72076
30500 1.72076
30600 1.72076
30700 1.72076
30800 1.72076
30900 1.72076
31000 1.72076
31000 1.72076
31100 1.72076
31200 1.72075
31300 1.72075
31400 1.72075
31500 1.72075
31600 1.72075
31700 1.72075
31800 1.72075
31900 1.72075
32000 1.72075
32000 1.72075
32100 1.72075
32200 1.72075
32300 1.72075
32400 1.72075
32500 1.72075
32600 1.72075
32700 1.72075
32800 1.72075
32900 1.72075
33000 1.72075
33000 1.72075
33100 1.72074
33200 1.72074
33300 1.72074
33400 1.72074
33500 1.72074
33600 1.72074
33700 1.72074
33800 1.72074
33900 1.72074
34000 1.72074
34000 1.72074
34100 1.72074
34200 1.72074
34300 1.72074
34400 1.72074
34500 1.72074
34600 1.72074
34700 1.72074
34800 1.72074
34900 1.72074
35000 1.72073
35000 1.72073
35100 1.72073
35200 1.72073
35300 1.72073
35400 1.72073
35500 1.72073
35600 1.72073
35700 1.72073
35800 1.72073
35900 1.72073
36000 1.72073
36000 1.72073
36100 1.72073
36200 1.72073
36300 1.72073
36400 1.72073
36500 1.72073
36600 1.72073
36700 1.72073
36800 1.72073
36900 1.72072
37000 1.72072
37000 1.72072
37100 1.72072
37200 1.72072
37300 1.72072
37400 1.72072
37500 1.72072
37600 1.72072
37700 1.72072
37800 1.72072
37900 1.72072
38000 1.72072
38000 1.72072
38100 1.72072
38200 1.72072
38300 1.72072
38400 1.72072
38500 1.72072
38600 1.72072
38700 1.72072
38800 1.72072
38900 1.72071
39000 1.72071
39000 1.72071
39100 1.72071
39200 1.72071
39300 1.72071
39400 1.72071
39500 1.72071
39600 1.72071
39700 1.72071
39800 1.72071
39900 1.72071
40000 1.72071
40000 1.72071
40100 1.72071
40200 1.72071
40300 1.72071
40400 1.72071
40500 1.72071
40600 1.72071
40700 1.72071
40800 1.7207
40900 1.7207
41000 1.7207
41000 1.7207
41100 1.7207
41200 1.7207
41300 1.7207
41400 1.7207
41500 1.7207
41600 1.7207
41700 1.7207
41800 1.7207
41900 1.7207
42000 1.7207
42000 1.7207
42100 1.7207
42200 1.7207
42300 1.7207
42400 1.7207
42500 1.7207
42600 1.7207
42700 1.72069
42800 1.72069
42900 1.72069
43000 1.72069
43000 1.72069
43100 1.72069
43200 1.72069
43300 1.72069
43400 1.72069
43500 1.72069
43600 1.72069
43700 1.72069
43800 1.72069
43900 1.72069
44000 1.72069
44000 1.72069
44100 1.72069
44200 1.72069
44300 1.72069
44400 1.72069
44500 1.72069
44600 1.72068
44700 1.72068
44800 1.72068
44900 1.72068
45000 1.72068
45000 1.72068
45100 1.72068
45200 1.72068
45300 1.72068
45400 1.72068
45500 1.72068
45600 1.72068
45700 1.72068
45800 1.72068
45900 1.72068
46000 1.72068
46000 1.72068
46100 1.72068
46200 1.72068
46300 1.72068
46400 1.72068
46500 1.72067
46600 1.72067
46700 1.72067
46800 1.72067
46900 1.72067
47000 1.72067
47000 1.72067
47100 1.72067
47200 1.72067
47300 1.72067
47400 1.72067
47500 1.72067
47600 1.72067
47700 1.72067
47800 1.72067
47900 1.72067
48000 1.72067
48000 1.72067
48100 1.72067
48200 1.72067
48300 1.72067
48400 1.72066
48500 1.72066
48600 1.72066
48700 1.72066
48800 1.72066
48900 1.72066
49000 1.72066
49000 1.72066
49100 1.72066
49200 1.72066
49300 1.72066
49400 1.72066
49500 1.72066
49600 1.72066
49700 1.72066
49800 1.72066
49900 1.72066
50000 1.72066
50000 1.72066
50100 1.72066
50200 1.72066
50300 1.72066
50400 1.72065
50500 1.72065
50600 1.72065
50700 1.72065
50800 1.72065
50900 1.72065
51000 1.72065
51000 1.72065
51100 1.72065
51200 1.72065
51300 1.72065
51400 1.72065
51500 1.72065
51600 1.72065
51700 1.72065
51800 1.72065
51900 1.72065
52000 1.72065
52000 1.72065
52100 1.72065
52200 1.72065
52300 1.72064
52400 1.72064
52500 1.72064
52600 1.72064
52700 1.72064
52800 1.72064
52900 1.72064
53000 1.72064
53000 1.72064
53100 1.72064
53200 1.72064
53300 1.72064
53400 1.72064
53500 1.72064
53600 1.72064
53700 1.72064
53800 1.72064
53900 1.72064
54000 1.72064
54000 1.72064
54100 1.72064
54200 1.72063
54300 1.72063
54400 1.72063
54500 1.72063
54600 1.72063
54700 1.72063
54800 1.72063
54900 1.72063
55000 1.72063
55000 1.72063
55100 1.72063
55200 1.72063
55300 1.72063
55400 1.72063
55500 1.72063
55600 1.72063
55700 1.72063
55800 1.72063
55900 1.72063
56000 1.72063
56000 1.72063
56100 1.72062
56200 1.72062
56300 1.72062
56400 1.72062
56500 1.72062
56600 1.72062
56700 1.72062
56800 1.72062
56900 1.72062
57000 1.72062
57000 1.72062
57100 1.72062
57200 1.72062
57300 1.72062
57400 1.72062
57500 1.72062
57600 1.72062
57700 1.72062
57800 1.72062
57900 1.72062
58000 1.72061
58000 1.72061
58100 1.72061
58200 1.72061
58300 1.72061
58400 1.72061
58500 1.72061
58600 1.72061
58700 1.72061
58800 1.72061
58900 1.72061
59000 1.72061
59000 1.72061
59100 1.72061
59200 1.72061
59300 1.72061
59400 1.72061
59500 1.72061
59600 1.72061
59700 1.72061
59800 1.72061
59900 1.7206
60000 1.7206
60000 1.7206
60100 1.7206
60200 1.7206
60300 1.7206
60400 1.7206
60500 1.7206
60600 1.7206
60700 1.7206
60800 1.7206
60900 1.7206
61000 1.7206
61000 1.7206
61100 1.7206
61200 1.7206
61300 1.7206
61400 1.7206
61500 1.7206
61600 1.7206
61700 1.7206
61800 1.7206
61900 1.72059
62000 1.72059
62000 1.72059
62100 1.72059
62200 1.72059
62300 1.72059
62400 1.72059
62500 1.72059
62600 1.72059
62700 1.72059
62800 1.72059
62900 1.72059
63000 1.72059
63000 1.72059
63100 1.72059
63200 1.72059
63300 1.72059
63400 1.72059
63500 1.72059
63600 1.72059
63700 1.72059
63800 1.72058
63900 1.72058
64000 1.72058
64000 1.72058
64100 1.72058
64200 1.72058
64300 1.72058
64400 1.72058
64500 1.72058
64600 1.72058
64700 1.72058
64800 1.72058
64900 1.72058
65000 1.72058
65000 1.72058
65100 1.72058
65200 1.72058
65300 1.72058
65400 1.72058
65500 1.72058
65600 1.72058
65700 1.72057
65800 1.72057
65900 1.72057
66000 1.72057
66000 1.72057
66100 1.72057
66200 1.72057
66300 1.72057
66400 1.72057
66500 1.72057
66600 1.72057
66700 1.72057
66800 1.72057
66900 1.72057
67000 1.72057
67000 1.72057
67100 1.72057
67200 1.72057
67300 1.72057
67400 1.72057
67500 1.72057
67600 1.72056
67700 1.72056
67800 1.72056
67900 1.72056
68000 1.72056
68000 1.72056
68100 1.72056
68200 1.72056
68300 1.72056
68400 1.72056
68500 1.72056
68600 1.72056
68700 1.72056
68800 1.72056
68900 1.72056
69000 1.72056
69000 1.72056
69100 1.72056
69200 1.72056
69300 1.72056
69400 1.72056
69500 1.72055
69600 1.72055
69700 1.72055
69800 1.72055
69900 1.72055
70000 1.72055
70000 1.72055
70100 1.72055
70200 1.72055
70300 1.72055
70400 1.72055
70500 1.72055
70600 1.72055
70700 1.72055
70800 1.72055
70900 1.72055
71000 1.72055
71000 1.72055
71100 1.72055
71200 1.72055
71300 1.72055
71400 1.72055
71500 1.72054
71600 1.72054
71700 1.72054
71800 1.72054
71900 1.72054
72000 1.72054
72000 1.72054
72100 1.72054
72200 1.72054
72300 1.72054
72400 1.72054
72500 1.72054
72600 1.72054
72700 1.72054
72800 1.72054
72900 1.72054
73000 1.72054
73000 1.72054
73100 1.72054
73200 1.72054
73300 1.72054
73400 1.72053
73500 1.72053
73600 1.72053
73700 1.72053
73800 1.72053
73900 1.72053
74000 1.72053
74000 1.72053
74100 1.72053
74200 1.72053
74300 1.72053
74400 1.72053
74500 1.72053
74600 1.72053
74700 1.72053
74800 1.72053
74900 1.72053
75000 1.72053
75000 1.72053
75100 1.72053
75200 1.72053
75300 1.72052
75400 1.72052
75500 1.72052
75600 1.72052
75700 1.72052
75800 1.72052
75900 1.72052
76000 1.72052
76000 1.72052
76100 1.72052
76200 1.72052
76300 1.72052
76400 1.72052
76500 1.72052
76600 1.72052
76700 1.72052
76800 1.72052
76900 1.72052
77000 1.72052
77000 1.72052
77100 1.72052
77200 1.72051
77300 1.72051
77400 1.72051
77500 1.72051
77600 1.72051
77700 1.72051
77800 1.72051
77900 1.72051
78000 1.72051
78000 1.72051
78100 1.72051
78200 1.72051
78300 1.72051
78400 1.72051
78500 1.72051
78600 1.72051
78700 1.72051
78800 1.72051
78900 1.72051
79000 1.72051
79000 1.72051
79100 1.7205
79200 1.7205
79300 1.7205
79400 1.7205
79500 1.7205
79600 1.7205
79700 1.7205
79800 1.7205
79900 1.7205
80000 1.7205
80000 1.7205
80100 1.7205
80200 1.7205
80300 1.7205
80400 1.7205
80500 1.7205
80600 1.7205
80700 1.7205
80800 1.7205
80900 1.7205
81000 1.72049
81000 1.72049
81100 1.72049
81200 1.72049
81300 1.72049
81400 1.72049
81500 1.72049
81600 1.72049
81700 1.72049
81800 1.72049
81900 1.72049
82000 1.72049
82000 1.72049
82100 1.72049
82200 1.72049
82300 1.72049
82400 1.72049
82500 1.72049
82600 1.72049
82700 1.72049
82800 1.72049
82900 1.72049
83000 1.72048
83000 1.72048
83100 1.72048
83200 1.72048
83300 1.72048
83400 1.72048
83500 1.72048
83600 1.72048
83700 1.72048
83800 1.72048
83900 1.72048
84000 1.72048
84000 1.72048
84100 1.72048
84200 1.72048
84300 1.72048
84400 1.72048
84500 1.72048
84600 1.72048
84700 1.72048
84800 1.72048
84900 1.72047
85000 1.72047
85000 1.72047
85100 1.72047
85200 1.72047
85300 1.72047
85400 1.72047
85500 1.72047
85600 1.72047
85700 1.72047
85800 1.72047
85900 1.72047
86000 1.72047
86000 1.72047
86100 1.72047
86200 1.72047
86300 1.72047
86400 1.72047
86500 1.72047
86600 1.72047
86700 1.72047
86800 1.72046
86900 1.72046
87000 1.72046
87000 1.72046
87100 1.72046
87200 1.72046
87300 1.72046
87400 1.72046
87500 1.72046
87600 1.72046
87700 1.72046
87800 1.72046
87900 1.72046
88000 1.72046
88000 1.72046
88100 1.72046
88200 1.72046
88300 1.72046
88400 1.72046
88500 1.72046
88600 1.72046
88700 1.72045
88800 1.72045
88900 1.72045
89000 1.72045
89000 1.72045
89100 1.72045
89200 1.72045
89300 1.72045
89400 1.72045
89500 1.72045
89600 1.72045
89700 1.72045
89800 1.72045
89900 1.72045
90000 1.72045
90000 1.72045
90100 1.72045
90200 1.72045
90300 1.72045
90400 1.72045
90500 1.72045
90600 1.72044
90700 1.72044
90800 1.72044
90900 1.72044
91000 1.72044
91000 1.72044
91100 1.72044
91200 1.72044
91300 1.72044
91400 1.72044
91500 1.72044
91600 1.72044
91700 1.72044
91800 1.72044
91900 1.72044
92000 1.72044
92000 1.72044
92100 1.72044
92200 1.72044
92300 1.72044
92400 1.72044
92500 1.72044
92600 1.72043
92700 1.72043
92800 1.72043
92900 1.72043
93000 1.72043
93000 1.72043
93100 1.72043
93200 1.72043
93300 1.72043
93400 1.72043
93500 1.72043
93600 1.72043
93700 1.72043
93800 1.72043
93900 1.72043
94000 1.72043
94000 1.72043
94100 1.72043
94200 1.72043
94300 1.72043
94400 1.72043
94500 1.72042
94600 1.72042
94700 1.72042
94800 1.72042
94900 1.72042
95000 1.72042
95000 1.72042
95100 1.72042
95200 1.72042
95300 1.72042
95400 1.72042
95500 1.72042
95600 1.72042
95700 1.72042
95800 1.72042
95900 1.72042
96000 1.72042
96000 1.72042
96100 1.72042
96200 1.72042
96300 1.72042
96400 1.72041
96500 1.72041
96600 1.72041
96700 1.72041
96800 1.72041
96900 1.72041
97000 1.72041
97000 1.72041
97100 1.72041
97200 1.72041
97300 1.72041
97400 1.72041
97500 1.72041
97600 1.72041
97700 1.72041
97800 1.72041
97900 1.72041
98000 1.72041
98000 1.72041
98100 1.72041
98200 1.72041
98300 1.7204
98400 1.7204
98500 1.7204
98600 1.7204
98700 1.7204
98800 1.7204
98900 1.7204
99000 1.7204
99000 1.7204
99100 1.7204
99200 1.7204
99300 1.7204
99400 1.7204
99500 1.7204
99600 1.7204
99700 1.7204
99800 1.7204
99900 1.7204
100000 1.7204
100000 1.7204
100100 1.7204
100200 1.72039
100300 1.72039
100400 1.72039
100500 1.72039
100600 1.72039
100700 1.72039
100800 1.72039
100900 1.72039
101000 1.72039
101000 1.72039
101100 1.72039
101200 1.72039
101300 1.72039
101400 1.72039
101500 1.72039
101600 1.72039
101700 1.72039
101800 1.72039
101900 1.72039
102000 1.72039
102000 1.72039
102100 1.72038
102200 1.72038
102300 1.72038
102400 1.72038
102500 1.72038
102600 1.72038
102700 1.72038
102800 1.72038
102900 1.72038
103000 1.72038
103000 1.72038
103100 1.72038
103200 1.72038
103300 1.72038
103400 1.72038
103500 1.72038
103600 1.72038
103700 1.72038
103800 1.72038
103900 1.72038
104000 1.72038
104000 1.72038
104100 1.72037
104200 1.72037
104300 1.72037
104400 1.72037
104500 1.72037
104600 1.72037
104700 1.72037
104800 1.72037
104900 1.72037
105000 1.72037
105000 1.72037
105100 1.72037
105200 1.72037
105300 1.72037
105400 1.72037
105500 1.72037
105600 1.72037
105700 1.72037
105800 1.72037
105900 1.72037
106000 1.72036
106000 1.72036
106100 1.72036
106200 1.72036
106300 1.72036
106400 1.72036
106500 1.72036
106600 1.72036
106700 1.72036
106800 1.72036
106900 1.72036
107000 1.72036
107000 1.72036
107100 1.72036
107200 1.72036
107300 1.72036
107400 1.72036
107500 1.72036
107600 1.72036
107700 1.72036
107800 1.72036
107900 1.72035
108000 1.72035
108000 1.72035
108100 1.72035
108200 1.72035
108300 1.72035
108400 1.72035
108500 1.72035
108600 1.72035
108700 1.72035
108800 1.72035
108900 1.72035
109000 1.72035
109000 1.72035
109100 1.72035
109200 1.72035
109300 1.72035
109400 1.72035
109500 1.72035
109600 1.72035
109700 1.72035
109800 1.72034
109900 1.72034
110000 1.72034
110000 1.72034
110100 1.72034
110200 1.72034
110300 1.72034
110400 1.72034
110500 1.72034
110600 1.72034
110700 1.72034
110800 1.72034
110900 1.72034
111000 1.72034
111000 1.72034
111100 1.72034
111200 1.72034
111300 1.72034
111400 1.72034
111500 1.72034
111600 1.72034
111700 1.72033
111800 1.72033
111900 1.72033
112000 1.72033
112000 1.72033
112100 1.72033
112200 1.72033
112300 1.72033
112400 1.72033
112500 1.72033
112600 1.72033
112700 1.72033
112800 1.72033
112900 1.72033
113000 1.72033
113000 1.72033
113100 1.72033
113200 1.72033
113300 1.72033
113400 1.72033
113500 1.72033
113600 1.72033
113700 1.72032
113800 1.72032
113900 1.72032
114000 1.72032
114000 1.72032
114100 1.72032
114200 1.72032
114300 1.72032
114400 1.72032
114500 1.72032
114600 1.72032
114700 1.72032
114800 1.72032
114900 1.72032
115000 1.72032
115000 1.72032
115100 1.72032
115200 1.72032
115300 1.72032
115400 1.72032
115500 1.72032
115600 1.72031
115700 1.72031
115800 1.72031
115900 1.72031
116000 1.72031
116000 1.72031
116100 1.72031
116200 1.72031
116300 1.72031
116400 1.72031
116500 1.72031
116600 1.72031
116700 1.72031
116800 1.72031
116900 1.72031
117000 1.72031
117000 1.72031
117100 1.72031
117200 1.72031
117300 1.72031
117400 1.72031
117500 1.7203
117600 1.7203
117700 1.7203
117800 1.7203
117900 1.7203
118000 1.7203
118000 1.7203
118100 1.7203
118200 1.7203
118300 1.7203
118400 1.7203
118500 1.7203
118600 1.7203
118700 1.7203
118800 1.7203
118900 1.7203
119000 1.7203
119000 1.7203
119100 1.7203
119200 1.7203
119300 1.7203
119400 1.72029
119500 1.72029
119600 1.72029
119700 1.72029
119800 1.72029
119900 1.72029
120000 1.72029
120000 1.72029
120100 1.72029
120200 1.72029
120300 1.72029
120400 1.72029
120500 1.72029
120600 1.72029
120700 1.72029
120800 1.72029
120900 1.72029
121000 1.72029
121000 1.72029
121100 1.72029
121200 1.72029
121300 1.72028
121400 1.72028
121500 1.72028
121600 1.72028
121700 1.72028
121800 1.72028
121900 1.72028
122000 1.72028
122000 1.72028
122100 1.72028
122200 1.72028
122300 1.72028
122400 1.72028
122500 1.72028
122600 1.72028
122700 1.72028
122800 1.72028
122900 1.72028
123000 1.72028
123000 1.72028
123100 1.72028
123200 1.72027
123300 1.72027
123400 1.72027
123500 1.72027
123600 1.72027
123700 1.72027
123800 1.72027
123900 1.72027
124000 1.72027
124000 1.72027
124100 1.72027
124200 1.72027
124300 1.72027
124400 1.72027
124500 1.72027
124600 1.72027
124700 1.72027
124800 1.72027
124900 1.72027
125000 1.72027
125000 1.72027
125100 1.72027
125200 1.72026
125300 1.72026
125400 1.72026
125500 1.72026
125600 1.72026
125700 1.72026
125800 1.72026
125900 1.72026
126000 1.72026
126000 1.72026
126100 1.72026
126200 1.72026
126300 1.72026
126400 1.72026
126500 1.72026
126600 1.72026
126700 1.72026
126800 1.72026
126900 1.72026
127000 1.72026
127000 1.72026
127100 1.72025
127200 1.72025
127300 1.72025
127400 1.72025
127500 1.72025
127600 1.72025
127700 1.72025
127800 1.72025
127900 1.72025
128000 1.72025
128000 1.72025
128100 1.72025
128200 1.72025
128300 1.72025
128400 1.72025
128500 1.72025
128600 1.72025
128700 1.72025
128800 1.72025
128900 1.72025
129000 1.72024
129000 1.72024
129100 1.72024
129200 1.72024
129300 1.72024
129400 1.72024
129500 1.72024
129600 1.72024
129700 1.72024
129800 1.72024
129900 1.72024
130000 1.72024
130000 1.72024
130100 1.72024
130200 1.72024
130300 1.72024
130400 1.72024
130500 1.72024
130600 1.72024
130700 1.72024
130800 1.72024
130900 1.72023
131000 1.72023
131000 1.72023
131100 1.72023
131200 1.72023
131300 1.72023
131400 1.72023
131500 1.72023
131600 1.72023
131700 1.72023
131800 1.72023
131900 1.72023
132000 1.72023
132000 1.72023
132100 1.72023
132200 1.72023
132300 1.72023
132400 1.72023
132500 1.72023
132600 1.72023
132700 1.72023
132800 1.72022
132900 1.72022
133000 1.72022
133000 1.72022
133100 1.72022
133200 1.72022
133300 1.72022
133400 1.72022
133500 1.72022
133600 1.72022
133700 1.72022
133800 1.72022
133900 1.72022
134000 1.72022
134000 1.72022
134100 1.72022
134200 1.72022
134300 1.72022
134400 1.72022
134500 1.72022
134600 1.72022
134700 1.72022
134800 1.72021
134900 1.72021
135000 1.72021
135000 1.72021
135100 1.72021
135200 1.72021
135300 1.72021
135400 1.72021
135500 1.72021
135600 1.72021
135700 1.72021
135800 1.72021
135900 1.72021
136000 1.72021
136000 1.72021
136100 1.72021
136200 1.72021
136300 1.72021
136400 1.72021
136500 1.72021
136600 1.72021
136700 1.7202
136800 1.7202
136900 1.7202
137000 1.7202
137000 1.7202
137100 1.7202
137200 1.7202
137300 1.7202
137400 1.7202
137500 1.7202
137600 1.7202
137700 1.7202
137800 1.7202
137900 1.7202
138000 1.7202
138000 1.7202
138100 1.7202
138200 1.7202
138300 1.7202
138400 1.7202
138500 1.7202
138600 1.72019
138700 1.72019
138800 1.72019
138900 1.72019
139000 1.72019
139000 1.72019
139100 1.72019
139200 1.72019
139300 1.72019
139400 1.72019
139500 1.72019
139600 1.72019
139700 1.72019
139800 1.72019
139900 1.72019
140000 1.72019
140000 1.72019
140100 1.72019
140200 1.72019
140300 1.72019
140400 1.72019
140500 1.72018
140600 1.72018
140700 1.72018
140800 1.72018
140900 1.72018
141000 1.72018
141000 1.72018
141100 1.72018
141200 1.72018
141300 1.72018
141400 1.72018
141500 1.72018
141600 1.72018
141700 1.72018
141800 1.72018
141900 1.72018
142000 1.72018
142000 1.72018
142100 1.72018
142200 1.72018
142300 1.72018
142400 1.72017
142500 1.72017
142600 1.72017
142700 1.72017
142800 1.72017
142900 1.72017
143000 1.72017
143000 1.72017
143100 1.72017
143200 1.72017
143300 1.72017
143400 1.72017
143500 1.72017
143600 1.72017
143700 1.72017
143800 1.72017
143900 1.72017
144000 1.72017
144000 1.72017
144100 1.72017
144200 1.72017
144300 1.72016
144400 1.72016
144500 1.72016
144600 1.72016
144700 1.72016
144800 1.72016
144900 1.72016
145000 1.72016
145000 1.72016
145100 1.72016
145200 1.72016
145300 1.72016
145400 1.72016
145500 1.72016
145600 1.72016
145700 1.72016
145800 1.72016
145900 1.72016
146000 1.72016
146000 1.72016
146100 1.72016
146200 1.72016
146300 1.72015
146400 1.72015
146500 1.72015
146600 1.72015
146700 1.72015
146800 1.72015
146900 1.72015
147000 1.72015
147000 1.72015
147100 1.72015
147200 1.72015
147300 1.72015
147400 1.72015
147500 1.72015
147600 1.72015
147700 1.72015
147800 1.72015
147900 1.72015
148000 1.72015
148000 1.72015
148100 1.72015
148200 1.72014
148300 1.72014
148400 1.72014
148500 1.72014
148600 1.72014
148700 1.72014
148800 1.72014
148900 1.72014
149000 1.72014
149000 1.72014
149100 1.72014
149200 1.72014
149300 1.72014
149400 1.72014
149500 1.72014
149600 1.72014
149700 1.72014
149800 1.72014
149900 1.72014
150000 1.72014
150000 1.72014
150100 1.72013
150200 1.72013
150300 1.72013
150400 1.72013
150500 1.72013
150600 1.72013
150700 1.72013
150800 1.72013
150900 1.72013
151000 1.72013
151000 1.72013
151100 1.72013
151200 1.72013
151300 1.72013
151400 1.72013
151500 1.72013
151600 1.72013
151700 1.72013
151800 1.72013
151900 1.72013
152000 1.72012
152000 1.72012
152100 1.72012
152200 1.72012
152300 1.72012
152400 1.72012
152500 1.72012
152600 1.72012
152700 1.72012
152800 1.72012
152900 1.72012
153000 1.72012
153000 1.72012
153100 1.72012
153200 1.72012
153300 1.72012
153400 1.72012
153500 1.72012
153600 1.72012
153700 1.72012
153800 1.72012
153900 1.72011
154000 1.72011
154000 1.72011
154100 1.72011
154200 1.72011
154300 1.72011
154400 1.72011
154500 1.72011
154600 1.72011
154700 1.72011
154800 1.72011
154900 1.72011
155000 1.72011
155000 1.72011
155100 1.72011
155200 1.72011
155300 1.72011
155400 1.72011
155500 1.72011
155600 1.72011
155700 1.72011
155800 1.72011
155900 1.7201
156000 1.7201
156000 1.7201
156100 1.7201
156200 1.7201
156300 1.7201
156400 1.7201
156500 1.7201
156600 1.7201
156700 1.7201
156800 1.7201
156900 1.7201
157000 1.7201
157000 1.7201
157100 1.7201
157200 1.7201
157300 1.7201
157400 1.7201
157500 1.7201
157600 1.7201
157700 1.7201
157800 1.72009
157900 1.72009
158000 1.72009
158000 1.72009
158100 1.72009
158200 1.72009
158300 1.72009
158400 1.72009
158500 1.72009
158600 1.72009
158700 1.72009
158800 1.72009
158900 1.72009
159000 1.72009
159000 1.72009
159100 1.72009
159200 1.72009
159300 1.72009
159400 1.72009
159500 1.72009
159600 1.72009
159700 1.72008
159800 1.72008
159900 1.72008
160000 1.72008
160000 1.72008
160100 1.72008
160200 1.72008
160300 1.72008
160400 1.72008
160500 1.72008
160600 1.72008
160700 1.72008
160800 1.72008
160900 1.72008
161000 1.72008
161000 1.72008
161100 1.72008
161200 1.72008
161300 1.72008
161400 1.72008
161500 1.72008
161600 1.72007
161700 1.72007
161800 1.72007
161900 1.72007
162000 1.72007
162000 1.72007
162100 1.72007
162200 1.72007
162300 1.72007
162400 1.72007
162500 1.72007
162600 1.72007
162700 1.72007
162800 1.72007
162900 1.72007
163000 1.72007
163000 1.72007
163100 1.72007
163200 1.72007
163300 1.72007
163400 1.72007
163500 1.72006
163600 1.72006
163700 1.72006
163800 1.72006
163900 1.72006
164000 1.72006
164000 1.72006
164100 1.72006
164200 1.72006
164300 1.72006
164400 1.72006
164500 1.72006
164600 1.72006
164700 1.72006
164800 1.72006
164900 1.72006
165000 1.72006
165000 1.72006
165100 1.72006
165200 1.72006
165300 1.72006
165400 1.72006
165500 1.72005
165600 1.72005
165700 1.72005
165800 1.72005
165900 1.72005
166000 1.72005
166000 1.72005
166100 1.72005
166200 1.72005
166300 1.72005
166400 1.72005
166500 1.72005
166600 1.72005
166700 1.72005
166800 1.72005
166900 1.72005
167000 1.72005
167000 1.72005
167100 1.72005
167200 1.72005
167300 1.72005
167400 1.72004
167500 1.72004
167600 1.72004
167700 1.72004
167800 1.72004
167900 1.72004
168000 1.72004
168000 1.72004
168100 1.72004
168200 1.72004
168300 1.72004
168400 1.72004
168500 1.72004
168600 1.72004
168700 1.72004
168800 1.72004
168900 1.72004
169000 1.72004
169000 1.72004
169100 1.72004
169200 1.72004
169300 1.72003
169400 1.72003
169500 1.72003
169600 1.72003
169700 1.72003
169800 1.72003
169900 1.72003
170000 1.72003
170000 1.72003
170100 1.72003
170200 1.72003
170300 1.72003
170400 1.72003
170500 1.72003
170600 1.72003
170700 1.72003
170800 1.72003
170900 1.72003
171000 1.72003
171000 1.72003
171100 1.72003
171200 1.72002
171300 1.72002
171400 1.72002
171500 1.72002
171600 1.72002
171700 1.72002
171800 1.72002
171900 1.72002
172000 1.72002
172000 1.72002
172100 1.72002
172200 1.72002
172300 1.72002
172400 1.72002
172500 1.72002
172600 1.72002
172700 1.72002
172800 1.72002
172900 1.72002
173000 1.72002
173000 1.72002
173100 1.72001
173200 1.72001
173300 1.72001
173400 1.72001
173500 1.72001
173600 1.72001
173700 1.72001
173800 1.72001
173900 1.72001
174000 1.72001
174000 1.72001
174100 1.72001
174200 1.72001
174300 1.72001
174400 1.72001
174500 1.72001
174600 1.72001
174700 1.72001
174800 1.72001
174900 1.72001
175000 1.72
175000 1.72
175100 1.72
175200 1.72
175300 1.72
175400 1.72
175500 1.72
175600 1.72
175700 1.72
175800 1.72
175900 1.72
176000 1.72
176000 1.72
176100 1.72
176200 1.72
176300 1.72
176400 1.72
176500 1.72
176600 1.72
176700 1.72
176800 1.72
176900 1.72
177000 1.71999
177000 1.71999
177100 1.71999
177200 1.71999
177300 1.71999
177400 1.71999
177500 1.71999
177600 1.71999
177700 1.71999
177800 1.71999
177900 1.71999
178000 1.71999
178000 1.71999
178100 1.71999
178200 1.71999
178300 1.71999
178400 1.71999
178500 1.71999
178600 1.71999
178700 1.71999
178800 1.71999
178900 1.71998
179000 1.71998
179000 1.71998
179100 1.71998
179200 1.71998
179300 1.71998
179400 1.71998
179500 1.71998
179600 1.71998
179700 1.71998
179800 1.71998
179900 1.71998
180000 1.71998
180000 1.71998
180100 1.71998
180200 1.71998
180300 1.71998
180400 1.71998
180500 1.71998
180600 1.71998
180700 1.71998
180800 1.71997
180900 1.71997
181000 1.71997
181000 1.71997
181100 1.71997
181200 1.71997
181300 1.71997
181400 1.71997
181500 1.71997
181600 1.71997
181700 1.71997
181800 1.71997
181900 1.71997
182000 1.71997
182000 1.71997
182100 1.71997
182200 1.71997
182300 1.71997
182400 1.71997
182500 1.71997
182600 1.71997
182700 1.71996
182800 1.71996
182900 1.71996
183000 1.71996
183000 1.71996
183100 1.71996
183200 1.71996
183300 1.71996
183400 1.71996
183500 1.71996
183600 1.71996
183700 1.71996
183800 1.71996
183900 1.71996
184000 1.71996
184000 1.71996
184100 1.71996
184200 1.71996
184300 1.71996
184400 1.71996
184500 1.71996
184600 1.71995
184700 1.71995
184800 1.71995
184900 1.71995
185000 1.71995
185000 1.71995
185100 1.71995
185200 1.71995
185300 1.71995
185400 1.71995
185500 1.71995
185600 1.71995
185700 1.71995
185800 1.71995
185900 1.71995
186000 1.71995
186000 1.71995
186100 1.71995
186200 1.71995
186300 1.71995
186400 1.71995
186500 1.71995
186600 1.71994
186700 1.71994
186800 1.71994
186900 1.71994
187000 1.71994
187000 1.71994
187100 1.71994
187200 1.71994
187300 1.71994
187400 1.71994
187500 1.71994
187600 1.71994
187700 1.71994
187800 1.71994
187900 1.71994
188000 1.71994
188000 1.71994
188100 1.71994
188200 1.71994
188300 1.71994
188400 1.71994
188500 1.71993
188600 1.71993
188700 1.71993
188800 1.71993
188900 1.71993
189000 1.71993
189000 1.71993
189100 1.71993
189200 1.71993
189300 1.71993
189400 1.71993
189500 1.71993
189600 1.71993
189700 1.71993
189800 1.71993
189900 1.71993
190000 1.71993
190000 1.71993
190100 1.71993
190200 1.71993
190300 1.71993
190400 1.71992
190500 1.71992
190600 1.71992
190700 1.71992
190800 1.71992
190900 1.71992
191000 1.71992
191000 1.71992
191100 1.71992
191200 1.71992
191300 1.71992
191400 1.71992
191500 1.71992
191600 1.71992
191700 1.71992
191800 1.71992
191900 1.71992
192000 1.71992
192000 1.71992
192100 1.71992
192200 1.71992
192300 1.71991
192400 1.71991
192500 1.71991
192600 1.71991
192700 1.71991
192800 1.71991
192900 1.71991
193000 1.71991
193000 1.71991
193100 1.71991
193200 1.71991
193300 1.71991
193400 1.71991
193500 1.71991
193600 1.71991
193700 1.71991
193800 1.71991
193900 1.71991
194000 1.71991
194000 1.71991
194100 1.71991
194200 1.7199
194300 1.7199
194400 1.7199
194500 1.7199
194600 1.7199
194700 1.7199
194800 1.7199
194900 1.7199
195000 1.7199
195000 1.7199
195100 1.7199
195200 1.7199
195300 1.7199
195400 1.7199
195500 1.7199
195600 1.7199
195700 1.7199
195800 1.7199
195900 1.7199
196000 1.7199
196000 1.7199
196100 1.71989
196200 1.71989
196300 1.71989
196400 1.71989
196500 1.71989
196600 1.71989
196700 1.71989
196800 1.71989
196900 1.71989
197000 1.71989
197000 1.71989
197100 1.71989
197200 1.71989
197300 1.71989
197400 1.71989
197500 1.71989
197600 1.71989
197700 1.71989
197800 1.71989
197900 1.71989
198000 1.71989
198000 1.71989
198100 1.71988
198200 1.71988
198300 1.71988
198400 1.71988
198500 1.71988
198600 1.71988
198700 1.71988
198800 1.71988
198900 1.71988
199000 1.71988
199000 1.71988
199100 1.71988
199200 1.71988
199300 1.71988
199400 1.71988
199500 1.71988
199600 1.71988
199700 1.71988
199800 1.71988
199900 1.71988
200000 1.71987
200000 1.71987
200100 1.71987
200200 1.71987
200300 1.71987
200400 1.71987
200500 1.71987
200600 1.71987
200700 1.71987
200800 1.71987
200900 1.71987
201000 1.71987
201000 1.71987
201100 1.71987
201200 1.71987
201300 1.71987
201400 1.71987
201500 1.71987
201600 1.71987
201700 1.71987
201800 1.71987
201900 1.71986
202000 1.71986
202000 1.71986
202100 1.71986
202200 1.71986
202300 1.71986
202400 1.71986
202500 1.71986
202600 1.71986
202700 1.71986
202800 1.71986
202900 1.71986
203000 1.71986
203000 1.71986
203100 1.71986
203200 1.71986
203300 1.71986
203400 1.71986
203500 1.71986
203600 1.71986
203700 1.71986
203800 1.71985
203900 1.71985
