0 3.03099
0 3.03099
0 3.03099
2 3.03099
2 3.03099
100 3.03099
200 3.03099
300 3.03099
400 3.03099
500 3.03099
600 3.03099
700 3.03099
800 3.03099
900 3.03099
1000 3.03099
1000 3.03099
1100 3.03099
1200 3.03099
1300 3.03099
1400 3.03099
1500 3.03099
1600 3.03099
1700 3.03099
1800 3.03099
1900 3.03099
2000 3.03099
2000 3.03099
2048 3.03099
2048 3.03099
2050 3.03099
2050 3.03099
2100 3.03099
2200 3.03099
2300 3.03099
2400 3.03099
2500 3.03099
2600 3.03099
2700 3.03099
2800 3.03099
2900 3.03099
3000 3.03099
3000 3.03099
3100 3.03099
3200 3.03099
3300 3.03099
3400 3.03099
3500 3.03099
3600 3.03099
3700 3.03099
3800 3.03099
3900 3.03099
4000 3.03099
4000 3.03099
4096 3.03099
4096 3.03099
4098 3.03099
4098 3.03099
4100 3.03099
4200 3.03099
4300 3.03099
4400 3.03099
4500 3.03099
4502 3.03099
4502 3.03099
4504 3.03099
4504 3.03099
4504 3.03099
4504 3.03099
4505 3.03099
4505 3.03099
4505 3.03099
4505 3.03099
4506 3.03099
4506 3.03099
4506 3.03099
4506 3.03099
4507 3.03099
4507 3.03099
4600 3.03099
4700 3.03099
4800 3.03099
4900 3.03099
5000 3.03099
5000 3.03099
5100 3.03099
5200 3.03099
5300 3.03099
5400 3.03099
5500 3.03099
5600 3.03099
5700 3.03099
5800 3.03099
5900 3.03099
6000 3.03099
6000 3.03099
6100 3.03099
6144 3.03099
6144 3.03099
6146 2.97925
6146 2.97925
6146 2.97925
6146 2.97925
6200 2.98084
6300 2.98375
6400 2.98664
6500 2.9895
6600 2.99234
6700 2.99515
6800 2.99793
6900 3.00069
7000 3.00342
7000 3.00342
7100 3.00613
7200 3.00881
7300 3.01147
7400 3.01411
7500 3.01672
7600 3.01931
7700 3.02187
7800 3.02441
7900 3.02692
8000 3.02942
8000 3.02942
8100 3.03189
8186 3.03401
8186 3.03401
8192 3.00317
8192 3.00317
8194 2.94794
8194 2.94794
8194 2.94794
8194 2.94794
8200 2.94813
8300 2.95134
8400 2.95452
8500 2.95768
8600 2.96081
8700 2.9639
8800 2.96697
8900 2.97002
9000 2.97303
9000 2.97303
9100 2.97601
9200 2.97897
9300 2.98191
9400 2.98481
9500 2.98769
9600 2.99054
9700 2.99337
9800 2.99617
9900 2.99894
10000 3.00169
10000 3.00169
10082 3.00394
10082 3.00394
10082 3.00394
10082 3.00394
10082 3.00394
10086 2.77474
10086 2.77474
10087 2.77393
10087 2.77393
10088 2.75064
10088 2.75064
10088 2.75064
10088 2.75064
10100 2.75124
10200 2.75625
10234 2.75797
10234 2.75797
10240 2.7301
10240 2.7301
10242 2.68356
10242 2.68356
10242 2.68356
10242 2.68356
10300 2.68683
10400 2.69243
10500 2.69798
10600 2.70349
10700 2.70894
10800 2.71434
10900 2.71969
11000 2.72499
11000 2.72499
11100 2.73024
11200 2.73545
11300 2.74061
11400 2.74572
11500 2.75078
11600 2.7558
11700 2.76077
11800 2.7657
11900 2.77058
12000 2.77541
12000 2.77541
12100 2.78021
12200 2.78496
12282 2.78884
12282 2.78884
12288 2.76063
12288 2.76063
12290 2.70717
12290 2.70717
12290 2.70717
12290 2.70717
12300 2.7077
12400 2.71311
12500 2.71847
12600 2.72379
12700 2.72905
12800 2.73427
12900 2.73944
13000 2.74456
13000 2.74456
13100 2.74963
13200 2.75466
13300 2.75964
13400 2.76458
13500 2.76947
13600 2.77432
13700 2.77912
13800 2.78388
13900 2.78859
14000 2.79327
14000 2.79327
14100 2.7979
14200 2.80248
14300 2.80703
14330 2.8084
14330 2.8084
14336 2.77999
14336 2.77999
14400 2.78303
14500 2.78776
14600 2.79244
14700 2.79707
14800 2.80167
14900 2.80622
15000 2.81073
15000 2.81073
15100 2.8152
15200 2.81963
15300 2.82402
15400 2.82837
15500 2.83268
15600 2.83695
15700 2.84118
15800 2.84537
15900 2.84952
16000 2.85364
16000 2.85364
16100 2.85771
16200 2.86175
16300 2.86576
16378 2.86887
16378 2.86887
16384 2.83981
16384 2.83981
16386 2.78761
16386 2.78761
16386 2.78761
16386 2.78761
16400 2.78826
16500 2.79294
16600 2.79757
16700 2.80216
16800 2.80671
16900 2.81122
17000 2.81568
17000 2.81568
17100 2.8201
17200 2.82449
17300 2.82883
17400 2.83314
17500 2.8374
17600 2.84163
17700 2.84582
17800 2.84996
17900 2.85408
18000 2.85815
18000 2.85815
18100 2.86218
18200 2.86618
18300 2.87015
18400 2.87407
18426 2.8751
18426 2.8751
18432 2.84598
18432 2.84598
18434 2.79744
18434 2.79744
18434 2.79744
18434 2.79744
18500 2.80047
18600 2.80504
18700 2.80956
18800 2.81404
18900 2.81848
19000 2.82288
19000 2.82288
19100 2.82724
19200 2.83155
19300 2.83583
19400 2.84007
19500 2.84427
19600 2.84844
19700 2.85256
19800 2.85665
19900 2.8607
20000 2.86471
20000 2.86471
20082 2.868
20082 2.868
20082 2.868
20082 2.868
20082 2.868
20086 2.64922
20086 2.64922
20087 2.64845
20087 2.64845
20088 2.62623
20088 2.62623
20088 2.62623
20088 2.62623
20100 2.62697
20200 2.63312
20300 2.63921
20400 2.64525
20474 2.64971
20474 2.64971
20480 2.623
20480 2.623
20482 2.57224
20482 2.57224
20482 2.57224
20482 2.57224
20500 2.57342
20600 2.58006
20700 2.58663
20800 2.59315
20900 2.59961
21000 2.60601
21000 2.60601
21100 2.61235
21200 2.61864
21300 2.62486
21400 2.63103
21500 2.63714
21600 2.6432
21700 2.6492
21800 2.65515
21900 2.66104
22000 2.66688
22000 2.66688
22100 2.67266
22200 2.67839
22300 2.68407
22400 2.6897
22500 2.69528
22522 2.69652
22522 2.69652
22528 2.66931
22528 2.66931
22600 2.67346
22700 2.67918
22800 2.68486
22900 2.69048
23000 2.69605
23000 2.69605
23100 2.70156
23200 2.70703
23300 2.71245
23400 2.71782
23500 2.72314
23600 2.72841
23700 2.73363
23800 2.7388
23900 2.74393
24000 2.74901
24000 2.74901
24100 2.75405
24200 2.75903
24300 2.76398
24400 2.76887
24500 2.77373
24570 2.77712
24570 2.77712
24576 2.74904
24576 2.74904
24578 2.69853
24578 2.69853
24578 2.69853
24578 2.69853
24600 2.69974
24700 2.70522
24800 2.71065
24900 2.71604
25000 2.72137
25000 2.72137
25100 2.72666
25200 2.7319
25300 2.73709
25400 2.74223
25500 2.74733
25600 2.75238
25700 2.75738
25800 2.76234
25900 2.76725
26000 2.77212
26000 2.77212
26100 2.77694
26200 2.78172
26300 2.78645
26400 2.79114
26500 2.79579
26600 2.8004
26618 2.80124
26618 2.80124
26624 2.77291
26624 2.77291
26626 2.72563
26626 2.72563
26626 2.72563
26626 2.72563
26700 2.72952
26800 2.73473
26900 2.73989
27000 2.74501
27000 2.74501
27100 2.75008
27200 2.75511
27300 2.76008
27400 2.76502
27500 2.7699
27600 2.77475
27700 2.77955
27800 2.7843
27900 2.78901
28000 2.79368
28000 2.79368
28100 2.79831
28200 2.80289
28300 2.80743
28400 2.81193
28500 2.81639
28600 2.82081
28666 2.82372
28666 2.82372
28672 2.79514
28672 2.79514
28674 2.74378
28674 2.74378
28674 2.74378
28674 2.74378
28700 2.74509
28800 2.75016
28900 2.75519
29000 2.76017
29000 2.76017
29100 2.7651
29200 2.76998
29300 2.77483
29400 2.77962
29500 2.78438
29600 2.78909
29700 2.79376
29800 2.79838
29900 2.80296
30000 2.8075
30000 2.8075
30082 2.81123
30082 2.81123
30082 2.81123
30082 2.81123
30082 2.81123
30086 2.5968
30086 2.5968
30087 2.59605
30087 2.59605
30088 2.57428
30088 2.57428
30088 2.57428
30088 2.57428
30100 2.57507
30200 2.58169
30300 2.58826
30400 2.59476
30500 2.6012
30600 2.60759
30700 2.61392
30714 2.61482
30714 2.61482
30720 2.58848
30720 2.58848
30722 2.54439
30722 2.54439
30722 2.54439
30722 2.54439
30800 2.54978
30900 2.55664
31000 2.56343
31000 2.56343
31100 2.57016
31200 2.57683
31300 2.58344
31400 2.58998
31500 2.59647
31600 2.6029
31700 2.60927
31800 2.61558
31900 2.62184
32000 2.62803
32000 2.62803
32100 2.63417
32200 2.64026
32300 2.64628
32400 2.65226
32500 2.65818
32600 2.66404
32700 2.66985
32762 2.67345
32762 2.67345
32768 2.64648
32768 2.64648
32770 2.59526
32770 2.59526
32770 2.59526
32770 2.59526
32800 2.59718
32900 2.6036
33000 2.60997
33000 2.60997
33100 2.61627
33200 2.62252
33300 2.62871
33400 2.63484
33500 2.64092
33600 2.64694
33700 2.65291
33800 2.65882
33900 2.66468
34000 2.67048
34000 2.67048
34100 2.67624
34200 2.68194
34300 2.68758
34400 2.69318
34500 2.69872
34600 2.70422
34700 2.70966
34800 2.71505
34810 2.71561
34810 2.71561
34816 2.68819
34816 2.68819
34900 2.69289
35000 2.69844
35000 2.69844
35100 2.70394
35200 2.70938
35300 2.71478
35400 2.72012
35500 2.72542
35600 2.73067
35700 2.73587
35800 2.74103
35900 2.74613
36000 2.75119
36000 2.75119
36100 2.75621
36200 2.76118
36300 2.7661
36400 2.77098
36500 2.77581
36600 2.7806
36700 2.78534
36800 2.79005
36858 2.79277
36858 2.79277
36864 2.76453
36864 2.76453
36866 2.71373
36866 2.71373
36866 2.71373
36866 2.71373
36900 2.71555
37000 2.72089
37000 2.72089
37100 2.72618
37200 2.73142
37300 2.73662
37400 2.74177
37500 2.74687
37600 2.75192
37700 2.75693
37800 2.76189
37900 2.7668
38000 2.77168
38000 2.77168
38100 2.7765
38200 2.78129
38300 2.78602
38400 2.79072
38500 2.79537
38600 2.79998
38700 2.80455
38800 2.80908
38900 2.81356
38906 2.81385
38906 2.81385
38912 2.78538
38912 2.78538
38914 2.73789
38914 2.73789
38914 2.73789
38914 2.73789
39000 2.7423
39000 2.7423
39100 2.7474
39200 2.75245
39300 2.75745
39400 2.76241
39500 2.76732
39600 2.77218
39700 2.77701
39800 2.78178
39900 2.78652
40000 2.79121
40000 2.79121
40082 2.79506
40082 2.79506
40082 2.79506
40082 2.79506
40082 2.79506
40086 2.58187
40086 2.58187
40087 2.58112
40087 2.58112
40088 2.55948
40088 2.55948
40088 2.55948
40088 2.55948
40100 2.56029
40200 2.56704
40300 2.57374
40400 2.58038
40500 2.58695
40600 2.59347
40700 2.59992
40800 2.60632
40900 2.61266
40954 2.61608
40954 2.61608
40960 2.58973
40960 2.58973
40962 2.53963
40962 2.53963
40962 2.53963
40962 2.53963
41000 2.54225
41000 2.54225
41100 2.54917
41200 2.55604
41300 2.56283
41400 2.56957
41500 2.57624
41600 2.58286
41700 2.58941
41800 2.5959
41900 2.60234
42000 2.60871
42000 2.60871
42100 2.61503
42200 2.62129
42300 2.62749
42400 2.63363
42500 2.63972
42600 2.64575
42700 2.65173
42800 2.65766
42900 2.66352
43000 2.66934
43000 2.66934
43002 2.66948
43002 2.66948
43008 2.64256
43008 2.64256
43100 2.64808
43200 2.65404
43300 2.65994
43400 2.66579
43500 2.67159
43600 2.67733
43700 2.68302
43800 2.68865
43900 2.69424
