0 3.03099
0 3.03099
0 3.03099
2 3.03099
2 3.03099
100 3.03099
200 3.03099
300 3.03099
400 3.03099
500 3.03099
600 3.03099
700 3.03099
800 3.03099
900 3.03099
1000 3.03099
1000 3.03099
1100 3.03099
1200 3.03099
1300 3.03099
1400 3.03099
1500 3.03099
1600 3.03099
1700 3.03099
1800 3.03099
1900 3.03099
2000 3.03099
2000 3.03099
2048 3.03099
2048 3.03099
2050 3.03099
2050 3.03099
2100 3.03099
2200 3.03099
2300 3.03099
2400 3.03099
2500 3.03099
2600 3.03099
2700 3.03099
2800 3.03099
2900 3.03099
3000 3.03099
3000 3.03099
3100 3.03099
3200 3.03099
3300 3.03099
3400 3.03099
3500 3.03099
3600 3.03099
3700 3.03099
3800 3.03099
3900 3.03099
4000 3.03099
4000 3.03099
4096 3.03099
4096 3.03099
4098 3.03099
4098 3.03099
4100 3.03099
4200 3.03099
4300 3.03099
4400 3.03099
4500 3.03099
4502 3.03099
4502 3.03099
4504 3.03099
4504 3.03099
4504 3.03099
4504 3.03099
4505 3.03099
4505 3.03099
4505 3.03099
4505 3.03099
4506 3.03099
4506 3.03099
4506 3.03099
4506 3.03099
4507 3.03099
4507 3.03099
4600 3.03099
4700 3.03099
4800 3.03099
4900 3.03099
5000 3.03099
5000 3.03099
5100 3.03099
5200 3.03099
5300 3.03099
5400 3.03099
5500 3.03099
5600 3.03099
5700 3.03099
5800 3.03099
5900 3.03099
6000 3.03099
6000 3.03099
6100 3.03099
6144 3.03099
6144 3.03099
6146 3.02999
6146 3.02999
6146 3.02999
6146 3.02999
6200 3.03133
6300 3.03378
6400 3.03622
6500 3.03863
6600 3.04102
6700 3.04338
6800 3.04573
6900 3.04805
7000 3.05036
7000 3.05036
7100 3.05264
7200 3.0549
7300 3.05714
7400 3.05936
7500 3.06156
7600 3.06374
7700 3.0659
7800 3.06804
7900 3.07016
8000 3.07226
8000 3.07226
8100 3.07434
8186 3.07612
8186 3.07612
8192 3.07561
8192 3.07561
8194 3.07451
8194 3.07451
8194 3.07451
8194 3.07451
8200 3.07463
8300 3.07669
8400 3.07873
8500 3.08075
8600 3.08276
8700 3.08474
8800 3.08671
8900 3.08866
9000 3.09059
9000 3.09059
9100 3.09251
9200 3.0944
9300 3.09628
9400 3.09814
9500 3.09999
9600 3.10182
9700 3.10363
9800 3.10542
9900 3.1072
10000 3.10897
10000 3.10897
10082 3.11041
10082 3.11041
10082 3.11041
10082 3.11041
10082 3.11041
10086 3.10555
10086 3.10555
10087 3.10553
10087 3.10553
10088 3.10503
10088 3.10503
10088 3.10503
10088 3.10503
10100 3.10524
10200 3.10702
10234 3.10763
10234 3.10763
10240 3.10709
10240 3.10709
10242 3.10605
10242 3.10605
10242 3.10605
10242 3.10605
10300 3.10708
10400 3.10885
10500 3.11059
10600 3.11233
10700 3.11404
10800 3.11574
10900 3.11742
11000 3.11909
11000 3.11909
11100 3.12075
11200 3.12239
11300 3.12401
11400 3.12562
11500 3.12721
11600 3.12879
11700 3.13036
11800 3.13191
11900 3.13344
12000 3.13497
12000 3.13497
12100 3.13647
12200 3.13797
12282 3.13919
12282 3.13919
12288 3.13863
12288 3.13863
12290 3.13743
12290 3.13743
12290 3.13743
12290 3.13743
12300 3.13758
12400 3.13906
12500 3.14053
12600 3.14199
12700 3.14343
12800 3.14487
12900 3.14628
13000 3.14769
13000 3.14769
13100 3.14908
13200 3.15046
13300 3.15183
13400 3.15318
13500 3.15452
13600 3.15585
13700 3.15717
13800 3.15848
13900 3.15977
14000 3.16105
14000 3.16105
14100 3.16232
14200 3.16358
14300 3.16483
14330 3.1652
14330 3.1652
14336 3.16462
14336 3.16462
14400 3.16542
14500 3.16665
14600 3.16787
14700 3.16907
14800 3.17027
14900 3.17146
15000 3.17263
15000 3.17263
15100 3.1738
15200 3.17495
15300 3.17609
15400 3.17722
15500 3.17835
15600 3.17946
15700 3.18056
15800 3.18165
15900 3.18273
16000 3.18381
16000 3.18381
16100 3.18487
16200 3.18592
16300 3.18696
16378 3.18777
16378 3.18777
16384 3.18718
16384 3.18718
16386 3.18602
16386 3.18602
16386 3.18602
16386 3.18602
16400 3.18616
16500 3.1872
16600 3.18823
16700 3.18925
16800 3.19027
16900 3.19127
17000 3.19226
17000 3.19226
17100 3.19325
17200 3.19422
17300 3.19519
17400 3.19615
17500 3.1971
17600 3.19804
17700 3.19897
17800 3.19989
17900 3.20081
18000 3.20171
18000 3.20171
18100 3.20261
18200 3.2035
18300 3.20438
18400 3.20526
18426 3.20549
18426 3.20549
18432 3.20488
18432 3.20488
18434 3.20379
18434 3.20379
18434 3.20379
18434 3.20379
18500 3.20437
18600 3.20525
18700 3.20611
18800 3.20697
18900 3.20782
19000 3.20866
19000 3.20866
19100 3.2095
19200 3.21033
19300 3.21115
19400 3.21196
19500 3.21276
19600 3.21356
19700 3.21435
19800 3.21513
19900 3.21591
20000 3.21668
20000 3.21668
20082 3.21731
20082 3.21731
20082 3.21731
20082 3.21731
20082 3.21731
20086 3.21223
20086 3.21223
20087 3.21222
20087 3.21222
20088 3.21168
20088 3.21168
20088 3.21168
20088 3.21168
20100 3.21178
20200 3.21258
20300 3.21338
20400 3.21418
20474 3.21476
20474 3.21476
20480 3.21414
20480 3.21414
20482 3.2129
20482 3.2129
20482 3.2129
20482 3.2129
20500 3.21304
20600 3.21384
20700 3.21463
20800 3.21541
20900 3.21618
21000 3.21695
21000 3.21695
21100 3.21771
21200 3.21846
21300 3.2192
21400 3.21994
21500 3.22067
21600 3.2214
21700 3.22212
21800 3.22283
21900 3.22353
22000 3.22423
22000 3.22423
22100 3.22492
22200 3.22561
22300 3.22629
22400 3.22696
22500 3.22763
22522 3.22778
22522 3.22778
22528 3.22716
22528 3.22716
22600 3.22764
22700 3.2283
22800 3.22895
22900 3.2296
23000 3.23025
23000 3.23025
23100 3.23088
23200 3.23151
23300 3.23214
23400 3.23276
23500 3.23338
23600 3.23398
23700 3.23459
23800 3.23519
23900 3.23578
24000 3.23636
24000 3.23636
24100 3.23695
24200 3.23752
24300 3.23809
24400 3.23866
24500 3.23922
24570 3.23961
24570 3.23961
24576 3.23898
24576 3.23898
24578 3.23779
24578 3.23779
24578 3.23779
24578 3.23779
24600 3.23791
24700 3.23848
24800 3.23904
24900 3.2396
25000 3.24015
25000 3.24015
25100 3.2407
25200 3.24124
25300 3.24178
25400 3.24231
25500 3.24284
25600 3.24336
25700 3.24388
25800 3.24439
25900 3.2449
26000 3.2454
26000 3.2454
26100 3.2459
26200 3.24639
26300 3.24688
26400 3.24737
26500 3.24785
26600 3.24833
26618 3.24841
26618 3.24841
26624 3.24777
26624 3.24777
26626 3.24667
26626 3.24667
26626 3.24667
26626 3.24667
26700 3.24703
26800 3.24751
26900 3.24799
27000 3.24847
27000 3.24847
27100 3.24894
27200 3.2494
27300 3.24987
27400 3.25032
27500 3.25078
27600 3.25123
27700 3.25167
27800 3.25212
27900 3.25255
28000 3.25299
28000 3.25299
28100 3.25342
28200 3.25384
28300 3.25426
28400 3.25468
28500 3.2551
28600 3.25551
28666 3.25578
28666 3.25578
28672 3.25513
28672 3.25513
28674 3.25393
28674 3.25393
28674 3.25393
28674 3.25393
28700 3.25404
28800 3.25446
28900 3.25488
29000 3.25529
29000 3.25529
29100 3.2557
29200 3.2561
29300 3.2565
29400 3.2569
29500 3.25729
29600 3.25769
29700 3.25807
29800 3.25846
29900 3.25883
30000 3.25921
30000 3.25921
30082 3.25952
30082 3.25952
30082 3.25952
30082 3.25952
30082 3.25952
30086 3.25436
30086 3.25436
30087 3.25434
30087 3.25434
30088 3.2538
30088 3.2538
30088 3.2538
30088 3.2538
30100 3.25385
30200 3.25427
30300 3.25469
30400 3.2551
30500 3.25551
30600 3.25592
30700 3.25632
30714 3.25638
30714 3.25638
30720 3.25573
30720 3.25573
30722 3.25462
30722 3.25462
30722 3.25462
30722 3.25462
30800 3.25494
30900 3.25536
31000 3.25576
31000 3.25576
31100 3.25617
31200 3.25657
31300 3.25697
31400 3.25736
31500 3.25775
31600 3.25814
31700 3.25852
31800 3.2589
31900 3.25927
32000 3.25964
32000 3.25964
32100 3.26001
32200 3.26038
32300 3.26074
32400 3.2611
32500 3.26146
32600 3.26181
32700 3.26216
32762 3.26237
32762 3.26237
32768 3.26172
32768 3.26172
32770 3.26045
32770 3.26045
32770 3.26045
32770 3.26045
32800 3.26056
32900 3.26092
33000 3.26128
33000 3.26128
33100 3.26163
33200 3.26198
33300 3.26233
33400 3.26267
33500 3.26302
33600 3.26335
33700 3.26369
33800 3.26402
33900 3.26435
34000 3.26468
34000 3.26468
34100 3.265
34200 3.26532
34300 3.26563
34400 3.26595
34500 3.26626
34600 3.26657
34700 3.26687
34800 3.26718
34810 3.26721
34810 3.26721
34816 3.26655
34816 3.26655
34900 3.26681
35000 3.26711
35000 3.26711
35100 3.26742
35200 3.26771
35300 3.26801
35400 3.2683
35500 3.26859
35600 3.26888
35700 3.26916
35800 3.26944
35900 3.26972
36000 3.27
36000 3.27
36100 3.27027
36200 3.27055
36300 3.27081
36400 3.27108
36500 3.27135
36600 3.27161
36700 3.27187
36800 3.27212
36858 3.27227
36858 3.27227
36864 3.27162
36864 3.27162
36866 3.27041
36866 3.27041
36866 3.27041
36866 3.27041
36900 3.2705
37000 3.27077
37000 3.27077
37100 3.27103
37200 3.2713
37300 3.27156
37400 3.27182
37500 3.27208
37600 3.27233
37700 3.27259
37800 3.27284
37900 3.27309
38000 3.27333
38000 3.27333
38100 3.27358
38200 3.27382
38300 3.27406
38400 3.27429
38500 3.27453
38600 3.27476
38700 3.27499
38800 3.27522
38900 3.27545
38906 3.27546
38906 3.27546
38912 3.2748
38912 3.2748
38914 3.27368
38914 3.27368
38914 3.27368
38914 3.27368
39000 3.27388
39000 3.27388
39100 3.27412
39200 3.27436
39300 3.27459
39400 3.27483
39500 3.27506
39600 3.27528
39700 3.27551
39800 3.27573
39900 3.27596
40000 3.27618
40000 3.27618
40082 3.27636
40082 3.27636
40082 3.27636
40082 3.27636
40082 3.27636
40086 3.27117
40086 3.27117
40087 3.27115
40087 3.27115
40088 3.2706
40088 3.2706
40088 3.2706
40088 3.2706
40100 3.27063
40200 3.2709
40300 3.27116
40400 3.27143
40500 3.27169
40600 3.27195
40700 3.2722
40800 3.27246
40900 3.27271
40954 3.27284
40954 3.27284
40960 3.27219
40960 3.27219
40962 3.27091
40962 3.27091
40962 3.27091
40962 3.27091
41000 3.27101
41000 3.27101
41100 3.27128
41200 3.27154
41300 3.2718
41400 3.27206
41500 3.27231
41600 3.27256
41700 3.27282
41800 3.27306
41900 3.27331
42000 3.27355
42000 3.27355
42100 3.2738
42200 3.27404
42300 3.27427
42400 3.27451
42500 3.27474
42600 3.27497
42700 3.2752
42800 3.27543
42900 3.27565
43000 3.27587
43000 3.27587
43002 3.27588
43002 3.27588
43008 3.27522
43008 3.27522
43100 3.27543
43200 3.27565
43300 3.27587
43400 3.2761
43500 3.27631
43600 3.27653
43700 3.27674
43800 3.27696
43900 3.27717
