0 3.03099
0 3.03099
0 3.03099
2 3.03099
2 3.03099
100 3.03099
200 3.03099
300 3.03099
400 3.03099
500 3.03099
600 3.03099
700 3.03099
800 3.03099
900 3.03099
1000 3.03099
1000 3.03099
1100 3.03099
1200 3.03099
1300 3.03099
1400 3.03099
1500 3.03099
1600 3.03099
1700 3.03099
1800 3.03099
1900 3.03099
2000 3.03099
2000 3.03099
2048 3.03099
2048 3.03099
2050 3.03099
2050 3.03099
2100 3.03099
2200 3.03099
2300 3.03099
2400 3.03099
2500 3.03099
2600 3.03099
2700 3.03099
2800 3.03099
2900 3.03099
3000 3.03099
3000 3.03099
3100 3.03099
3200 3.03099
3300 3.03099
3400 3.03099
3500 3.03099
3600 3.03099
3700 3.03099
3800 3.03099
3900 3.03099
4000 3.03099
4000 3.03099
4096 3.03099
4096 3.03099
4098 3.03099
4098 3.03099
4100 3.03099
4200 3.03099
4300 3.03099
4400 3.03099
4500 3.03099
4502 3.03099
4502 3.03099
4504 3.03099
4504 3.03099
4504 3.03099
4504 3.03099
4505 3.03099
4505 3.03099
4505 3.03099
4505 3.03099
4506 3.03099
4506 3.03099
4506 3.03099
4506 3.03099
4507 3.03099
4507 3.03099
4600 3.03099
4700 3.03099
4800 3.03099
4900 3.03099
5000 3.03099
5000 3.03099
5100 3.03099
5200 3.03099
5300 3.03099
5400 3.03099
5500 3.03099
5600 3.03099
5700 3.03099
5800 3.03099
5900 3.03099
6000 3.03099
6000 3.03099
6100 3.03099
6144 3.03099
6144 3.03099
6146 2.97931
6146 2.97931
6146 2.97931
6146 2.97931
6200 2.98247
6300 2.98825
6400 2.99392
6500 2.99948
6600 3.00495
6700 3.01032
6800 3.01559
6900 3.02076
7000 3.02584
7000 3.02584
7100 3.03082
7200 3.03572
7300 3.04053
7400 3.04525
7500 3.04988
7600 3.05443
7700 3.05889
7800 3.06328
7900 3.06758
8000 3.07181
8000 3.07181
8100 3.07596
8186 3.07948
8186 3.07948
8192 3.04829
8192 3.04829
8194 2.99227
8194 2.99227
8194 2.99227
8194 2.99227
8200 2.9926
8300 2.99819
8400 3.00368
8500 3.00907
8600 3.01436
8700 3.01955
8800 3.02465
8900 3.02966
9000 3.03458
9000 3.03458
9100 3.03941
9200 3.04415
9300 3.0488
9400 3.05337
9500 3.05785
9600 3.06226
9700 3.06658
9800 3.07083
9900 3.07499
10000 3.07909
10000 3.07909
10082 3.08241
10082 3.08241
10082 3.08241
10082 3.08241
10082 3.08241
10086 2.84731
10086 2.84731
10087 2.84649
10087 2.84649
10088 2.82263
10088 2.82263
10088 2.82263
10088 2.82263
10100 2.82367
10200 2.83233
10234 2.83528
10234 2.83528
10240 2.80682
10240 2.80682
10242 2.75906
10242 2.75906
10242 2.75906
10242 2.75906
10300 2.76478
10400 2.77452
10500 2.78408
10600 2.79347
10700 2.80268
10800 2.81173
10900 2.82061
11000 2.82933
11000 2.82933
11100 2.8379
11200 2.8463
11300 2.85456
11400 2.86266
11500 2.87062
11600 2.87843
11700 2.8861
11800 2.89363
11900 2.90102
12000 2.90828
12000 2.90828
12100 2.9154
12200 2.9224
12282 2.92807
12282 2.92807
12288 2.89857
12288 2.89857
12290 2.8425
12290 2.8425
12290 2.8425
12290 2.8425
12300 2.84331
12400 2.85162
12500 2.85977
12600 2.86778
12700 2.87565
12800 2.88337
12900 2.89094
13000 2.89839
13000 2.89839
13100 2.90569
13200 2.91286
13300 2.91991
13400 2.92682
13500 2.93361
13600 2.94027
13700 2.94682
13800 2.95324
13900 2.95955
14000 2.96574
14000 2.96574
14100 2.97182
14200 2.97779
14300 2.98365
14330 2.98541
14330 2.98541
14336 2.95527
14336 2.95527
14400 2.9593
14500 2.9655
14600 2.97158
14700 2.97755
14800 2.98342
14900 2.98918
15000 2.99483
15000 2.99483
15100 3.00038
15200 3.00583
15300 3.01118
15400 3.01644
15500 3.02159
15600 3.02666
15700 3.03163
15800 3.03651
15900 3.0413
16000 3.04601
16000 3.04601
16100 3.05063
16200 3.05516
16300 3.05961
16378 3.06305
16378 3.06305
16384 3.03204
16384 3.03204
16386 2.97632
16386 2.97632
16386 2.97632
16386 2.97632
16400 2.97714
16500 2.98302
16600 2.98878
16700 2.99444
16800 3
16900 3.00546
17000 3.01081
17000 3.01081
17100 3.01607
17200 3.02124
17300 3.02631
17400 3.03129
17500 3.03617
17600 3.04097
17700 3.04568
17800 3.05031
17900 3.05485
18000 3.05931
18000 3.05931
18100 3.06368
18200 3.06798
18300 3.0722
18400 3.07634
18426 3.07743
18426 3.07743
18432 3.04625
18432 3.04625
18434 2.99431
18434 2.99431
18434 2.99431
18434 2.99431
18500 2.99799
18600 3.00348
18700 3.00887
18800 3.01417
18900 3.01937
19000 3.02447
19000 3.02447
19100 3.02948
19200 3.0344
19300 3.03923
19400 3.04398
19500 3.04863
19600 3.0532
19700 3.05769
19800 3.0621
19900 3.06643
20000 3.07067
20000 3.07067
20082 3.07413
20082 3.07413
20082 3.07413
20082 3.07413
20082 3.07413
20086 2.83966
20086 2.83966
20087 2.83884
20087 2.83884
20088 2.81505
20088 2.81505
20088 2.81505
20088 2.81505
20100 2.81611
20200 2.82491
20300 2.83355
20400 2.84204
20474 2.84825
20474 2.84825
20480 2.81965
20480 2.81965
20482 2.76514
20482 2.76514
20482 2.76514
20482 2.76514
20500 2.76687
20600 2.77657
20700 2.7861
20800 2.79544
20900 2.80462
21000 2.81364
21000 2.81364
21100 2.82248
21200 2.83117
21300 2.8397
21400 2.84807
21500 2.8563
21600 2.86437
21700 2.87229
21800 2.88007
21900 2.88771
22000 2.89521
22000 2.89521
22100 2.90258
22200 2.90981
22300 2.9169
22400 2.92387
22500 2.93072
22522 2.93223
22522 2.93223
22528 2.90269
22528 2.90269
22600 2.9079
22700 2.91504
22800 2.92204
22900 2.92892
23000 2.93567
23000 2.93567
23100 2.94229
23200 2.9488
23300 2.95519
23400 2.96146
23500 2.96762
23600 2.97366
23700 2.9796
23800 2.98543
23900 2.99115
24000 2.99677
24000 2.99677
24100 3.00228
24200 3.0077
24300 3.01301
24400 3.01823
24500 3.02336
24570 3.02691
24570 3.02691
24576 2.9963
24576 2.9963
24578 2.94126
24578 2.94126
24578 2.94126
24578 2.94126
24600 2.9427
24700 2.9492
24800 2.95558
24900 2.96184
25000 2.96799
25000 2.96799
25100 2.97403
25200 2.97996
25300 2.98578
25400 2.9915
25500 2.99711
25600 3.00262
25700 3.00803
25800 3.01334
25900 3.01855
26000 3.02367
26000 3.02367
26100 3.0287
26200 3.03363
26300 3.03848
26400 3.04323
26500 3.0479
26600 3.05249
26618 3.05332
26618 3.05332
26624 3.02242
26624 3.02242
26626 2.97089
26626 2.97089
26626 2.97089
26626 2.97089
26700 2.97533
26800 2.98123
26900 2.98703
27000 2.99272
27000 2.99272
27100 2.99831
27200 3.0038
27300 3.00919
27400 3.01448
27500 3.01967
27600 3.02477
27700 3.02978
27800 3.03469
27900 3.03952
28000 3.04425
28000 3.04425
28100 3.0489
28200 3.05347
28300 3.05795
28400 3.06236
28500 3.06668
28600 3.07092
28666 3.0737
28666 3.0737
28672 3.04256
28672 3.04256
28674 2.98665
28674 2.98665
28674 2.98665
28674 2.98665
28700 2.98813
28800 2.99381
28900 2.99938
29000 3.00484
29000 3.00484
29100 3.01021
29200 3.01548
29300 3.02066
29400 3.02574
29500 3.03073
29600 3.03562
29700 3.04043
29800 3.04515
29900 3.04979
30000 3.05434
30000 3.05434
30082 3.05804
30082 3.05804
30082 3.05804
30082 3.05804
30082 3.05804
30086 2.82482
30086 2.82482
30087 2.824
30087 2.824
30088 2.80033
30088 2.80033
30088 2.80033
30088 2.80033
30100 2.80142
30200 2.81049
30300 2.8194
30400 2.82814
30500 2.83673
30600 2.84516
30700 2.85343
30714 2.85461
30714 2.85461
30720 2.82594
30720 2.82594
30722 2.77784
30722 2.77784
30722 2.77784
30722 2.77784
30800 2.78526
30900 2.79462
31000 2.80382
31000 2.80382
31100 2.81284
31200 2.82171
31300 2.83041
31400 2.83895
31500 2.84734
31600 2.85557
31700 2.86366
31800 2.8716
31900 2.87939
32000 2.88704
32000 2.88704
32100 2.89455
32200 2.90193
32300 2.90917
32400 2.91628
32500 2.92326
32600 2.93011
32700 2.93684
32762 2.94098
32762 2.94098
32768 2.91134
32768 2.91134
32770 2.85501
32770 2.85501
32770 2.85501
32770 2.85501
32800 2.85743
32900 2.86548
33000 2.87338
33000 2.87338
33100 2.88114
33200 2.88876
33300 2.89624
33400 2.90359
33500 2.9108
33600 2.91788
33700 2.92483
33800 2.93166
33900 2.93836
34000 2.94494
34000 2.94494
34100 2.95139
34200 2.95774
34300 2.96396
34400 2.97007
34500 2.97607
34600 2.98197
34700 2.98775
34800 2.99343
34810 2.99402
34810 2.99402
34816 2.96378
34816 2.96378
34900 2.96892
35000 2.97495
35000 2.97495
35100 2.98086
35200 2.98666
35300 2.99236
35400 2.99796
35500 3.00345
35600 3.00885
35700 3.01414
35800 3.01934
35900 3.02445
36000 3.02946
36000 3.02946
36100 3.03438
36200 3.03921
36300 3.04395
36400 3.04861
36500 3.05318
36600 3.05767
36700 3.06208
36800 3.0664
36858 3.06889
36858 3.06889
36864 3.03782
36864 3.03782
36866 2.98199
36866 2.98199
36866 2.98199
36866 2.98199
36900 2.98396
37000 2.98971
37000 2.98971
37100 2.99535
37200 3.00089
37300 3.00634
37400 3.01168
37500 3.01692
37600 3.02207
37700 3.02712
37800 3.03209
37900 3.03696
38000 3.04174
38000 3.04174
38100 3.04644
38200 3.05105
38300 3.05558
38400 3.06003
38500 3.06439
38600 3.06867
38700 3.07288
38800 3.07701
38900 3.08107
38906 3.08132
38906 3.08132
38912 3.05011
38912 3.05011
38914 2.99809
38914 2.99809
38914 2.99809
38914 2.99809
39000 3.00282
39000 3.00282
39100 3.00823
39200 3.01353
39300 3.01874
39400 3.02386
39500 3.02888
39600 3.03381
39700 3.03865
39800 3.04341
39900 3.04807
40000 3.05266
40000 3.05266
40082 3.05638
40082 3.05638
40082 3.05638
40082 3.05638
40082 3.05638
40086 2.82328
40086 2.82328
40087 2.82247
40087 2.82247
40088 2.79881
40088 2.79881
40088 2.79881
40088 2.79881
40100 2.79991
40200 2.80901
40300 2.81794
40400 2.82671
40500 2.83532
40600 2.84377
40700 2.85207
40800 2.86022
40900 2.86822
40954 2.87251
40954 2.87251
40960 2.84364
40960 2.84364
40962 2.78865
40962 2.78865
40962 2.78865
40962 2.78865
41000 2.79218
41000 2.79218
41100 2.80142
41200 2.81049
41300 2.81939
41400 2.82814
41500 2.83672
41600 2.84515
41700 2.85343
41800 2.86155
41900 2.86953
42000 2.87736
42000 2.87736
42100 2.88505
42200 2.89259
42300 2.90001
42400 2.90728
42500 2.91443
42600 2.92144
42700 2.92833
42800 2.93509
42900 2.94173
43000 2.94824
43000 2.94824
43002 2.9484
43002 2.9484
43008 2.91867
43008 2.91867
43100 2.92506
43200 2.93188
43300 2.93857
43400 2.94515
43500 2.9516
43600 2.95794
43700 2.96416
43800 2.97027
43900 2.97627
