0 3.03099
0 3.03099
0 3.03099
2 3.03099
2 3.03099
100 3.03099
200 3.03099
300 3.03099
400 3.03099
500 3.03099
600 3.03099
700 3.03099
800 3.03099
900 3.03099
1000 3.03099
1000 3.03099
1100 3.03099
1200 3.03099
1300 3.03099
1400 3.03099
1500 3.03099
1600 3.03099
1700 3.03099
1800 3.03099
1900 3.03099
2000 3.03099
2000 3.03099
2048 3.03099
2048 3.03099
2050 3.03099
2050 3.03099
2100 3.03099
2200 3.03099
2300 3.03099
2400 3.03099
2500 3.03099
2600 3.03099
2700 3.03099
2800 3.03099
2900 3.03099
3000 3.03099
3000 3.03099
3100 3.03099
3200 3.03099
3300 3.03099
3400 3.03099
3500 3.03099
3600 3.03099
3700 3.03099
3800 3.03099
3900 3.03099
4000 3.03099
4000 3.03099
4096 3.03099
4096 3.03099
4098 3.03099
4098 3.03099
4100 3.03099
4200 3.03099
4300 3.03099
4400 3.03099
4500 3.03099
4502 3.03099
4502 3.03099
4504 3.03099
4504 3.03099
4504 3.03099
4504 3.03099
4505 3.03099
4505 3.03099
4505 3.03099
4505 3.03099
4506 3.03099
4506 3.03099
4506 3.03099
4506 3.03099
4507 3.03099
4507 3.03099
4600 3.03099
4700 3.03099
4800 3.03099
4900 3.03099
5000 3.03099
5000 3.03099
5100 3.03099
5200 3.03099
5300 3.03099
5400 3.03099
5500 3.03099
5600 3.03099
5700 3.03099
5800 3.03099
5900 3.03099
6000 3.03099
6000 3.03099
6100 3.03099
6144 3.03099
6144 3.03099
6146 3.02579
6146 3.02579
6146 3.02579
6146 3.02579
6200 3.02647
6300 3.02772
6400 3.02897
6500 3.03021
6600 3.03145
6700 3.03268
6800 3.0339
6900 3.03512
7000 3.03633
7000 3.03633
7100 3.03754
7200 3.03874
7300 3.03994
7400 3.04113
7500 3.04232
7600 3.0435
7700 3.04467
7800 3.04584
7900 3.04701
8000 3.04816
8000 3.04816
8100 3.04932
8186 3.05031
8186 3.05031
8192 3.04725
8192 3.04725
8194 3.04161
8194 3.04161
8194 3.04161
8194 3.04161
8200 3.04168
8300 3.04287
8400 3.04404
8500 3.04521
8600 3.04638
8700 3.04754
8800 3.0487
8900 3.04985
9000 3.051
9000 3.051
9100 3.05214
9200 3.05327
9300 3.0544
9400 3.05553
9500 3.05665
9600 3.05776
9700 3.05887
9800 3.05997
9900 3.06107
10000 3.06217
10000 3.06217
10082 3.06307
10082 3.06307
10082 3.06307
10082 3.06307
10082 3.06307
10086 3.03888
10086 3.03888
10087 3.0388
10087 3.0388
10088 3.03624
10088 3.03624
10088 3.03624
10088 3.03624
10100 3.03639
10200 3.03759
10234 3.03801
10234 3.03801
10240 3.03496
10240 3.03496
10242 3.02976
10242 3.02976
10242 3.02976
10242 3.02976
10300 3.03048
10400 3.03171
10500 3.03294
10600 3.03416
10700 3.03538
10800 3.03659
10900 3.0378
11000 3.039
11000 3.039
11100 3.0402
11200 3.04139
11300 3.04257
11400 3.04375
11500 3.04492
11600 3.04609
11700 3.04725
11800 3.04841
11900 3.04956
12000 3.05071
12000 3.05071
12100 3.05185
12200 3.05299
12282 3.05392
12282 3.05392
12288 3.05085
12288 3.05085
12290 3.04491
12290 3.04491
12290 3.04491
12290 3.04491
12300 3.04502
12400 3.04619
12500 3.04735
12600 3.04851
12700 3.04966
12800 3.0508
12900 3.05195
13000 3.05308
13000 3.05308
13100 3.05421
13200 3.05534
13300 3.05646
13400 3.05757
13500 3.05868
13600 3.05979
13700 3.06089
13800 3.06198
13900 3.06307
14000 3.06416
14000 3.06416
14100 3.06524
14200 3.06631
14300 3.06738
14330 3.06771
14330 3.06771
14336 3.06462
14336 3.06462
14400 3.06531
14500 3.06639
14600 3.06746
14700 3.06852
14800 3.06958
14900 3.07064
15000 3.07169
15000 3.07169
15100 3.07273
15200 3.07377
15300 3.07481
15400 3.07584
15500 3.07687
15600 3.07789
15700 3.07891
15800 3.07992
15900 3.08093
16000 3.08193
16000 3.08193
16100 3.08293
16200 3.08392
16300 3.08491
16378 3.08569
16378 3.08569
16384 3.08258
16384 3.08258
16386 3.07688
16386 3.07688
16386 3.07688
16386 3.07688
16400 3.07702
16500 3.07804
16600 3.07905
16700 3.08007
16800 3.08107
16900 3.08208
17000 3.08307
17000 3.08307
17100 3.08407
17200 3.08506
17300 3.08604
17400 3.08702
17500 3.088
17600 3.08897
17700 3.08993
17800 3.0909
17900 3.09185
18000 3.09281
18000 3.09281
18100 3.09375
18200 3.0947
18300 3.09564
18400 3.09658
18426 3.09682
18426 3.09682
18432 3.0937
18432 3.0937
18434 3.08839
18434 3.08839
18434 3.08839
18434 3.08839
18500 3.08903
18600 3.09
18700 3.09096
18800 3.09192
18900 3.09287
19000 3.09382
19000 3.09382
19100 3.09476
19200 3.0957
19300 3.09664
19400 3.09757
19500 3.09849
19600 3.09942
19700 3.10034
19800 3.10125
19900 3.10216
20000 3.10307
20000 3.10307
20082 3.10381
20082 3.10381
20082 3.10381
20082 3.10381
20082 3.10381
20086 3.0793
20086 3.0793
20087 3.07921
20087 3.07921
20088 3.07662
20088 3.07662
20088 3.07662
20088 3.07662
20100 3.07674
20200 3.07776
20300 3.07878
20400 3.07979
20474 3.08055
20474 3.08055
20480 3.07744
20480 3.07744
20482 3.07144
20482 3.07144
20482 3.07144
20482 3.07144
20500 3.07163
20600 3.07267
20700 3.07371
20800 3.07475
20900 3.07578
21000 3.07681
21000 3.07681
21100 3.07783
21200 3.07885
21300 3.07986
21400 3.08087
21500 3.08187
21600 3.08287
21700 3.08387
21800 3.08486
21900 3.08584
22000 3.08682
22000 3.08682
22100 3.0878
22200 3.08877
22300 3.08974
22400 3.0907
22500 3.09166
22522 3.09187
22522 3.09187
22528 3.08875
22528 3.08875
22600 3.08945
22700 3.09042
22800 3.09138
22900 3.09233
23000 3.09328
23000 3.09328
23100 3.09423
23200 3.09517
23300 3.09611
23400 3.09704
23500 3.09797
23600 3.0989
23700 3.09982
23800 3.10074
23900 3.10165
24000 3.10256
24000 3.10256
24100 3.10346
24200 3.10436
24300 3.10526
24400 3.10615
24500 3.10704
24570 3.10766
24570 3.10766
24576 3.10452
24576 3.10452
24578 3.09878
24578 3.09878
24578 3.09878
24578 3.09878
24600 3.09898
24700 3.0999
24800 3.10081
24900 3.10173
25000 3.10263
25000 3.10263
25100 3.10354
25200 3.10444
25300 3.10533
25400 3.10623
25500 3.10711
25600 3.108
25700 3.10888
25800 3.10975
25900 3.11062
26000 3.11149
26000 3.11149
26100 3.11235
26200 3.11321
26300 3.11407
26400 3.11492
26500 3.11577
26600 3.11661
26618 3.11676
26618 3.11676
26624 3.11361
26624 3.11361
26626 3.10827
26626 3.10827
26626 3.10827
26626 3.10827
26700 3.10892
26800 3.1098
26900 3.11067
27000 3.11153
27000 3.11153
27100 3.1124
27200 3.11326
27300 3.11411
27400 3.11496
27500 3.11581
27600 3.11665
27700 3.11749
27800 3.11833
27900 3.11916
28000 3.11999
28000 3.11999
28100 3.12081
28200 3.12163
28300 3.12245
28400 3.12326
28500 3.12407
28600 3.12488
28666 3.12541
28666 3.12541
28672 3.12225
28672 3.12225
28674 3.11647
28674 3.11647
28674 3.11647
28674 3.11647
28700 3.11669
28800 3.11753
28900 3.11836
29000 3.1192
29000 3.1192
29100 3.12002
29200 3.12085
29300 3.12167
29400 3.12249
29500 3.1233
29600 3.12411
29700 3.12491
29800 3.12571
29900 3.12651
30000 3.12731
30000 3.12731
30082 3.12796
30082 3.12796
30082 3.12796
30082 3.12796
30082 3.12796
30086 3.10325
30086 3.10325
30087 3.10316
30087 3.10316
30088 3.10055
30088 3.10055
30088 3.10055
30088 3.10055
30100 3.10066
30200 3.10157
30300 3.10248
30400 3.10338
30500 3.10429
30600 3.10518
30700 3.10607
30714 3.1062
30714 3.1062
30720 3.10307
30720 3.10307
30722 3.09774
30722 3.09774
30722 3.09774
30722 3.09774
30800 3.09846
30900 3.09939
31000 3.10031
31000 3.10031
31100 3.10122
31200 3.10213
31300 3.10304
31400 3.10394
31500 3.10484
31600 3.10573
31700 3.10662
31800 3.10751
31900 3.10839
32000 3.10926
32000 3.10926
32100 3.11014
32200 3.11101
32300 3.11187
32400 3.11273
32500 3.11359
32600 3.11445
32700 3.1153
32762 3.11582
32762 3.11582
32768 3.11268
32768 3.11268
32770 3.1066
32770 3.1066
32770 3.1066
32770 3.1066
32800 3.10686
32900 3.10775
33000 3.10863
33000 3.10863
33100 3.10951
33200 3.11038
33300 3.11125
33400 3.11211
33500 3.11297
33600 3.11383
33700 3.11468
33800 3.11553
33900 3.11637
34000 3.11721
34000 3.11721
34100 3.11805
34200 3.11888
34300 3.11971
34400 3.12054
34500 3.12136
34600 3.12218
34700 3.12299
34800 3.1238
34810 3.12389
34810 3.12389
34816 3.12073
34816 3.12073
34900 3.12142
35000 3.12224
35000 3.12224
35100 3.12305
35200 3.12386
35300 3.12467
35400 3.12547
35500 3.12627
35600 3.12707
35700 3.12786
35800 3.12865
35900 3.12943
36000 3.13021
36000 3.13021
36100 3.13099
36200 3.13176
36300 3.13253
36400 3.1333
36500 3.13406
36600 3.13482
36700 3.13558
36800 3.13633
36858 3.13677
36858 3.13677
36864 3.1336
36864 3.1336
36866 3.12779
36866 3.12779
36866 3.12779
36866 3.12779
36900 3.12806
37000 3.12885
37000 3.12885
37100 3.12963
37200 3.13041
37300 3.13119
37400 3.13196
37500 3.13273
37600 3.1335
37700 3.13426
37800 3.13502
37900 3.13577
38000 3.13653
38000 3.13653
38100 3.13728
38200 3.13802
38300 3.13876
38400 3.1395
38500 3.14024
38600 3.14097
38700 3.1417
38800 3.14242
38900 3.14314
38906 3.14319
38906 3.14319
38912 3.14
38912 3.14
38914 3.13461
38914 3.13461
38914 3.13461
38914 3.13461
39000 3.13526
39000 3.13526
39100 3.13602
39200 3.13677
39300 3.13752
39400 3.13826
39500 3.139
39600 3.13974
39700 3.14047
39800 3.1412
39900 3.14193
40000 3.14265
40000 3.14265
40082 3.14325
40082 3.14325
40082 3.14325
40082 3.14325
40082 3.14325
40086 3.11842
40086 3.11842
40087 3.11833
40087 3.11833
40088 3.1157
40088 3.1157
40088 3.1157
40088 3.1157
40100 3.1158
40200 3.11665
40300 3.11748
40400 3.11832
40500 3.11915
40600 3.11998
40700 3.12081
40800 3.12163
40900 3.12244
40954 3.12289
40954 3.12289
40960 3.11973
40960 3.11973
40962 3.11364
40962 3.11364
40962 3.11364
40962 3.11364
41000 3.11396
41000 3.11396
41100 3.11481
41200 3.11566
41300 3.11651
41400 3.11735
41500 3.11818
41600 3.11901
41700 3.11984
41800 3.12067
41900 3.12149
42000 3.12231
42000 3.12231
42100 3.12312
42200 3.12393
42300 3.12474
42400 3.12554
42500 3.12634
42600 3.12713
42700 3.12793
42800 3.12871
42900 3.1295
43000 3.13028
43000 3.13028
43002 3.1303
43002 3.1303
43008 3.12713
43008 3.12713
43100 3.12786
43200 3.12865
43300 3.12943
43400 3.13021
43500 3.13099
43600 3.13176
43700 3.13253
43800 3.1333
43900 3.13407
