0 3.03099
0 3.03099
0 3.03099
2 3.03099
2 3.03099
100 3.03099
200 3.03099
300 3.03099
400 3.03099
500 3.03099
600 3.03099
700 3.03099
800 3.03099
900 3.03099
1000 3.03099
1000 3.03099
1100 3.03099
1200 3.03099
1300 3.03099
1400 3.03099
1500 3.03099
1600 3.03099
1700 3.03099
1800 3.03099
1900 3.03099
2000 3.03099
2000 3.03099
2048 3.03099
2048 3.03099
2050 3.03099
2050 3.03099
2100 3.03099
2200 3.03099
2300 3.03099
2400 3.03099
2500 3.03099
2600 3.03099
2700 3.03099
2800 3.03099
2900 3.03099
3000 3.03099
3000 3.03099
3100 3.03099
3200 3.03099
3300 3.03099
3400 3.03099
3500 3.03099
3600 3.03099
3700 3.03099
3800 3.03099
3900 3.03099
4000 3.03099
4000 3.03099
4096 3.03099
4096 3.03099
4098 3.03099
4098 3.03099
4100 3.03099
4200 3.03099
4300 3.03099
4400 3.03099
4500 3.03099
4502 3.03099
4502 3.03099
4504 3.03099
4504 3.03099
4504 3.03099
4504 3.03099
4505 3.03099
4505 3.03099
4505 3.03099
4505 3.03099
4506 3.03099
4506 3.03099
4506 3.03099
4506 3.03099
4507 3.03099
4507 3.03099
4600 3.03099
4700 3.03099
4800 3.03099
4900 3.03099
5000 3.03099
5000 3.03099
5100 3.03099
5200 3.03099
5300 3.03099
5400 3.03099
5500 3.03099
5600 3.03099
5700 3.03099
5800 3.03099
5900 3.03099
6000 3.03099
6000 3.03099
6100 3.03099
6144 3.03099
6144 3.03099
6146 2.98463
6146 2.98463
6146 2.98463
6146 2.98463
6200 3.10785
6300 3.22329
6400 3.26938
6500 3.28777
6600 3.29512
6700 3.29805
6800 3.29922
6900 3.29969
7000 3.29987
7000 3.29987
7100 3.29995
7200 3.29998
7300 3.29999
7400 3.29999
7500 3.3
7600 3.3
7700 3.3
7800 3.3
7900 3.3
8000 3.3
8000 3.3
8100 3.3
8186 3.3
8186 3.3
8192 3.26716
8192 3.26716
8194 3.20825
8194 3.20825
8194 3.20825
8194 3.20825
8200 3.21301
8300 3.26527
8400 3.28613
8500 3.29446
8600 3.29779
8700 3.29911
8800 3.29964
8900 3.29986
9000 3.29994
9000 3.29994
9100 3.29997
9200 3.29999
9300 3.29999
9400 3.3
9500 3.3
9600 3.3
9700 3.3
9800 3.3
9900 3.3
10000 3.3
10000 3.3
10082 3.3
10082 3.3
10082 3.3
10082 3.3
10082 3.3
10086 3.05281
10086 3.05281
10087 3.05227
10087 3.05227
10088 3.02897
10088 3.02897
10088 3.02897
10088 3.02897
10100 3.05708
10200 3.20302
10234 3.2293
10234 3.2293
10240 3.20068
10240 3.20068
10242 3.14832
10242 3.14832
10242 3.14832
10242 3.14832
10300 3.21092
10400 3.26444
10500 3.2858
10600 3.29433
10700 3.29773
10800 3.29909
10900 3.29964
11000 3.29985
11000 3.29985
11100 3.29994
11200 3.29997
11300 3.29999
11400 3.29999
11500 3.3
11600 3.3
11700 3.3
11800 3.3
11900 3.3
12000 3.3
12000 3.3
12100 3.3
12200 3.3
12282 3.3
12282 3.3
12288 3.26716
12288 3.26716
12290 3.2051
12290 3.2051
12290 3.2051
12290 3.2051
12300 3.21317
12400 3.26534
12500 3.28616
12600 3.29447
12700 3.29779
12800 3.29912
12900 3.29965
13000 3.29986
13000 3.29986
13100 3.29994
13200 3.29997
13300 3.29999
13400 3.29999
13500 3.3
13600 3.3
13700 3.3
13800 3.3
13900 3.3
14000 3.3
14000 3.3
14100 3.3
14200 3.3
14300 3.3
14330 3.3
14330 3.3
14336 3.26716
14336 3.26716
14400 3.28175
14500 3.29271
14600 3.29709
14700 3.29884
14800 3.29953
14900 3.29981
15000 3.29992
15000 3.29992
15100 3.29997
15200 3.29998
15300 3.29999
15400 3.29999
15500 3.3
15600 3.3
15700 3.3
15800 3.3
15900 3.3
16000 3.3
16000 3.3
16100 3.3
16200 3.3
16300 3.3
16378 3.3
16378 3.3
16384 3.26716
16384 3.26716
16386 3.20825
16386 3.20825
16386 3.20825
16386 3.20825
16400 3.21917
16500 3.26773
16600 3.28712
16700 3.29485
16800 3.29794
16900 3.29918
17000 3.29967
17000 3.29967
17100 3.29987
17200 3.29994
17300 3.29998
17400 3.29999
17500 3.29999
17600 3.3
17700 3.3
17800 3.3
17900 3.3
18000 3.3
18000 3.3
18100 3.3
18200 3.3
18300 3.3
18400 3.3
18426 3.3
18426 3.3
18432 3.26716
18432 3.26716
18434 3.21245
18434 3.21245
18434 3.21245
18434 3.21245
18500 3.25223
18600 3.28093
18700 3.29238
18800 3.29696
18900 3.29878
19000 3.29951
19000 3.29951
19100 3.2998
19200 3.29992
19300 3.29997
19400 3.29998
19500 3.29999
19600 3.29999
19700 3.3
19800 3.3
19900 3.3
20000 3.3
20000 3.3
20082 3.3
20082 3.3
20082 3.3
20082 3.3
20082 3.3
20086 3.05281
20086 3.05281
20087 3.05227
20087 3.05227
20088 3.02897
20088 3.02897
20088 3.02897
20088 3.02897
20100 3.05708
20200 3.20302
20300 3.26128
20400 3.28454
20474 3.29219
20474 3.29219
20480 3.25982
20480 3.25982
20482 3.19806
20482 3.19806
20482 3.19806
20482 3.19806
20500 3.21333
20600 3.2654
20700 3.28619
20800 3.29448
20900 3.2978
21000 3.29912
21000 3.29912
21100 3.29965
21200 3.29986
21300 3.29994
21400 3.29997
21500 3.29999
21600 3.29999
21700 3.3
21800 3.3
21900 3.3
22000 3.3
22000 3.3
22100 3.3
22200 3.3
22300 3.3
22400 3.3
22500 3.3
22522 3.3
22522 3.3
22528 3.26716
22528 3.26716
22600 3.28304
22700 3.29323
22800 3.29729
22900 3.29892
23000 3.29957
23000 3.29957
23100 3.29982
23200 3.29993
23300 3.29997
23400 3.29999
23500 3.29999
23600 3.29999
23700 3.3
23800 3.3
23900 3.3
24000 3.3
24000 3.3
24100 3.3
24200 3.3
24300 3.3
24400 3.3
24500 3.3
24570 3.3
24570 3.3
24576 3.26716
24576 3.26716
24578 3.20825
24578 3.20825
24578 3.20825
24578 3.20825
24600 3.22489
24700 3.27001
24800 3.28803
24900 3.29522
25000 3.29809
25000 3.29809
25100 3.29924
25200 3.29969
25300 3.29988
25400 3.29995
25500 3.29998
25600 3.29999
25700 3.29999
25800 3.3
25900 3.3
26000 3.3
26000 3.3
26100 3.3
26200 3.3
26300 3.3
26400 3.3
26500 3.3
26600 3.3
26618 3.3
26618 3.3
26624 3.26716
26624 3.26716
26626 3.21245
26626 3.21245
26626 3.21245
26626 3.21245
26700 3.25561
26800 3.28228
26900 3.29292
27000 3.29717
27000 3.29717
27100 3.29887
27200 3.29955
27300 3.29982
27400 3.29993
27500 3.29997
27600 3.29999
27700 3.29999
27800 3.29999
27900 3.3
28000 3.3
28000 3.3
28100 3.3
28200 3.3
28300 3.3
28400 3.3
28500 3.3
28600 3.3
28666 3.3
28666 3.3
28672 3.26716
28672 3.26716
28674 3.20825
28674 3.20825
28674 3.20825
28674 3.20825
28700 3.2276
28800 3.2711
28900 3.28846
29000 3.29539
29000 3.29539
29100 3.29816
29200 3.29926
29300 3.2997
29400 3.29988
29500 3.29995
29600 3.29998
29700 3.29999
29800 3.29999
29900 3.3
30000 3.3
30000 3.3
30082 3.3
30082 3.3
30082 3.3
30082 3.3
30082 3.3
30086 3.05281
30086 3.05281
30087 3.05227
30087 3.05227
30088 3.02897
30088 3.02897
30088 3.02897
30088 3.02897
30100 3.05708
30200 3.20302
30300 3.26128
30400 3.28454
30500 3.29383
30600 3.29753
30700 3.29901
30714 3.29914
30714 3.29914
30720 3.26635
30720 3.26635
30722 3.21167
30722 3.21167
30722 3.21167
30722 3.21167
30800 3.25683
30900 3.28276
31000 3.29312
31000 3.29312
31100 3.29725
31200 3.2989
31300 3.29956
31400 3.29982
31500 3.29993
31600 3.29997
31700 3.29999
31800 3.29999
31900 3.29999
32000 3.3
32000 3.3
32100 3.3
32200 3.3
32300 3.3
32400 3.3
32500 3.3
32600 3.3
32700 3.3
32762 3.3
32762 3.3
32768 3.26716
32768 3.26716
32770 3.2051
32770 3.2051
32770 3.2051
32770 3.2051
32800 3.22774
32900 3.27115
33000 3.28848
33000 3.28848
33100 3.2954
33200 3.29816
33300 3.29926
33400 3.2997
33500 3.29988
33600 3.29995
33700 3.29998
33800 3.29999
33900 3.29999
34000 3.3
34000 3.3
34100 3.3
34200 3.3
34300 3.3
34400 3.3
34500 3.3
34600 3.3
34700 3.3
34800 3.3
34810 3.3
34810 3.3
34816 3.26716
34816 3.26716
34900 3.28481
35000 3.29393
35000 3.29393
35100 3.29758
35200 3.29903
35300 3.29961
35400 3.29984
35500 3.29994
35600 3.29997
35700 3.29999
35800 3.29999
35900 3.3
36000 3.3
36000 3.3
36100 3.3
36200 3.3
36300 3.3
36400 3.3
36500 3.3
36600 3.3
36700 3.3
36800 3.3
36858 3.3
36858 3.3
36864 3.26716
36864 3.26716
36866 3.20825
36866 3.20825
36866 3.20825
36866 3.20825
36900 3.23273
37000 3.27314
37000 3.27314
37100 3.28928
37200 3.29572
37300 3.29829
37400 3.29931
37500 3.29972
37600 3.29989
37700 3.29995
37800 3.29998
37900 3.29999
38000 3.29999
38000 3.29999
38100 3.3
38200 3.3
38300 3.3
38400 3.3
38500 3.3
38600 3.3
38700 3.3
38800 3.3
38900 3.3
38906 3.3
38906 3.3
38912 3.26716
38912 3.26716
38914 3.21245
38914 3.21245
38914 3.21245
38914 3.21245
39000 3.26024
39000 3.26024
39100 3.28413
39200 3.29366
39300 3.29747
39400 3.29899
39500 3.29959
39600 3.29984
39700 3.29993
39800 3.29997
39900 3.29999
40000 3.29999
40000 3.29999
40082 3.29999
40082 3.29999
40082 3.29999
40082 3.29999
40082 3.29999
40086 3.0528
40086 3.0528
40087 3.05227
40087 3.05227
40088 3.02897
40088 3.02897
40088 3.02897
40088 3.02897
40100 3.05707
40200 3.20302
40300 3.26128
40400 3.28454
40500 3.29383
40600 3.29753
40700 3.29901
40800 3.2996
40900 3.29984
40954 3.2999
40954 3.2999
40960 3.26707
40960 3.26707
40962 3.20501
40962 3.20501
40962 3.20501
40962 3.20501
41000 3.2328
41000 3.2328
41100 3.27317
41200 3.28929
41300 3.29572
41400 3.29829
41500 3.29932
41600 3.29972
41700 3.29989
41800 3.29995
41900 3.29998
42000 3.29999
42000 3.29999
42100 3.29999
42200 3.3
42300 3.3
42400 3.3
42500 3.3
42600 3.3
42700 3.3
42800 3.3
42900 3.3
43000 3.3
43000 3.3
43002 3.3
43002 3.3
43008 3.26716
43008 3.26716
43100 3.28589
43200 3.29436
43300 3.29775
43400 3.2991
43500 3.29964
43600 3.29985
43700 3.29994
43800 3.29997
43900 3.29999
