0 3.03099
0 3.03099
0 3.03099
2 3.03099
2 3.03099
100 3.03099
200 3.03099
300 3.03099
400 3.03099
500 3.03099
600 3.03099
700 3.03099
800 3.03099
900 3.03099
1000 3.03099
1000 3.03099
1100 3.03099
1200 3.03099
1300 3.03099
1400 3.03099
1500 3.03099
1600 3.03099
1700 3.03099
1800 3.03099
1900 3.03099
2000 3.03099
2000 3.03099
2048 3.03099
2048 3.03099
2050 3.03099
2050 3.03099
2100 3.03099
2200 3.03099
2300 3.03099
2400 3.03099
2500 3.03099
2600 3.03099
2700 3.03099
2800 3.03099
2900 3.03099
3000 3.03099
3000 3.03099
3100 3.03099
3200 3.03099
3300 3.03099
3400 3.03099
3500 3.03099
3600 3.03099
3700 3.03099
3800 3.03099
3900 3.03099
4000 3.03099
4000 3.03099
4096 3.03099
4096 3.03099
4098 3.03099
4098 3.03099
4100 3.03099
4200 3.03099
4300 3.03099
4400 3.03099
4500 3.03099
4502 3.03099
4502 3.03099
4504 3.03099
4504 3.03099
4504 3.03099
4504 3.03099
4505 3.03099
4505 3.03099
4505 3.03099
4505 3.03099
4506 3.03099
4506 3.03099
4506 3.03099
4506 3.03099
4507 3.03099
4507 3.03099
4600 3.03099
4700 3.03099
4800 3.03099
4900 3.03099
5000 3.03099
5000 3.03099
5100 3.03099
5200 3.03099
5300 3.03099
5400 3.03099
5500 3.03099
5600 3.03099
5700 3.03099
5800 3.03099
5900 3.03099
6000 3.03099
6000 3.03099
6100 3.03099
6144 3.03099
6144 3.03099
6146 3.0138
6146 3.0138
6146 3.0138
6146 3.0138
6200 3.01849
6300 3.02697
6400 3.0352
6500 3.04318
6600 3.05092
6700 3.05843
6800 3.06571
6900 3.07277
7000 3.07962
7000 3.07962
7100 3.08627
7200 3.09271
7300 3.09896
7400 3.10502
7500 3.11089
7600 3.11659
7700 3.12212
7800 3.12748
7900 3.13268
8000 3.13772
8000 3.13772
8100 3.14262
8186 3.14672
8186 3.14672
8192 3.13625
8192 3.13625
8194 3.117
8194 3.117
8194 3.117
8194 3.117
8200 3.11732
8300 3.12283
8400 3.12817
8500 3.13334
8600 3.13837
8700 3.14324
8800 3.14796
8900 3.15255
9000 3.15699
9000 3.15699
9100 3.1613
9200 3.16548
9300 3.16953
9400 3.17347
9500 3.17728
9600 3.18098
9700 3.18457
9800 3.18804
9900 3.19142
10000 3.19469
10000 3.19469
10082 3.19732
10082 3.19732
10082 3.19732
10082 3.19732
10082 3.19732
10086 3.11397
10086 3.11397
10087 3.11367
10087 3.11367
10088 3.10497
10088 3.10497
10088 3.10497
10088 3.10497
10100 3.10568
10200 3.11154
10234 3.11351
10234 3.11351
10240 3.10321
10240 3.10321
10242 3.08556
10242 3.08556
10242 3.08556
10242 3.08556
10300 3.08933
10400 3.09568
10500 3.10184
10600 3.10781
10700 3.11361
10800 3.11922
10900 3.12467
11000 3.12996
11000 3.12996
11100 3.13508
11200 3.14005
11300 3.14487
11400 3.14955
11500 3.15408
11600 3.15848
11700 3.16275
11800 3.16688
11900 3.1709
12000 3.17479
12000 3.17479
12100 3.17856
12200 3.18222
12282 3.18515
12282 3.18515
12288 3.17448
12288 3.17448
12290 3.15391
12290 3.15391
12290 3.15391
12290 3.15391
12300 3.15434
12400 3.15873
12500 3.16299
12600 3.16712
12700 3.17112
12800 3.175
12900 3.17877
13000 3.18243
13000 3.18243
13100 3.18597
13200 3.18941
13300 3.19274
13400 3.19597
13500 3.19911
13600 3.20215
13700 3.2051
13800 3.20796
13900 3.21073
14000 3.21342
14000 3.21342
14100 3.21603
14200 3.21856
14300 3.22101
14330 3.22174
14330 3.22174
14336 3.21089
14336 3.21089
14400 3.21261
14500 3.21525
14600 3.2178
14700 3.22028
14800 3.22268
14900 3.22501
15000 3.22727
15000 3.22727
15100 3.22946
15200 3.23159
15300 3.23365
15400 3.23565
15500 3.23759
15600 3.23947
15700 3.24129
15800 3.24306
15900 3.24478
16000 3.24644
16000 3.24644
16100 3.24805
16200 3.24962
16300 3.25114
16378 3.25229
16378 3.25229
16384 3.24128
16384 3.24128
16386 3.22131
16386 3.22131
16386 3.22131
16386 3.22131
16400 3.22164
16500 3.224
16600 3.22629
16700 3.22851
16800 3.23067
16900 3.23275
17000 3.23478
17000 3.23478
17100 3.23675
17200 3.23865
17300 3.2405
17400 3.24229
17500 3.24403
17600 3.24572
17700 3.24735
17800 3.24894
17900 3.25048
18000 3.25197
18000 3.25197
18100 3.25342
18200 3.25482
18300 3.25618
18400 3.2575
18426 3.25784
18426 3.25784
18432 3.2468
18432 3.2468
18434 3.22824
18434 3.22824
18434 3.22824
18434 3.22824
18500 3.22967
18600 3.23179
18700 3.23385
18800 3.23584
18900 3.23777
19000 3.23965
19000 3.23965
19100 3.24147
19200 3.24323
19300 3.24494
19400 3.2466
19500 3.24821
19600 3.24977
19700 3.25128
19800 3.25275
19900 3.25417
20000 3.25555
20000 3.25555
20082 3.25666
20082 3.25666
20082 3.25666
20082 3.25666
20082 3.25666
20086 3.17168
20086 3.17168
20087 3.17138
20087 3.17138
20088 3.1625
20088 3.1625
20088 3.1625
20088 3.1625
20100 3.163
20200 3.16713
20300 3.17114
20400 3.17502
20474 3.17783
20474 3.17783
20480 3.1672
20480 3.1672
20482 3.14668
20482 3.14668
20482 3.14668
20482 3.14668
20500 3.1475
20600 3.1521
20700 3.15656
20800 3.16088
20900 3.16507
21000 3.16914
21000 3.16914
21100 3.17308
21200 3.17691
21300 3.18062
21400 3.18422
21500 3.18771
21600 3.19109
21700 3.19437
21800 3.19756
21900 3.20064
22000 3.20364
22000 3.20364
22100 3.20654
22200 3.20936
22300 3.21209
22400 3.21474
22500 3.21731
22522 3.21787
22522 3.21787
22528 3.20703
22528 3.20703
22600 3.20906
22700 3.2118
22800 3.21446
22900 3.21704
23000 3.21954
23000 3.21954
23100 3.22196
23200 3.22431
23300 3.22659
23400 3.2288
23500 3.23095
23600 3.23303
23700 3.23505
23800 3.23701
23900 3.2389
24000 3.24074
24000 3.24074
24100 3.24253
24200 3.24426
24300 3.24594
24400 3.24757
24500 3.24915
24570 3.25023
24570 3.25023
24576 3.23923
24576 3.23923
24578 3.21927
24578 3.21927
24578 3.21927
24578 3.21927
24600 3.21981
24700 3.22222
24800 3.22457
24900 3.22684
25000 3.22904
25000 3.22904
25100 3.23118
25200 3.23326
25300 3.23527
25400 3.23722
25500 3.23911
25600 3.24094
25700 3.24272
25800 3.24445
25900 3.24612
26000 3.24775
26000 3.24775
26100 3.24932
26200 3.25085
26300 3.25233
26400 3.25376
26500 3.25516
26600 3.25651
26618 3.25675
26618 3.25675
26624 3.24571
26624 3.24571
26626 3.22716
26626 3.22716
26626 3.22716
26626 3.22716
26700 3.22879
26800 3.23094
26900 3.23302
27000 3.23504
27000 3.23504
27100 3.23699
27200 3.23889
27300 3.24073
27400 3.24252
27500 3.24425
27600 3.24593
27700 3.24756
27800 3.24914
27900 3.25067
28000 3.25216
28000 3.25216
28100 3.2536
28200 3.255
28300 3.25635
28400 3.25767
28500 3.25894
28600 3.26018
28666 3.26098
28666 3.26098
28672 3.24992
28672 3.24992
28674 3.22989
28674 3.22989
28674 3.22989
28674 3.22989
28700 3.23044
28800 3.23254
28900 3.23457
29000 3.23654
29000 3.23654
29100 3.23845
29200 3.24031
29300 3.24211
29400 3.24385
29500 3.24554
29600 3.24718
29700 3.24877
29800 3.25032
29900 3.25181
30000 3.25327
30000 3.25327
30082 3.25443
30082 3.25443
30082 3.25443
30082 3.25443
30082 3.25443
30086 3.16951
30086 3.16951
30087 3.16921
30087 3.16921
30088 3.16034
30088 3.16034
30088 3.16034
30088 3.16034
30100 3.16085
30200 3.16504
30300 3.16911
30400 3.17305
30500 3.17688
30600 3.18059
30700 3.18419
30714 3.1847
30714 3.1847
30720 3.17403
30720 3.17403
30722 3.15593
30722 3.15593
30722 3.15593
30722 3.15593
30800 3.15933
30900 3.16357
31000 3.16768
31000 3.16768
31100 3.17167
31200 3.17554
31300 3.17929
31400 3.18292
31500 3.18645
31600 3.18988
31700 3.19319
31800 3.19641
31900 3.19953
32000 3.20256
32000 3.20256
32100 3.2055
32200 3.20835
32300 3.21111
32400 3.21379
32500 3.21638
32600 3.2189
32700 3.22135
32762 3.22284
32762 3.22284
32768 3.21197
32768 3.21197
32770 3.19113
32770 3.19113
32770 3.19113
32770 3.19113
32800 3.19211
32900 3.19536
33000 3.19852
33000 3.19852
33100 3.20157
33200 3.20454
33300 3.20742
33400 3.21021
33500 3.21291
33600 3.21554
33700 3.21808
33800 3.22055
33900 3.22294
34000 3.22527
34000 3.22527
34100 3.22752
34200 3.2297
34300 3.23182
34400 3.23387
34500 3.23587
34600 3.2378
34700 3.23967
34800 3.24149
34810 3.24168
34810 3.24168
34816 3.23072
34816 3.23072
34900 3.23247
35000 3.23451
35000 3.23451
35100 3.23648
35200 3.2384
35300 3.24025
35400 3.24205
35500 3.2438
35600 3.24549
35700 3.24713
35800 3.24873
35900 3.25027
36000 3.25177
36000 3.25177
36100 3.25322
36200 3.25463
36300 3.256
36400 3.25732
36500 3.25861
36600 3.25986
36700 3.26107
36800 3.26224
36858 3.26291
36858 3.26291
36864 3.25184
36864 3.25184
36866 3.23179
36866 3.23179
36866 3.23179
36866 3.23179
36900 3.2325
37000 3.23453
37000 3.23453
37100 3.2365
37200 3.23842
37300 3.24027
37400 3.24207
37500 3.24382
37600 3.24551
37700 3.24715
37800 3.24874
37900 3.25029
38000 3.25178
38000 3.25178
38100 3.25324
38200 3.25465
38300 3.25601
38400 3.25734
38500 3.25862
38600 3.25987
38700 3.26108
38800 3.26225
38900 3.26339
38906 3.26346
38906 3.26346
38912 3.25239
38912 3.25239
38914 3.23379
38914 3.23379
38914 3.23379
38914 3.23379
39000 3.23551
39000 3.23551
39100 3.23745
39200 3.23934
39300 3.24117
39400 3.24294
39500 3.24466
39600 3.24632
39700 3.24794
39800 3.24951
39900 3.25103
40000 3.25251
40000 3.25251
40082 3.25369
40082 3.25369
40082 3.25369
40082 3.25369
40082 3.25369
40086 3.16879
40086 3.16879
40087 3.16849
40087 3.16849
40088 3.15962
40088 3.15962
40088 3.15962
40088 3.15962
40100 3.16013
40200 3.16435
40300 3.16844
40400 3.1724
40500 3.17625
40600 3.17998
40700 3.18359
40800 3.1871
40900 3.1905
40954 3.19231
40954 3.19231
40960 3.1816
40960 3.1816
40962 3.16098
40962 3.16098
40962 3.16098
40962 3.16098
41000 3.16257
41000 3.16257
41100 3.16671
41200 3.17073
41300 3.17463
41400 3.1784
41500 3.18207
41600 3.18562
41700 3.18907
41800 3.19241
41900 3.19566
42000 3.1988
42000 3.1988
42100 3.20185
42200 3.20481
42300 3.20768
42400 3.21046
42500 3.21316
42600 3.21577
42700 3.21831
42800 3.22077
42900 3.22316
43000 3.22548
43000 3.22548
43002 3.22553
43002 3.22553
43008 3.21465
43008 3.21465
43100 3.21702
43200 3.21952
43300 3.22195
43400 3.2243
43500 3.22658
43600 3.22879
43700 3.23094
43800 3.23302
43900 3.23504
