0 3.03099
0 3.03099
0 3.03099
2 3.03099
2 3.03099
100 3.03099
200 3.03099
300 3.03099
400 3.03099
500 3.03099
600 3.03099
700 3.03099
800 3.03099
900 3.03099
1000 3.03099
1000 3.03099
1100 3.03099
1200 3.03099
1300 3.03099
1400 3.03099
1500 3.03099
1600 3.03099
1700 3.03099
1800 3.03099
1900 3.03099
2000 3.03099
2000 3.03099
2048 3.03099
2048 3.03099
2050 3.03099
2050 3.03099
2100 3.03099
2200 3.03099
2300 3.03099
2400 3.03099
2500 3.03099
2600 3.03099
2700 3.03099
2800 3.03099
2900 3.03099
3000 3.03099
3000 3.03099
3100 3.03099
3200 3.03099
3300 3.03099
3400 3.03099
3500 3.03099
3600 3.03099
3700 3.03099
3800 3.03099
3900 3.03099
4000 3.03099
4000 3.03099
4096 3.03099
4096 3.03099
4098 3.03099
4098 3.03099
4100 3.03099
4200 3.03099
4300 3.03099
4400 3.03099
4500 3.03099
4502 3.03099
4502 3.03099
4504 3.03099
4504 3.03099
4504 3.03099
4504 3.03099
4505 3.03099
4505 3.03099
4505 3.03099
4505 3.03099
4506 3.03099
4506 3.03099
4506 3.03099
4506 3.03099
4507 3.03099
4507 3.03099
4600 3.03099
4700 3.03099
4800 3.03099
4900 3.03099
5000 3.03099
5000 3.03099
5100 3.03099
5200 3.03099
5300 3.03099
5400 3.03099
5500 3.03099
5600 3.03099
5700 3.03099
5800 3.03099
5900 3.03099
6000 3.03099
6000 3.03099
6100 3.03099
6144 3.03099
6144 3.03099
6146 2.97975
6146 2.97975
6146 2.97975
6146 2.97975
6200 2.99523
6300 3.02196
6400 3.04636
6500 3.06861
6600 3.08891
6700 3.10742
6800 3.12432
6900 3.13973
7000 3.15379
7000 3.15379
7100 3.16661
7200 3.17831
7300 3.18899
7400 3.19872
7500 3.20761
7600 3.21571
7700 3.2231
7800 3.22985
7900 3.236
8000 3.24161
8000 3.24161
8100 3.24673
8186 3.25079
8186 3.25079
8192 3.21794
8192 3.21794
8194 3.15891
8194 3.15891
8194 3.15891
8194 3.15891
8200 3.15966
8300 3.17197
8400 3.1832
8500 3.19345
8600 3.20279
8700 3.21132
8800 3.2191
8900 3.22619
9000 3.23266
9000 3.23266
9100 3.23857
9200 3.24396
9300 3.24887
9400 3.25335
9500 3.25744
9600 3.26117
9700 3.26458
9800 3.26768
9900 3.27052
10000 3.2731
10000 3.2731
10082 3.27506
10082 3.27506
10082 3.27506
10082 3.27506
10082 3.27506
10086 3.02557
10086 3.02557
10087 3.02472
10087 3.02472
10088 2.99954
10088 2.99954
10088 2.99954
10088 2.99954
10100 3.00281
10200 3.02888
10234 3.03732
10234 3.03732
10240 3.00772
10240 3.00772
10242 2.95692
10242 2.95692
10242 2.95692
10242 2.95692
10300 2.9747
10400 3.00324
10500 3.02928
10600 3.05303
10700 3.07469
10800 3.09446
10900 3.11249
11000 3.12894
11000 3.12894
11100 3.14394
11200 3.15763
11300 3.17012
11400 3.18151
11500 3.19191
11600 3.20139
11700 3.21004
11800 3.21793
11900 3.22513
12000 3.23169
12000 3.23169
12100 3.23768
12200 3.24315
12282 3.24729
12282 3.24729
12288 3.21449
12288 3.21449
12290 3.15235
12290 3.15235
12290 3.15235
12290 3.15235
12300 3.15365
12400 3.16649
12500 3.1782
12600 3.18889
12700 3.19863
12800 3.20752
12900 3.21563
13000 3.22303
13000 3.22303
13100 3.22978
13200 3.23594
13300 3.24156
13400 3.24668
13500 3.25136
13600 3.25562
13700 3.25951
13800 3.26306
13900 3.2663
14000 3.26925
14000 3.26925
14100 3.27195
14200 3.27441
14300 3.27665
14330 3.27729
14330 3.27729
14336 3.24404
14336 3.24404
14400 3.24723
14500 3.25186
14600 3.25608
14700 3.25993
14800 3.26344
14900 3.26665
15000 3.26957
15000 3.26957
15100 3.27224
15200 3.27467
15300 3.27689
15400 3.27891
15500 3.28076
15600 3.28245
15700 3.28398
15800 3.28539
15900 3.28666
16000 3.28783
16000 3.28783
16100 3.2889
16200 3.28987
16300 3.29075
16378 3.29139
16378 3.29139
16384 3.25792
16384 3.25792
16386 3.19808
16386 3.19808
16386 3.19808
16386 3.19808
16400 3.19936
16500 3.20819
16600 3.21624
16700 3.22359
16800 3.23029
16900 3.2364
17000 3.24198
17000 3.24198
17100 3.24707
17200 3.25171
17300 3.25594
17400 3.2598
17500 3.26333
17600 3.26654
17700 3.26948
17800 3.27215
17900 3.27459
18000 3.27682
18000 3.27682
18100 3.27885
18200 3.2807
18300 3.28239
18400 3.28393
18426 3.28432
18426 3.28432
18432 3.25095
18432 3.25095
18434 3.19555
18434 3.19555
18434 3.19555
18434 3.19555
18500 3.20169
18600 3.21031
18700 3.21818
18800 3.22535
18900 3.2319
19000 3.23787
19000 3.23787
19100 3.24332
19200 3.24829
19300 3.25282
19400 3.25696
19500 3.26073
19600 3.26418
19700 3.26732
19800 3.27018
19900 3.27279
20000 3.27518
20000 3.27518
20082 3.27699
20082 3.27699
20082 3.27699
20082 3.27699
20082 3.27699
20086 3.02734
20086 3.02734
20087 3.02649
20087 3.02649
20088 3.0013
20088 3.0013
20088 3.0013
20088 3.0013
20100 3.00455
20200 3.03047
20300 3.05411
20400 3.07568
20474 3.0905
20474 3.0905
20480 3.06009
20480 3.06009
20482 3.00127
20482 3.00127
20482 3.00127
20482 3.00127
20500 3.00608
20600 3.03187
20700 3.05539
20800 3.07685
20900 3.09642
21000 3.11428
21000 3.11428
21100 3.13057
21200 3.14544
21300 3.15899
21400 3.17136
21500 3.18265
21600 3.19294
21700 3.20233
21800 3.2109
21900 3.21871
22000 3.22584
22000 3.22584
22100 3.23234
22200 3.23828
22300 3.24369
22400 3.24863
22500 3.25313
22522 3.25409
22522 3.25409
22528 3.22118
22528 3.22118
22600 3.22622
22700 3.23269
22800 3.2386
22900 3.24398
23000 3.24889
23000 3.24889
23100 3.25337
23200 3.25746
23300 3.26119
23400 3.26459
23500 3.2677
23600 3.27053
23700 3.27311
23800 3.27547
23900 3.27762
24000 3.27958
24000 3.27958
24100 3.28137
24200 3.283
24300 3.28449
24400 3.28585
24500 3.28709
24570 3.28789
24570 3.28789
24576 3.25447
24576 3.25447
24578 3.1947
24578 3.1947
24578 3.1947
24578 3.1947
24600 3.19678
24700 3.20584
24800 3.2141
24900 3.22163
25000 3.2285
25000 3.2285
25100 3.23477
25200 3.24049
25300 3.24571
25400 3.25047
25500 3.25481
25600 3.25878
25700 3.26239
25800 3.26569
25900 3.26869
26000 3.27144
26000 3.27144
26100 3.27394
26200 3.27623
26300 3.27831
26400 3.28021
26500 3.28194
26600 3.28352
26618 3.2838
26618 3.2838
26624 3.25044
26624 3.25044
26626 3.19505
26626 3.19505
26626 3.19505
26626 3.19505
26700 3.20194
26800 3.21054
26900 3.21839
27000 3.22554
27000 3.22554
27100 3.23207
27200 3.23803
27300 3.24346
27400 3.24842
27500 3.25294
27600 3.25707
27700 3.26083
27800 3.26427
27900 3.2674
28000 3.27026
28000 3.27026
28100 3.27286
28200 3.27524
28300 3.27741
28400 3.27939
28500 3.2812
28600 3.28284
28666 3.28386
28666 3.28386
28672 3.2505
28672 3.2505
28674 3.1908
28674 3.1908
28674 3.1908
28674 3.1908
28700 3.19336
28800 3.20271
28900 3.21125
29000 3.21903
29000 3.21903
29100 3.22613
29200 3.23261
29300 3.23852
29400 3.24391
29500 3.24883
29600 3.25332
29700 3.25741
29800 3.26114
29900 3.26455
30000 3.26766
30000 3.26766
30082 3.27002
30082 3.27002
30082 3.27002
30082 3.27002
30082 3.27002
30086 3.02093
30086 3.02093
30087 3.02008
30087 3.02008
30088 2.99494
30088 2.99494
30088 2.99494
30088 2.99494
30100 2.99827
30200 3.02474
30300 3.04888
30400 3.07091
30500 3.09101
30600 3.10934
30700 3.12607
30714 3.12836
30714 3.12836
30720 3.09737
30720 3.09737
30722 3.04488
30722 3.04488
30722 3.04488
30722 3.04488
30800 3.0625
30900 3.08334
31000 3.10234
31000 3.10234
31100 3.11968
31200 3.1355
31300 3.14993
31400 3.16309
31500 3.1751
31600 3.18606
31700 3.19605
31800 3.20517
31900 3.21349
32000 3.22107
32000 3.22107
32100 3.228
32200 3.23431
32300 3.24007
32400 3.24533
32500 3.25012
32600 3.25449
32700 3.25848
32762 3.26079
32762 3.26079
32768 3.22779
32768 3.22779
32770 3.16536
32770 3.16536
32770 3.16536
32770 3.16536
32800 3.16898
32900 3.18047
33000 3.19096
33000 3.19096
33100 3.20052
33200 3.20925
33300 3.21721
33400 3.22447
33500 3.23109
33600 3.23714
33700 3.24265
33800 3.24768
33900 3.25227
34000 3.25645
34000 3.25645
34100 3.26027
34200 3.26375
34300 3.26693
34400 3.26983
34500 3.27247
34600 3.27488
34700 3.27709
34800 3.27909
34810 3.27929
34810 3.27929
34816 3.246
34816 3.246
34900 3.25001
35000 3.25439
35000 3.25439
35100 3.25839
35200 3.26204
35300 3.26537
35400 3.2684
35500 3.27117
35600 3.2737
35700 3.276
35800 3.27811
35900 3.28002
36000 3.28177
36000 3.28177
36100 3.28337
36200 3.28483
36300 3.28615
36400 3.28737
36500 3.28847
36600 3.28948
36700 3.2904
36800 3.29124
36858 3.2917
36858 3.2917
36864 3.25822
36864 3.25822
36866 3.19837
36866 3.19837
36866 3.19837
36866 3.19837
36900 3.20147
37000 3.21011
37000 3.21011
37100 3.218
37200 3.22519
37300 3.23175
37400 3.23774
37500 3.2432
37600 3.24818
37700 3.25272
37800 3.25687
37900 3.26065
38000 3.2641
38000 3.2641
38100 3.26724
38200 3.27012
38300 3.27273
38400 3.27512
38500 3.2773
38600 3.27929
38700 3.28111
38800 3.28276
38900 3.28427
38906 3.28436
38906 3.28436
38912 3.251
38912 3.251
38914 3.19559
38914 3.19559
38914 3.19559
38914 3.19559
39000 3.20352
39000 3.20352
39100 3.21198
39200 3.2197
39300 3.22674
39400 3.23317
39500 3.23903
39600 3.24437
39700 3.24925
39800 3.2537
39900 3.25776
40000 3.26146
40000 3.26146
40082 3.26428
40082 3.26428
40082 3.26428
40082 3.26428
40082 3.26428
40086 3.01565
40086 3.01565
40087 3.0148
40087 3.0148
40088 2.98971
40088 2.98971
40088 2.98971
40088 2.98971
40100 2.99309
40200 3.02002
40300 3.04458
40400 3.06699
40500 3.08743
40600 3.10608
40700 3.12309
40800 3.13861
40900 3.15276
40954 3.15994
40954 3.15994
40960 3.12847
40960 3.12847
40962 3.06818
40962 3.06818
40962 3.06818
40962 3.06818
41000 3.07606
41000 3.07606
41100 3.09571
41200 3.11363
41300 3.12998
41400 3.14489
41500 3.1585
41600 3.17091
41700 3.18223
41800 3.19256
41900 3.20199
42000 3.21058
42000 3.21058
42100 3.21843
42200 3.22558
42300 3.23211
42400 3.23806
42500 3.24349
42600 3.24845
42700 3.25297
42800 3.25709
42900 3.26085
43000 3.26429
43000 3.26429
43002 3.26436
43002 3.26436
43008 3.2313
43008 3.2313
43100 3.23687
43200 3.2424
43300 3.24745
43400 3.25206
43500 3.25626
43600 3.2601
43700 3.2636
43800 3.26679
43900 3.2697
