0 3.03099
0 3.03099
0 3.03099
2 3.03099
2 3.03099
100 3.03099
200 3.03099
300 3.03099
400 3.03099
500 3.03099
600 3.03099
700 3.03099
800 3.03099
900 3.03099
1000 3.03099
1000 3.03099
1100 3.03099
1200 3.03099
1300 3.03099
1400 3.03099
1500 3.03099
1600 3.03099
1700 3.03099
1800 3.03099
1900 3.03099
2000 3.03099
2000 3.03099
2048 3.03099
2048 3.03099
2050 3.03099
2050 3.03099
2100 3.03099
2200 3.03099
2300 3.03099
2400 3.03099
2500 3.03099
2600 3.03099
2700 3.03099
2800 3.03099
2900 3.03099
3000 3.03099
3000 3.03099
3100 3.03099
3200 3.03099
3300 3.03099
3400 3.03099
3500 3.03099
3600 3.03099
3700 3.03099
3800 3.03099
3900 3.03099
4000 3.03099
4000 3.03099
4096 3.03099
4096 3.03099
4098 3.03099
4098 3.03099
4100 3.03099
4200 3.03099
4300 3.03099
4400 3.03099
4500 3.03099
4502 3.03099
4502 3.03099
4504 3.03099
4504 3.03099
4504 3.03099
4504 3.03099
4505 3.03099
4505 3.03099
4505 3.03099
4505 3.03099
4506 3.03099
4506 3.03099
4506 3.03099
4506 3.03099
4507 3.03099
4507 3.03099
4600 3.03099
4700 3.03099
4800 3.03099
4900 3.03099
5000 3.03099
5000 3.03099
5100 3.03099
5200 3.03099
5300 3.03099
5400 3.03099
5500 3.03099
5600 3.03099
5700 3.03099
5800 3.03099
5900 3.03099
6000 3.03099
6000 3.03099
6100 3.03099
6144 3.03099
6144 3.03099
6146 3.02231
6146 3.02231
6146 3.02231
6146 3.02231
6200 3.02277
6300 3.02362
6400 3.02446
6500 3.0253
6600 3.02614
6700 3.02698
6800 3.02781
6900 3.02864
7000 3.02947
7000 3.02947
7100 3.0303
7200 3.03112
7300 3.03194
7400 3.03276
7500 3.03358
7600 3.03439
7700 3.0352
7800 3.03601
7900 3.03682
8000 3.03762
8000 3.03762
8100 3.03842
8186 3.03911
8186 3.03911
8192 3.03397
8192 3.03397
8194 3.0246
8194 3.0246
8194 3.0246
8194 3.0246
8200 3.02465
8300 3.02549
8400 3.02633
8500 3.02717
8600 3.028
8700 3.02883
8800 3.02966
8900 3.03048
9000 3.03131
9000 3.03131
9100 3.03213
9200 3.03295
9300 3.03376
9400 3.03457
9500 3.03539
9600 3.03619
9700 3.037
9800 3.0378
9900 3.0386
10000 3.0394
10000 3.0394
10082 3.04006
10082 3.04006
10082 3.04006
10082 3.04006
10082 3.04006
10086 3.00012
10086 3.00012
10087 2.99997
10087 2.99997
10088 2.99576
10088 2.99576
10088 2.99576
10088 2.99576
10100 2.99587
10200 2.9968
10234 2.99712
10234 2.99712
10240 2.99205
10240 2.99205
10242 2.98349
10242 2.98349
10242 2.98349
10242 2.98349
10300 2.98405
10400 2.98501
10500 2.98598
10600 2.98694
10700 2.98789
10800 2.98885
10900 2.9898
11000 2.99074
11000 2.99074
11100 2.99169
11200 2.99263
11300 2.99357
11400 2.9945
11500 2.99544
11600 2.99637
11700 2.9973
11800 2.99822
11900 2.99914
12000 3.00006
12000 3.00006
12100 3.00098
12200 3.00189
12282 3.00264
12282 3.00264
12288 2.99756
12288 2.99756
12290 2.98781
12290 2.98781
12290 2.98781
12290 2.98781
12300 2.9879
12400 2.98885
12500 2.9898
12600 2.99075
12700 2.9917
12800 2.99264
12900 2.99358
13000 2.99451
13000 2.99451
13100 2.99545
13200 2.99638
13300 2.9973
13400 2.99823
13500 2.99915
13600 3.00007
13700 3.00099
13800 3.0019
13900 3.00281
14000 3.00372
14000 3.00372
14100 3.00462
14200 3.00553
14300 3.00643
14330 3.0067
14330 3.0067
14336 3.00161
14336 3.00161
14400 3.00219
14500 3.0031
14600 3.00401
14700 3.00492
14800 3.00582
14900 3.00672
15000 3.00761
15000 3.00761
15100 3.0085
15200 3.00939
15300 3.01028
15400 3.01117
15500 3.01205
15600 3.01293
15700 3.01381
15800 3.01468
15900 3.01555
16000 3.01642
16000 3.01642
16100 3.01729
16200 3.01815
16300 3.01901
16378 3.01968
16378 3.01968
16384 3.01457
16384 3.01457
16386 3.00527
16386 3.00527
16386 3.00527
16386 3.00527
16400 3.00539
16500 3.00629
16600 3.00719
16700 3.00809
16800 3.00898
16900 3.00987
17000 3.01075
17000 3.01075
17100 3.01164
17200 3.01252
17300 3.01339
17400 3.01427
17500 3.01514
17600 3.01601
17700 3.01688
17800 3.01775
17900 3.01861
18000 3.01947
18000 3.01947
18100 3.02032
18200 3.02118
18300 3.02203
18400 3.02288
18426 3.0231
18426 3.0231
18432 3.01798
18432 3.01798
18434 3.00935
18434 3.00935
18434 3.00935
18434 3.00935
18500 3.00993
18600 3.01082
18700 3.0117
18800 3.01258
18900 3.01346
19000 3.01434
19000 3.01434
19100 3.01521
19200 3.01608
19300 3.01695
19400 3.01781
19500 3.01867
19600 3.01953
19700 3.02039
19800 3.02124
19900 3.02209
20000 3.02294
20000 3.02294
20082 3.02364
20082 3.02364
20082 3.02364
20082 3.02364
20082 3.02364
20086 2.98392
20086 2.98392
20087 2.98377
20087 2.98377
20088 2.97959
20088 2.97959
20088 2.97959
20088 2.97959
20100 2.9797
20200 2.98068
20300 2.98166
20400 2.98263
20474 2.98335
20474 2.98335
20480 2.97831
20480 2.97831
20482 2.96862
20482 2.96862
20482 2.96862
20482 2.96862
20500 2.9688
20600 2.96981
20700 2.97082
20800 2.97182
20900 2.97282
21000 2.97382
21000 2.97382
21100 2.97482
21200 2.97581
21300 2.9768
21400 2.97779
21500 2.97878
21600 2.97976
21700 2.98074
21800 2.98171
21900 2.98268
22000 2.98365
22000 2.98365
22100 2.98462
22200 2.98558
22300 2.98654
22400 2.9875
22500 2.98846
22522 2.98867
22522 2.98867
22528 2.98362
22528 2.98362
22600 2.98431
22700 2.98528
22800 2.98624
22900 2.9872
23000 2.98815
23000 2.98815
23100 2.9891
23200 2.99005
23300 2.991
23400 2.99194
23500 2.99289
23600 2.99382
23700 2.99476
23800 2.99569
23900 2.99662
24000 2.99755
24000 2.99755
24100 2.99847
24200 2.99939
24300 3.00031
24400 3.00123
24500 3.00214
24570 3.00278
24570 3.00278
24576 2.9977
24576 2.9977
24578 2.98845
24578 2.98845
24578 2.98845
24578 2.98845
24600 2.98866
24700 2.98961
24800 2.99056
24900 2.9915
25000 2.99244
25000 2.99244
25100 2.99338
25200 2.99432
25300 2.99525
25400 2.99618
25500 2.99711
25600 2.99804
25700 2.99896
25800 2.99988
25900 3.0008
26000 3.00171
26000 3.00171
26100 3.00262
26200 3.00353
26300 3.00444
26400 3.00534
26500 3.00624
26600 3.00714
26618 3.0073
26618 3.0073
26624 3.00221
26624 3.00221
26626 2.99362
26626 2.99362
26626 2.99362
26626 2.99362
26700 2.99431
26800 2.99525
26900 2.99618
27000 2.99711
27000 2.99711
27100 2.99803
27200 2.99895
27300 2.99987
27400 3.00079
27500 3.0017
27600 3.00262
27700 3.00352
27800 3.00443
27900 3.00533
28000 3.00623
28000 3.00623
28100 3.00713
28200 3.00802
28300 3.00892
28400 3.00981
28500 3.01069
28600 3.01158
28666 3.01216
28666 3.01216
28672 3.00706
28672 3.00706
28674 2.99778
28674 2.99778
28674 2.99778
28674 2.99778
28700 2.99802
28800 2.99894
28900 2.99986
29000 3.00078
29000 3.00078
29100 3.0017
29200 3.00261
29300 3.00351
29400 3.00442
29500 3.00532
29600 3.00622
29700 3.00712
29800 3.00802
29900 3.00891
30000 3.0098
30000 3.0098
30082 3.01053
30082 3.01053
30082 3.01053
30082 3.01053
30082 3.01053
30086 2.97098
30086 2.97098
30087 2.97084
30087 2.97084
30088 2.96667
30088 2.96667
30088 2.96667
30088 2.96667
30100 2.96679
30200 2.96781
30300 2.96882
30400 2.96983
30500 2.97084
30600 2.97185
30700 2.97285
30714 2.97299
30714 2.97299
30720 2.96797
30720 2.96797
30722 2.95948
30722 2.95948
30722 2.95948
30722 2.95948
30800 2.96029
30900 2.96133
31000 2.96236
31000 2.96236
31100 2.96339
31200 2.96442
31300 2.96545
31400 2.96647
31500 2.96749
31600 2.9685
31700 2.96951
31800 2.97052
31900 2.97153
32000 2.97253
32000 2.97253
32100 2.97353
32200 2.97453
32300 2.97553
32400 2.97652
32500 2.97751
32600 2.97849
32700 2.97947
32762 2.98008
32762 2.98008
32768 2.97505
32768 2.97505
32770 2.96537
32770 2.96537
32770 2.96537
32770 2.96537
32800 2.96567
32900 2.96669
33000 2.96771
33000 2.96771
33100 2.96873
33200 2.96974
33300 2.97075
33400 2.97175
33500 2.97276
33600 2.97376
33700 2.97475
33800 2.97575
33900 2.97674
34000 2.97772
34000 2.97772
34100 2.97871
34200 2.97969
34300 2.98067
34400 2.98164
34500 2.98262
34600 2.98359
34700 2.98455
34800 2.98552
34810 2.98562
34810 2.98562
34816 2.98057
34816 2.98057
34900 2.98139
35000 2.98236
35000 2.98236
35100 2.98333
35200 2.9843
35300 2.98526
35400 2.98623
35500 2.98718
35600 2.98814
35700 2.98909
35800 2.99004
35900 2.99099
36000 2.99193
36000 2.99193
36100 2.99287
36200 2.99381
36300 2.99475
36400 2.99568
36500 2.99661
36600 2.99754
36700 2.99846
36800 2.99938
36858 2.99992
36858 2.99992
36864 2.99484
36864 2.99484
36866 2.9856
36866 2.9856
36866 2.9856
36866 2.9856
36900 2.98593
37000 2.98689
37000 2.98689
37100 2.98784
37200 2.9888
37300 2.98975
37400 2.9907
37500 2.99164
37600 2.99258
37700 2.99352
37800 2.99446
37900 2.99539
38000 2.99632
38000 2.99632
38100 2.99725
38200 2.99817
38300 2.9991
38400 3.00001
38500 3.00093
38600 3.00184
38700 3.00276
38800 3.00366
38900 3.00457
38906 3.00463
38906 3.00463
38912 2.99954
38912 2.99954
38914 2.99096
38914 2.99096
38914 2.99096
38914 2.99096
39000 2.99177
39000 2.99177
39100 2.99271
39200 2.99365
39300 2.99459
39400 2.99552
39500 2.99645
39600 2.99738
39700 2.9983
39800 2.99922
39900 3.00014
40000 3.00106
40000 3.00106
40082 3.00181
40082 3.00181
40082 3.00181
40082 3.00181
40082 3.00181
40086 2.96238
40086 2.96238
40087 2.96223
40087 2.96223
40088 2.95808
40088 2.95808
40088 2.95808
40088 2.95808
40100 2.9582
40200 2.95925
40300 2.96029
40400 2.96133
40500 2.96236
40600 2.96339
40700 2.96442
40800 2.96544
40900 2.96647
40954 2.96702
40954 2.96702
40960 2.96201
40960 2.96201
40962 2.95237
40962 2.95237
40962 2.95237
40962 2.95237
41000 2.95277
41000 2.95277
41100 2.95383
41200 2.95489
41300 2.95595
41400 2.957
41500 2.95805
41600 2.95909
41700 2.96013
41800 2.96117
41900 2.9622
42000 2.96324
42000 2.96324
42100 2.96427
42200 2.96529
42300 2.96631
42400 2.96733
42500 2.96835
42600 2.96936
42700 2.97037
42800 2.97138
42900 2.97238
43000 2.97338
43000 2.97338
43002 2.97341
43002 2.97341
43008 2.96838
43008 2.96838
43100 2.96932
43200 2.97033
43300 2.97133
43400 2.97234
43500 2.97334
43600 2.97434
43700 2.97533
43800 2.97632
43900 2.97731
