0 3.03099
0 3.03099
0 3.03099
2 3.03099
2 3.03099
100 3.03099
200 3.03099
300 3.03099
400 3.03099
500 3.03099
600 3.03099
700 3.03099
800 3.03099
900 3.03099
1000 3.03099
1000 3.03099
1100 3.03099
1200 3.03099
1300 3.03099
1400 3.03099
1500 3.03099
1600 3.03099
1700 3.03099
1800 3.03099
1900 3.03099
2000 3.03099
2000 3.03099
2048 3.03099
2048 3.03099
2050 3.03099
2050 3.03099
2100 3.03099
2200 3.03099
2300 3.03099
2400 3.03099
2500 3.03099
2600 3.03099
2700 3.03099
2800 3.03099
2900 3.03099
3000 3.03099
3000 3.03099
3100 3.03099
3200 3.03099
3300 3.03099
3400 3.03099
3500 3.03099
3600 3.03099
3700 3.03099
3800 3.03099
3900 3.03099
4000 3.03099
4000 3.03099
4096 3.03099
4096 3.03099
4098 3.03099
4098 3.03099
4100 3.03099
4200 3.03099
4300 3.03099
4400 3.03099
4500 3.03099
4502 3.03099
4502 3.03099
4504 3.03099
4504 3.03099
4504 3.03099
4504 3.03099
4505 3.03099
4505 3.03099
4505 3.03099
4505 3.03099
4506 3.03099
4506 3.03099
4506 3.03099
4506 3.03099
4507 3.03099
4507 3.03099
4600 3.03099
4700 3.03099
4800 3.03099
4900 3.03099
5000 3.03099
5000 3.03099
5100 3.03099
5200 3.03099
5300 3.03099
5400 3.03099
5500 3.03099
5600 3.03099
5700 3.03099
5800 3.03099
5900 3.03099
6000 3.03099
6000 3.03099
6100 3.03099
6144 3.03099
6144 3.03099
6146 3.02272
6146 3.02272
6146 3.02272
6146 3.02272
6200 3.03394
6300 3.05354
6400 3.07169
6500 3.08851
6600 3.10409
6700 3.11852
6800 3.13189
6900 3.14427
7000 3.15575
7000 3.15575
7100 3.16637
7200 3.17622
7300 3.18533
7400 3.19378
7500 3.20161
7600 3.20885
7700 3.21557
7800 3.22179
7900 3.22755
8000 3.23289
8000 3.23289
8100 3.23783
8186 3.24181
8186 3.24181
8192 3.23653
8192 3.23653
8194 3.22663
8194 3.22663
8194 3.22663
8194 3.22663
8200 3.22696
8300 3.23234
8400 3.23732
8500 3.24194
8600 3.24622
8700 3.25018
8800 3.25385
8900 3.25725
9000 3.2604
9000 3.2604
9100 3.26331
9200 3.26602
9300 3.26852
9400 3.27084
9500 3.27298
9600 3.27497
9700 3.27682
9800 3.27852
9900 3.28011
10000 3.28157
10000 3.28157
10082 3.2827
10082 3.2827
10082 3.2827
10082 3.2827
10082 3.2827
10086 3.23966
10086 3.23966
10087 3.23951
10087 3.23951
10088 3.235
10088 3.235
10088 3.235
10088 3.235
10100 3.23559
10200 3.24033
10234 3.24188
10234 3.24188
10240 3.2366
10240 3.2366
10242 3.22742
10242 3.22742
10242 3.22742
10242 3.22742
10300 3.23057
10400 3.23569
10500 3.24042
10600 3.24481
10700 3.24888
10800 3.25264
10900 3.25613
11000 3.25936
11000 3.25936
11100 3.26236
11200 3.26513
11300 3.2677
11400 3.27008
11500 3.27228
11600 3.27432
11700 3.27621
11800 3.27796
11900 3.27959
12000 3.28109
12000 3.28109
12100 3.28248
12200 3.28377
12282 3.28476
12282 3.28476
12288 3.27923
12288 3.27923
12290 3.26858
12290 3.26858
12290 3.26858
12290 3.26858
12300 3.26881
12400 3.27111
12500 3.27324
12600 3.27521
12700 3.27703
12800 3.27873
12900 3.28029
13000 3.28174
13000 3.28174
13100 3.28309
13200 3.28433
13300 3.28549
13400 3.28656
13500 3.28755
13600 3.28846
13700 3.28931
13800 3.2901
13900 3.29083
14000 3.2915
14000 3.2915
14100 3.29213
14200 3.29271
14300 3.29324
14330 3.2934
14330 3.2934
14336 3.28781
14336 3.28781
14400 3.28839
14500 3.28925
14600 3.29004
14700 3.29077
14800 3.29145
14900 3.29208
15000 3.29266
15000 3.29266
15100 3.2932
15200 3.2937
15300 3.29417
15400 3.2946
15500 3.29499
15600 3.29536
15700 3.2957
15800 3.29602
15900 3.29631
16000 3.29658
16000 3.29658
16100 3.29684
16200 3.29707
16300 3.29728
16378 3.29744
16378 3.29744
16384 3.29183
16384 3.29183
16386 3.28167
16386 3.28167
16386 3.28167
16386 3.28167
16400 3.28186
16500 3.2832
16600 3.28444
16700 3.28558
16800 3.28664
16900 3.28763
17000 3.28854
17000 3.28854
17100 3.28938
17200 3.29016
17300 3.29089
17400 3.29156
17500 3.29218
17600 3.29276
17700 3.29329
17800 3.29378
17900 3.29424
18000 3.29466
18000 3.29466
18100 3.29506
18200 3.29542
18300 3.29576
18400 3.29607
18426 3.29615
18426 3.29615
18432 3.29054
18432 3.29054
18434 3.28113
18434 3.28113
18434 3.28113
18434 3.28113
18500 3.28206
18600 3.28338
18700 3.2846
18800 3.28574
18900 3.28679
19000 3.28776
19000 3.28776
19100 3.28866
19200 3.2895
19300 3.29027
19400 3.29099
19500 3.29165
19600 3.29226
19700 3.29283
19800 3.29336
19900 3.29385
20000 3.2943
20000 3.2943
20082 3.29465
20082 3.29465
20082 3.29465
20082 3.29465
20082 3.29465
20086 3.25141
20086 3.25141
20087 3.25126
20087 3.25126
20088 3.24672
20088 3.24672
20088 3.24672
20088 3.24672
20100 3.24721
20200 3.2511
20300 3.2547
20400 3.25803
20474 3.26036
20474 3.26036
20480 3.25497
20480 3.25497
20482 3.24444
20482 3.24444
20482 3.24444
20482 3.24444
20500 3.24519
20600 3.24922
20700 3.25296
20800 3.25643
20900 3.25964
21000 3.26261
21000 3.26261
21100 3.26537
21200 3.26792
21300 3.27028
21400 3.27247
21500 3.2745
21600 3.27637
21700 3.27811
21800 3.27973
21900 3.28122
22000 3.2826
22000 3.2826
22100 3.28388
22200 3.28507
22300 3.28617
22400 3.28719
22500 3.28813
22522 3.28833
22522 3.28833
22528 3.28278
22528 3.28278
22600 3.2837
22700 3.2849
22800 3.28601
22900 3.28704
23000 3.288
23000 3.288
23100 3.28888
23200 3.2897
23300 3.29046
23400 3.29116
23500 3.29181
23600 3.29241
23700 3.29297
23800 3.29349
23900 3.29397
24000 3.29441
24000 3.29441
24100 3.29482
24200 3.2952
24300 3.29556
24400 3.29588
24500 3.29619
24570 3.29639
24570 3.29639
24576 3.29078
24576 3.29078
24578 3.28063
24578 3.28063
24578 3.28063
24578 3.28063
24600 3.28095
24700 3.28235
24800 3.28365
24900 3.28485
25000 3.28597
25000 3.28597
25100 3.287
25200 3.28796
25300 3.28885
25400 3.28967
25500 3.29043
25600 3.29113
25700 3.29179
25800 3.29239
25900 3.29295
26000 3.29347
26000 3.29347
26100 3.29395
26200 3.29439
26300 3.29481
26400 3.29519
26500 3.29554
26600 3.29587
26618 3.29593
26618 3.29593
26624 3.29033
26624 3.29033
26626 3.28091
26626 3.28091
26626 3.28091
26626 3.28091
26700 3.28196
26800 3.28329
26900 3.28452
27000 3.28566
27000 3.28566
27100 3.28672
27200 3.28769
27300 3.2886
27400 3.28944
27500 3.29022
27600 3.29094
27700 3.2916
27800 3.29222
27900 3.29279
28000 3.29333
28000 3.29333
28100 3.29382
28200 3.29427
28300 3.29469
28400 3.29508
28500 3.29545
28600 3.29578
28666 3.29599
28666 3.29599
28672 3.29039
28672 3.29039
28674 3.28023
28674 3.28023
28674 3.28023
28674 3.28023
28700 3.28062
28800 3.28205
28900 3.28337
29000 3.28459
29000 3.28459
29100 3.28573
29200 3.28678
29300 3.28775
29400 3.28865
29500 3.28949
29600 3.29026
29700 3.29098
29800 3.29164
29900 3.29226
30000 3.29283
30000 3.29283
30082 3.29327
30082 3.29327
30082 3.29327
30082 3.29327
30082 3.29327
30086 3.25005
30086 3.25005
30087 3.2499
30087 3.2499
30088 3.24537
30088 3.24537
30088 3.24537
30088 3.24537
30100 3.24586
30200 3.24985
30300 3.25354
30400 3.25697
30500 3.26014
30600 3.26307
30700 3.26579
30714 3.26617
30714 3.26617
30720 3.26074
30720 3.26074
30722 3.25146
30722 3.25146
30722 3.25146
30722 3.25146
30800 3.25427
30900 3.25764
31000 3.26076
31000 3.26076
31100 3.26365
31200 3.26633
31300 3.26881
31400 3.2711
31500 3.27323
31600 3.2752
31700 3.27703
31800 3.27872
31900 3.28029
32000 3.28174
32000 3.28174
32100 3.28308
32200 3.28433
32300 3.28548
32400 3.28655
32500 3.28754
32600 3.28846
32700 3.28931
32762 3.28981
32762 3.28981
32768 3.28424
32768 3.28424
32770 3.27357
32770 3.27357
32770 3.27357
32770 3.27357
32800 3.27416
32900 3.27607
33000 3.27783
33000 3.27783
33100 3.27946
33200 3.28097
33300 3.28237
33400 3.28367
33500 3.28487
33600 3.28599
33700 3.28702
33800 3.28798
33900 3.28886
34000 3.28968
34000 3.28968
34100 3.29044
34200 3.29114
34300 3.2918
34400 3.2924
34500 3.29296
34600 3.29348
34700 3.29396
34800 3.2944
34810 3.29445
34810 3.29445
34816 3.28885
34816 3.28885
34900 3.28955
35000 3.29032
35000 3.29032
35100 3.29103
35200 3.29169
35300 3.2923
35400 3.29287
35500 3.29339
35600 3.29388
35700 3.29433
35800 3.29475
35900 3.29513
36000 3.29549
36000 3.29549
36100 3.29582
36200 3.29613
36300 3.29641
36400 3.29668
36500 3.29692
36600 3.29715
36700 3.29736
36800 3.29755
36858 3.29766
36858 3.29766
36864 3.29205
36864 3.29205
36866 3.28189
36866 3.28189
36866 3.28189
36866 3.28189
36900 3.28235
37000 3.28365
37000 3.28365
37100 3.28485
37200 3.28597
37300 3.287
37400 3.28796
37500 3.28885
37600 3.28967
37700 3.29043
37800 3.29113
37900 3.29178
38000 3.29239
38000 3.29239
38100 3.29295
38200 3.29347
38300 3.29395
38400 3.29439
38500 3.29481
38600 3.29519
38700 3.29554
38800 3.29587
38900 3.29617
38906 3.29619
38906 3.29619
38912 3.29059
38912 3.29059
38914 3.28117
38914 3.28117
38914 3.28117
38914 3.28117
39000 3.28237
39000 3.28237
39100 3.28367
39200 3.28487
39300 3.28599
39400 3.28702
39500 3.28797
39600 3.28886
39700 3.28968
39800 3.29044
39900 3.29114
40000 3.2918
40000 3.2918
40082 3.2923
40082 3.2923
40082 3.2923
40082 3.2923
40082 3.2923
40086 3.2491
40086 3.2491
40087 3.24894
40087 3.24894
40088 3.24441
40088 3.24441
40088 3.24441
40088 3.24441
40100 3.24492
40200 3.24898
40300 3.25273
40400 3.25622
40500 3.25944
40600 3.26243
40700 3.2652
40800 3.26776
40900 3.27013
40954 3.27135
40954 3.27135
40960 3.2659
40960 3.2659
40962 3.25531
40962 3.25531
40962 3.25531
40962 3.25531
41000 3.25658
41000 3.25658
41100 3.25978
41200 3.26274
41300 3.26549
41400 3.26803
41500 3.27039
41600 3.27257
41700 3.27459
41800 3.27646
41900 3.27819
42000 3.2798
42000 3.2798
42100 3.28129
42200 3.28266
42300 3.28394
42400 3.28512
42500 3.28622
42600 3.28723
42700 3.28817
42800 3.28904
42900 3.28985
43000 3.2906
43000 3.2906
43002 3.29062
43002 3.29062
43008 3.28504
43008 3.28504
43100 3.28606
43200 3.28709
43300 3.28804
43400 3.28892
43500 3.28973
43600 3.29049
43700 3.29119
43800 3.29184
43900 3.29244
