0 3.03099
0 3.03099
0 3.03099
2 3.03099
2 3.03099
100 3.03099
200 3.03099
300 3.03099
400 3.03099
500 3.03099
600 3.03099
700 3.03099
800 3.03099
900 3.03099
1000 3.03099
1000 3.03099
1100 3.03099
1200 3.03099
1300 3.03099
1400 3.03099
1500 3.03099
1600 3.03099
1700 3.03099
1800 3.03099
1900 3.03099
2000 3.03099
2000 3.03099
2048 3.03099
2048 3.03099
2050 3.03099
2050 3.03099
2100 3.03099
2200 3.03099
2300 3.03099
2400 3.03099
2500 3.03099
2600 3.03099
2700 3.03099
2800 3.03099
2900 3.03099
3000 3.03099
3000 3.03099
3100 3.03099
3200 3.03099
3300 3.03099
3400 3.03099
3500 3.03099
3600 3.03099
3700 3.03099
3800 3.03099
3900 3.03099
4000 3.03099
4000 3.03099
4096 3.03099
4096 3.03099
4098 3.03099
4098 3.03099
4100 3.03099
4200 3.03099
4300 3.03099
4400 3.03099
4500 3.03099
4502 3.03099
4502 3.03099
4504 3.03099
4504 3.03099
4504 3.03099
4504 3.03099
4505 3.03099
4505 3.03099
4505 3.03099
4505 3.03099
4506 3.03099
4506 3.03099
4506 3.03099
4506 3.03099
4507 3.03099
4507 3.03099
4600 3.03099
4700 3.03099
4800 3.03099
4900 3.03099
5000 3.03099
5000 3.03099
5100 3.03099
5200 3.03099
5300 3.03099
5400 3.03099
5500 3.03099
5600 3.03099
5700 3.03099
5800 3.03099
5900 3.03099
6000 3.03099
6000 3.03099
6100 3.03099
6144 3.03099
6144 3.03099
6146 3.02234
6146 3.02234
6146 3.02234
6146 3.02234
6200 3.02348
6300 3.02559
6400 3.02768
6500 3.02975
6600 3.03181
6700 3.03386
6800 3.03589
6900 3.0379
7000 3.0399
7000 3.0399
7100 3.04188
7200 3.04385
7300 3.0458
7400 3.04774
7500 3.04966
7600 3.05157
7700 3.05346
7800 3.05534
7900 3.0572
8000 3.05905
8000 3.05905
8100 3.06089
8186 3.06247
8186 3.06247
8192 3.05734
8192 3.05734
8194 3.04792
8194 3.04792
8194 3.04792
8194 3.04792
8200 3.04803
8300 3.04995
8400 3.05186
8500 3.05375
8600 3.05563
8700 3.05749
8800 3.05934
8900 3.06117
9000 3.06299
9000 3.06299
9100 3.0648
9200 3.06659
9300 3.06837
9400 3.07013
9500 3.07189
9600 3.07362
9700 3.07535
9800 3.07706
9900 3.07876
10000 3.08045
10000 3.08045
10082 3.08183
10082 3.08183
10082 3.08183
10082 3.08183
10082 3.08183
10086 3.04138
10086 3.04138
10087 3.04123
10087 3.04123
10088 3.03698
10088 3.03698
10088 3.03698
10088 3.03698
10100 3.03722
10200 3.03922
10234 3.0399
10234 3.0399
10240 3.03482
10240 3.03482
10242 3.02616
10242 3.02616
10242 3.02616
10242 3.02616
10300 3.02737
10400 3.02945
10500 3.03151
10600 3.03356
10700 3.03559
10800 3.0376
10900 3.0396
11000 3.04159
11000 3.04159
11100 3.04356
11200 3.04551
11300 3.04745
11400 3.04938
11500 3.05129
11600 3.05318
11700 3.05506
11800 3.05693
11900 3.05878
12000 3.06062
12000 3.06062
12100 3.06244
12200 3.06425
12282 3.06574
12282 3.06574
12288 3.0606
12288 3.0606
12290 3.05066
12290 3.05066
12290 3.05066
12290 3.05066
12300 3.05084
12400 3.05274
12500 3.05463
12600 3.0565
12700 3.05835
12800 3.0602
12900 3.06202
13000 3.06384
13000 3.06384
13100 3.06564
13200 3.06742
13300 3.0692
13400 3.07095
13500 3.0727
13600 3.07443
13700 3.07615
13800 3.07786
13900 3.07955
14000 3.08123
14000 3.08123
14100 3.0829
14200 3.08455
14300 3.08619
14330 3.08669
14330 3.08669
14336 3.08151
14336 3.08151
14400 3.08258
14500 3.08423
14600 3.08588
14700 3.08751
14800 3.08913
14900 3.09073
15000 3.09233
15000 3.09233
15100 3.09391
15200 3.09548
15300 3.09704
15400 3.09859
15500 3.10012
15600 3.10165
15700 3.10316
15800 3.10466
15900 3.10615
16000 3.10762
16000 3.10762
16100 3.10909
16200 3.11054
16300 3.11199
16378 3.11311
16378 3.11311
16384 3.10787
16384 3.10787
16386 3.0983
16386 3.0983
16386 3.0983
16386 3.0983
16400 3.09851
16500 3.10004
16600 3.10157
16700 3.10308
16800 3.10458
16900 3.10607
17000 3.10755
17000 3.10755
17100 3.10901
17200 3.11047
17300 3.11191
17400 3.11335
17500 3.11477
17600 3.11618
17700 3.11758
17800 3.11897
17900 3.12035
18000 3.12172
18000 3.12172
18100 3.12308
18200 3.12443
18300 3.12577
18400 3.12709
18426 3.12744
18426 3.12744
18432 3.12217
18432 3.12217
18434 3.11325
18434 3.11325
18434 3.11325
18434 3.11325
18500 3.11419
18600 3.1156
18700 3.11701
18800 3.1184
18900 3.11979
19000 3.12116
19000 3.12116
19100 3.12252
19200 3.12387
19300 3.12522
19400 3.12655
19500 3.12787
19600 3.12918
19700 3.13048
19800 3.13178
19900 3.13306
20000 3.13433
20000 3.13433
20082 3.13537
20082 3.13537
20082 3.13537
20082 3.13537
20082 3.13537
20086 3.0942
20086 3.0942
20087 3.09405
20087 3.09405
20088 3.08971
20088 3.08971
20088 3.08971
20088 3.08971
20100 3.08991
20200 3.09151
20300 3.0931
20400 3.09467
20474 3.09584
20474 3.09584
20480 3.09064
20480 3.09064
20482 3.0806
20482 3.0806
20482 3.0806
20482 3.0806
20500 3.08089
20600 3.08256
20700 3.08422
20800 3.08586
20900 3.0875
21000 3.08912
21000 3.08912
21100 3.09072
21200 3.09232
21300 3.0939
21400 3.09547
21500 3.09703
21600 3.09858
21700 3.10011
21800 3.10163
21900 3.10315
22000 3.10465
22000 3.10465
22100 3.10613
22200 3.10761
22300 3.10908
22400 3.11053
22500 3.11198
22522 3.1123
22522 3.1123
22528 3.10706
22528 3.10706
22600 3.10812
22700 3.10958
22800 3.11104
22900 3.11248
23000 3.1139
23000 3.1139
23100 3.11532
23200 3.11673
23300 3.11813
23400 3.11951
23500 3.12089
23600 3.12225
23700 3.12361
23800 3.12495
23900 3.12629
24000 3.12761
24000 3.12761
24100 3.12892
24200 3.13023
24300 3.13152
24400 3.1328
24500 3.13408
24570 3.13497
24570 3.13497
24576 3.12968
24576 3.12968
24578 3.12003
24578 3.12003
24578 3.12003
24578 3.12003
24600 3.12033
24700 3.1217
24800 3.12306
24900 3.12441
25000 3.12575
25000 3.12575
25100 3.12708
25200 3.12839
25300 3.1297
25400 3.131
25500 3.13229
25600 3.13357
25700 3.13483
25800 3.13609
25900 3.13734
26000 3.13858
26000 3.13858
26100 3.13981
26200 3.14103
26300 3.14224
26400 3.14344
26500 3.14464
26600 3.14582
26618 3.14604
26618 3.14604
26624 3.14073
26624 3.14073
26626 3.13175
26626 3.13175
26626 3.13175
26626 3.13175
26700 3.1327
26800 3.13397
26900 3.13524
27000 3.13649
27000 3.13649
27100 3.13774
27200 3.13897
27300 3.1402
27400 3.14142
27500 3.14263
27600 3.14383
27700 3.14502
27800 3.1462
27900 3.14737
28000 3.14853
28000 3.14853
28100 3.14969
28200 3.15083
28300 3.15197
28400 3.1531
28500 3.15422
28600 3.15533
28666 3.15606
28666 3.15606
28672 3.15073
28672 3.15073
28674 3.14101
28674 3.14101
28674 3.14101
28674 3.14101
28700 3.14132
28800 3.14253
28900 3.14373
29000 3.14492
29000 3.14492
29100 3.14611
29200 3.14728
29300 3.14844
29400 3.1496
29500 3.15074
29600 3.15188
29700 3.15301
29800 3.15413
29900 3.15524
30000 3.15634
30000 3.15634
30082 3.15725
30082 3.15725
30082 3.15725
30082 3.15725
30082 3.15725
30086 3.11578
30086 3.11578
30087 3.11563
30087 3.11563
30088 3.11126
30088 3.11126
30088 3.11126
30088 3.11126
30100 3.11143
30200 3.11287
30300 3.1143
30400 3.11571
30500 3.11712
30600 3.11851
30700 3.11989
30714 3.12009
30714 3.12009
30720 3.11484
30720 3.11484
30722 3.10593
30722 3.10593
30722 3.10593
30722 3.10593
30800 3.10709
30900 3.10856
31000 3.11002
31000 3.11002
31100 3.11147
31200 3.1129
31300 3.11433
31400 3.11574
31500 3.11715
31600 3.11854
31700 3.11992
31800 3.1213
31900 3.12266
32000 3.12401
32000 3.12401
32100 3.12535
32200 3.12668
32300 3.128
32400 3.12931
32500 3.13061
32600 3.1319
32700 3.13318
32762 3.13398
32762 3.13398
32768 3.1287
32768 3.1287
32770 3.11852
32770 3.11852
32770 3.11852
32770 3.11852
32800 3.11894
32900 3.12031
33000 3.12168
33000 3.12168
33100 3.12304
33200 3.12439
33300 3.12573
33400 3.12706
33500 3.12838
33600 3.12968
33700 3.13098
33800 3.13227
33900 3.13355
34000 3.13482
34000 3.13482
34100 3.13607
34200 3.13732
34300 3.13856
34400 3.13979
34500 3.14101
34600 3.14223
34700 3.14343
34800 3.14462
34810 3.14474
34810 3.14474
34816 3.13944
34816 3.13944
34900 3.14047
35000 3.14168
35000 3.14168
35100 3.14289
35200 3.14409
35300 3.14527
35400 3.14645
35500 3.14762
35600 3.14878
35700 3.14994
35800 3.15108
35900 3.15221
36000 3.15334
36000 3.15334
36100 3.15446
36200 3.15557
36300 3.15667
36400 3.15776
36500 3.15884
36600 3.15992
36700 3.16099
36800 3.16205
36858 3.16266
36858 3.16266
36864 3.15732
36864 3.15732
36866 3.14758
36866 3.14758
36866 3.14758
36866 3.14758
36900 3.14797
37000 3.14913
37000 3.14913
37100 3.15028
37200 3.15142
37300 3.15255
37400 3.15367
37500 3.15479
37600 3.1559
37700 3.15699
37800 3.15808
37900 3.15917
38000 3.16024
38000 3.16024
38100 3.1613
38200 3.16236
38300 3.16341
38400 3.16445
38500 3.16548
38600 3.16651
38700 3.16752
38800 3.16853
38900 3.16954
38906 3.1696
38906 3.1696
38912 3.16424
38912 3.16424
38914 3.15519
38914 3.15519
38914 3.15519
38914 3.15519
39000 3.15614
39000 3.15614
39100 3.15723
39200 3.15832
39300 3.1594
39400 3.16047
39500 3.16153
39600 3.16259
39700 3.16364
39800 3.16467
39900 3.16571
40000 3.16673
40000 3.16673
40082 3.16757
40082 3.16757
40082 3.16757
40082 3.16757
40082 3.16757
40086 3.12596
40086 3.12596
40087 3.12581
40087 3.12581
40088 3.12143
40088 3.12143
40088 3.12143
40088 3.12143
40100 3.12159
40200 3.12295
40300 3.1243
40400 3.12564
40500 3.12697
40600 3.12829
40700 3.12959
40800 3.13089
40900 3.13218
40954 3.13288
40954 3.13288
40960 3.1276
40960 3.1276
40962 3.11743
40962 3.11743
40962 3.11743
40962 3.11743
41000 3.11795
41000 3.11795
41100 3.11934
41200 3.12072
41300 3.12208
41400 3.12344
41500 3.12479
41600 3.12612
41700 3.12745
41800 3.12876
41900 3.13007
42000 3.13136
42000 3.13136
42100 3.13265
42200 3.13392
42300 3.13519
42400 3.13644
42500 3.13769
42600 3.13893
42700 3.14015
42800 3.14137
42900 3.14258
43000 3.14378
43000 3.14378
43002 3.14381
43002 3.14381
43008 3.1385
43008 3.1385
43100 3.13964
43200 3.14086
43300 3.14207
43400 3.14327
43500 3.14447
43600 3.14565
43700 3.14683
43800 3.148
43900 3.14916
