0 3.03099
0 3.03099
0 3.03099
2 3.03099
2 3.03099
100 3.03099
200 3.03099
300 3.03099
400 3.03099
500 3.03099
600 3.03099
700 3.03099
800 3.03099
900 3.03099
1000 3.03099
1000 3.03099
1100 3.03099
1200 3.03099
1300 3.03099
1400 3.03099
1500 3.03099
1600 3.03099
1700 3.03099
1800 3.03099
1900 3.03099
2000 3.03099
2000 3.03099
2048 3.03099
2048 3.03099
2050 3.03099
2050 3.03099
2100 3.03099
2200 3.03099
2300 3.03099
2400 3.03099
2500 3.03099
2600 3.03099
2700 3.03099
2800 3.03099
2900 3.03099
3000 3.03099
3000 3.03099
3100 3.03099
3200 3.03099
3300 3.03099
3400 3.03099
3500 3.03099
3600 3.03099
3700 3.03099
3800 3.03099
3900 3.03099
4000 3.03099
4000 3.03099
4096 3.03099
4096 3.03099
4098 3.03099
4098 3.03099
4100 3.03099
4200 3.03099
4300 3.03099
4400 3.03099
4500 3.03099
4502 3.03099
4502 3.03099
4504 3.03099
4504 3.03099
4504 3.03099
4504 3.03099
4505 3.03099
4505 3.03099
4505 3.03099
4505 3.03099
4506 3.03099
4506 3.03099
4506 3.03099
4506 3.03099
4507 3.03099
4507 3.03099
4600 3.03099
4700 3.03099
4800 3.03099
4900 3.03099
5000 3.03099
5000 3.03099
5100 3.03099
5200 3.03099
5300 3.03099
5400 3.03099
5500 3.03099
5600 3.03099
5700 3.03099
5800 3.03099
5900 3.03099
6000 3.03099
6000 3.03099
6100 3.03099
6144 3.03099
6144 3.03099
6146 3.02838
6146 3.02838
6146 3.02838
6146 3.02838
6200 3.02845
6300 3.02857
6400 3.0287
6500 3.02882
6600 3.02894
6700 3.02907
6800 3.02919
6900 3.02932
7000 3.02944
7000 3.02944
7100 3.02956
7200 3.02969
7300 3.02981
7400 3.02994
7500 3.03006
7600 3.03018
7700 3.03031
7800 3.03043
7900 3.03056
8000 3.03068
8000 3.03068
8100 3.0308
8186 3.03091
8186 3.03091
8192 3.02936
8192 3.02936
8194 3.02655
8194 3.02655
8194 3.02655
8194 3.02655
8200 3.02656
8300 3.02668
8400 3.02681
8500 3.02693
8600 3.02706
8700 3.02718
8800 3.02731
8900 3.02743
9000 3.02756
9000 3.02756
9100 3.02768
9200 3.02781
9300 3.02793
9400 3.02806
9500 3.02818
9600 3.02831
9700 3.02843
9800 3.02856
9900 3.02868
10000 3.02881
10000 3.02881
10082 3.02891
10082 3.02891
10082 3.02891
10082 3.02891
10082 3.02891
10086 3.01691
10086 3.01691
10087 3.01686
10087 3.01686
10088 3.01559
10088 3.01559
10088 3.01559
10088 3.01559
10100 3.01561
10200 3.01574
10234 3.01578
10234 3.01578
10240 3.01424
10240 3.01424
10242 3.01165
10242 3.01165
10242 3.01165
10242 3.01165
10300 3.01173
10400 3.01186
10500 3.01199
10600 3.01212
10700 3.01225
10800 3.01239
10900 3.01252
11000 3.01265
11000 3.01265
11100 3.01278
11200 3.01291
11300 3.01305
11400 3.01318
11500 3.01331
11600 3.01344
11700 3.01357
11800 3.0137
11900 3.01383
12000 3.01397
12000 3.01397
12100 3.0141
12200 3.01423
12282 3.01434
12282 3.01434
12288 3.0128
12288 3.0128
12290 3.00985
12290 3.00985
12290 3.00985
12290 3.00985
12300 3.00986
12400 3.00999
12500 3.01013
12600 3.01026
12700 3.01039
12800 3.01053
12900 3.01066
13000 3.01079
13000 3.01079
13100 3.01092
13200 3.01106
13300 3.01119
13400 3.01132
13500 3.01145
13600 3.01159
13700 3.01172
13800 3.01185
13900 3.01198
14000 3.01212
14000 3.01212
14100 3.01225
14200 3.01238
14300 3.01251
14330 3.01255
14330 3.01255
14336 3.01101
14336 3.01101
14400 3.0111
14500 3.01123
14600 3.01136
14700 3.0115
14800 3.01163
14900 3.01176
15000 3.01189
15000 3.01189
15100 3.01202
15200 3.01216
15300 3.01229
15400 3.01242
15500 3.01255
15600 3.01268
15700 3.01282
15800 3.01295
15900 3.01308
16000 3.01321
16000 3.01321
16100 3.01334
16200 3.01347
16300 3.0136
16378 3.01371
16378 3.01371
16384 3.01217
16384 3.01217
16386 3.00937
16386 3.00937
16386 3.00937
16386 3.00937
16400 3.00939
16500 3.00953
16600 3.00966
16700 3.00979
16800 3.00993
16900 3.01006
17000 3.01019
17000 3.01019
17100 3.01032
17200 3.01046
17300 3.01059
17400 3.01072
17500 3.01086
17600 3.01099
17700 3.01112
17800 3.01125
17900 3.01139
18000 3.01152
18000 3.01152
18100 3.01165
18200 3.01178
18300 3.01191
18400 3.01205
18426 3.01208
18426 3.01208
18432 3.01054
18432 3.01054
18434 3.00795
18434 3.00795
18434 3.00795
18434 3.00795
18500 3.00804
18600 3.00818
18700 3.00831
18800 3.00844
18900 3.00858
19000 3.00871
19000 3.00871
19100 3.00884
19200 3.00898
19300 3.00911
19400 3.00924
19500 3.00938
19600 3.00951
19700 3.00964
19800 3.00978
19900 3.00991
20000 3.01004
20000 3.01004
20082 3.01015
20082 3.01015
20082 3.01015
20082 3.01015
20082 3.01015
20086 2.99823
20086 2.99823
20087 2.99818
20087 2.99818
20088 2.99692
20088 2.99692
20088 2.99692
20088 2.99692
20100 2.99694
20200 2.99708
20300 2.99721
20400 2.99735
20474 2.99746
20474 2.99746
20480 2.99593
20480 2.99593
20482 2.993
20482 2.993
20482 2.993
20482 2.993
20500 2.99302
20600 2.99316
20700 2.9933
20800 2.99344
20900 2.99358
21000 2.99372
21000 2.99372
21100 2.99386
21200 2.994
21300 2.99414
21400 2.99428
21500 2.99443
21600 2.99457
21700 2.99471
21800 2.99485
21900 2.99499
22000 2.99513
22000 2.99513
22100 2.99526
22200 2.9954
22300 2.99554
22400 2.99568
22500 2.99582
22522 2.99585
22522 2.99585
22528 2.99433
22528 2.99433
22600 2.99443
22700 2.99457
22800 2.99471
22900 2.99485
23000 2.99499
23000 2.99499
23100 2.99513
23200 2.99527
23300 2.99541
23400 2.99555
23500 2.99569
23600 2.99583
23700 2.99596
23800 2.9961
23900 2.99624
24000 2.99638
24000 2.99638
24100 2.99652
24200 2.99666
24300 2.9968
24400 2.99694
24500 2.99708
24570 2.99718
24570 2.99718
24576 2.99565
24576 2.99565
24578 2.99287
24578 2.99287
24578 2.99287
24578 2.99287
24600 2.9929
24700 2.99304
24800 2.99318
24900 2.99332
25000 2.99346
25000 2.99346
25100 2.9936
25200 2.99374
25300 2.99388
25400 2.99402
25500 2.99416
25600 2.9943
25700 2.99444
25800 2.99458
25900 2.99472
26000 2.99486
26000 2.99486
26100 2.995
26200 2.99514
26300 2.99528
26400 2.99542
26500 2.99556
26600 2.9957
26618 2.99573
26618 2.99573
26624 2.9942
26624 2.9942
26626 2.99162
26626 2.99162
26626 2.99162
26626 2.99162
26700 2.99173
26800 2.99187
26900 2.99201
27000 2.99215
27000 2.99215
27100 2.99229
27200 2.99243
27300 2.99258
27400 2.99272
27500 2.99286
27600 2.993
27700 2.99314
27800 2.99328
27900 2.99342
28000 2.99356
28000 2.99356
28100 2.9937
28200 2.99384
28300 2.99398
28400 2.99412
28500 2.99426
28600 2.9944
28666 2.9945
28666 2.9945
28672 2.99297
28672 2.99297
28674 2.99019
28674 2.99019
28674 2.99019
28674 2.99019
28700 2.99023
28800 2.99037
28900 2.99051
29000 2.99065
29000 2.99065
29100 2.9908
29200 2.99094
29300 2.99108
29400 2.99122
29500 2.99136
29600 2.9915
29700 2.99165
29800 2.99179
29900 2.99193
30000 2.99207
30000 2.99207
30082 2.99219
30082 2.99219
30082 2.99219
30082 2.99219
30082 2.99219
30086 2.98033
30086 2.98033
30087 2.98029
30087 2.98029
30088 2.97903
30088 2.97903
30088 2.97903
30088 2.97903
30100 2.97905
30200 2.9792
30300 2.97934
30400 2.97949
30500 2.97964
30600 2.97978
30700 2.97993
30714 2.97995
30714 2.97995
30720 2.97843
30720 2.97843
30722 2.97587
30722 2.97587
30722 2.97587
30722 2.97587
30800 2.97599
30900 2.97613
31000 2.97628
31000 2.97628
31100 2.97643
31200 2.97658
31300 2.97673
31400 2.97688
31500 2.97702
31600 2.97717
31700 2.97732
31800 2.97747
31900 2.97762
32000 2.97776
32000 2.97776
32100 2.97791
32200 2.97806
32300 2.97821
32400 2.97836
32500 2.9785
32600 2.97865
32700 2.9788
32762 2.97889
32762 2.97889
32768 2.97737
32768 2.97737
32770 2.97446
32770 2.97446
32770 2.97446
32770 2.97446
32800 2.9745
32900 2.97465
33000 2.9748
33000 2.9748
33100 2.97495
33200 2.9751
33300 2.97525
33400 2.9754
33500 2.97554
33600 2.97569
33700 2.97584
33800 2.97599
33900 2.97614
34000 2.97629
34000 2.97629
34100 2.97644
34200 2.97659
34300 2.97673
34400 2.97688
34500 2.97703
34600 2.97718
34700 2.97733
34800 2.97747
34810 2.97749
34810 2.97749
34816 2.97597
34816 2.97597
34900 2.9761
35000 2.97624
35000 2.97624
35100 2.97639
35200 2.97654
35300 2.97669
35400 2.97684
35500 2.97699
35600 2.97713
35700 2.97728
35800 2.97743
35900 2.97758
36000 2.97773
36000 2.97773
36100 2.97787
36200 2.97802
36300 2.97817
36400 2.97832
36500 2.97846
36600 2.97861
36700 2.97876
36800 2.97891
36858 2.97899
36858 2.97899
36864 2.97747
36864 2.97747
36866 2.97471
36866 2.97471
36866 2.97471
36866 2.97471
36900 2.97476
37000 2.97491
37000 2.97491
37100 2.97506
37200 2.97521
37300 2.97536
37400 2.97551
37500 2.97565
37600 2.9758
37700 2.97595
37800 2.9761
37900 2.97625
38000 2.9764
38000 2.9764
38100 2.97655
38200 2.97669
38300 2.97684
38400 2.97699
38500 2.97714
38600 2.97729
38700 2.97743
38800 2.97758
38900 2.97773
38906 2.97774
38906 2.97774
38912 2.97622
38912 2.97622
38914 2.97366
38914 2.97366
38914 2.97366
38914 2.97366
39000 2.97379
39000 2.97379
39100 2.97394
39200 2.97409
39300 2.97424
39400 2.97439
39500 2.97454
39600 2.97469
39700 2.97483
39800 2.97498
39900 2.97513
40000 2.97528
40000 2.97528
40082 2.97541
40082 2.97541
40082 2.97541
40082 2.97541
40082 2.97541
40086 2.96362
40086 2.96362
40087 2.96358
40087 2.96358
40088 2.96233
40088 2.96233
40088 2.96233
40088 2.96233
40100 2.96234
40200 2.9625
40300 2.96265
40400 2.96281
40500 2.96296
40600 2.96312
40700 2.96327
40800 2.96343
40900 2.96358
40954 2.96366
40954 2.96366
40960 2.96215
40960 2.96215
40962 2.95926
40962 2.95926
40962 2.95926
40962 2.95926
41000 2.95931
41000 2.95931
41100 2.95947
41200 2.95963
41300 2.95978
41400 2.95994
41500 2.96009
41600 2.96025
41700 2.96041
41800 2.96056
41900 2.96072
42000 2.96087
42000 2.96087
42100 2.96103
42200 2.96118
42300 2.96134
42400 2.9615
42500 2.96165
42600 2.96181
42700 2.96196
42800 2.96212
42900 2.96227
43000 2.96243
43000 2.96243
43002 2.96243
43002 2.96243
43008 2.96092
43008 2.96092
43100 2.96106
43200 2.96122
43300 2.96137
43400 2.96153
43500 2.96168
43600 2.96184
43700 2.96199
43800 2.96215
43900 2.9623
