0 3.03099
0 3.03099
0 3.03099
2 3.03099
2 3.03099
100 3.03099
200 3.03099
300 3.03099
400 3.03099
500 3.03099
600 3.03099
700 3.03099
800 3.03099
900 3.03099
1000 3.03099
1000 3.03099
1100 3.03099
1200 3.03099
1300 3.03099
1400 3.03099
1500 3.03099
1600 3.03099
1700 3.03099
1800 3.03099
1900 3.03099
2000 3.03099
2000 3.03099
2048 3.03099
2048 3.03099
2050 3.03099
2050 3.03099
2100 3.03099
2200 3.03099
2300 3.03099
2400 3.03099
2500 3.03099
2600 3.03099
2700 3.03099
2800 3.03099
2900 3.03099
3000 3.03099
3000 3.03099
3100 3.03099
3200 3.03099
3300 3.03099
3400 3.03099
3500 3.03099
3600 3.03099
3700 3.03099
3800 3.03099
3900 3.03099
4000 3.03099
4000 3.03099
4096 3.03099
4096 3.03099
4098 3.03099
4098 3.03099
4100 3.03099
4200 3.03099
4300 3.03099
4400 3.03099
4500 3.03099
4502 3.03099
4502 3.03099
4504 3.03099
4504 3.03099
4504 3.03099
4504 3.03099
4505 3.03099
4505 3.03099
4505 3.03099
4505 3.03099
4506 3.03099
4506 3.03099
4506 3.03099
4506 3.03099
4507 3.03099
4507 3.03099
4600 3.03099
4700 3.03099
4800 3.03099
4900 3.03099
5000 3.03099
5000 3.03099
5100 3.03099
5200 3.03099
5300 3.03099
5400 3.03099
5500 3.03099
5600 3.03099
5700 3.03099
5800 3.03099
5900 3.03099
6000 3.03099
6000 3.03099
6100 3.03099
6144 3.03099
6144 3.03099
6146 3.02587
6146 3.02587
6146 3.02587
6146 3.02587
6200 3.02857
6300 3.03351
6400 3.03836
6500 3.04312
6600 3.0478
6700 3.05239
6800 3.05689
6900 3.06132
7000 3.06566
7000 3.06566
7100 3.06992
7200 3.07411
7300 3.07822
7400 3.08226
7500 3.08622
7600 3.09011
7700 3.09393
7800 3.09768
7900 3.10136
8000 3.10497
8000 3.10497
8100 3.10852
8186 3.11154
8186 3.11154
8192 3.10854
8192 3.10854
8194 3.10285
8194 3.10285
8194 3.10285
8194 3.10285
8200 3.10306
8300 3.10664
8400 3.11016
8500 3.11361
8600 3.117
8700 3.12033
8800 3.1236
8900 3.12681
9000 3.12996
9000 3.12996
9100 3.13306
9200 3.1361
9300 3.13908
9400 3.14201
9500 3.14488
9600 3.1477
9700 3.15048
9800 3.1532
9900 3.15587
10000 3.15849
10000 3.15849
10082 3.16062
10082 3.16062
10082 3.16062
10082 3.16062
10082 3.16062
10086 3.13574
10086 3.13574
10087 3.13565
10087 3.13565
10088 3.13303
10088 3.13303
10088 3.13303
10088 3.13303
10100 3.1334
10200 3.13643
10234 3.13746
10234 3.13746
10240 3.13441
10240 3.13441
10242 3.12907
10242 3.12907
10242 3.12907
10242 3.12907
10300 3.13088
10400 3.13396
10500 3.13698
10600 3.13995
10700 3.14286
10800 3.14572
10900 3.14853
11000 3.15128
11000 3.15128
11100 3.15399
11200 3.15665
11300 3.15926
11400 3.16182
11500 3.16433
11600 3.1668
11700 3.16922
11800 3.1716
11900 3.17394
12000 3.17623
12000 3.17623
12100 3.17848
12200 3.1807
12282 3.18249
12282 3.18249
12288 3.17935
12288 3.17935
12290 3.17317
12290 3.17317
12290 3.17317
12290 3.17317
12300 3.1734
12400 3.1757
12500 3.17796
12600 3.18018
12700 3.18236
12800 3.1845
12900 3.18661
13000 3.18867
13000 3.18867
13100 3.19069
13200 3.19268
13300 3.19464
13400 3.19655
13500 3.19844
13600 3.20028
13700 3.2021
13800 3.20388
13900 3.20563
14000 3.20735
14000 3.20735
14100 3.20903
14200 3.21069
14300 3.21231
14330 3.2128
14330 3.2128
14336 3.2096
14336 3.2096
14400 3.21065
14500 3.21228
14600 3.21387
14700 3.21544
14800 3.21698
14900 3.21849
15000 3.21997
15000 3.21997
15100 3.22143
15200 3.22286
15300 3.22426
15400 3.22564
15500 3.22699
15600 3.22832
15700 3.22962
15800 3.23091
15900 3.23216
16000 3.2334
16000 3.2334
16100 3.23461
16200 3.2358
16300 3.23697
16378 3.23787
16378 3.23787
16384 3.23461
16384 3.23461
16386 3.22863
16386 3.22863
16386 3.22863
16386 3.22863
16400 3.22881
16500 3.23011
16600 3.23138
16700 3.23263
16800 3.23385
16900 3.23506
17000 3.23624
17000 3.23624
17100 3.2374
17200 3.23854
17300 3.23966
17400 3.24075
17500 3.24183
17600 3.24289
17700 3.24393
17800 3.24495
17900 3.24595
18000 3.24693
18000 3.24693
18100 3.2479
18200 3.24885
18300 3.24978
18400 3.25069
18426 3.25093
18426 3.25093
18432 3.24765
18432 3.24765
18434 3.24208
18434 3.24208
18434 3.24208
18434 3.24208
18500 3.24277
18600 3.24382
18700 3.24484
18800 3.24584
18900 3.24683
19000 3.24779
19000 3.24779
19100 3.24874
19200 3.24968
19300 3.25059
19400 3.25149
19500 3.25237
19600 3.25324
19700 3.25409
19800 3.25492
19900 3.25574
20000 3.25655
20000 3.25655
20082 3.2572
20082 3.2572
20082 3.2572
20082 3.2572
20082 3.2572
20086 3.23148
20086 3.23148
20087 3.23139
20087 3.23139
20088 3.22867
20088 3.22867
20088 3.22867
20088 3.22867
20100 3.22883
20200 3.23012
20300 3.23139
20400 3.23264
20474 3.23355
20474 3.23355
20480 3.23031
20480 3.23031
20482 3.22401
20482 3.22401
20482 3.22401
20482 3.22401
20500 3.22426
20600 3.22564
20700 3.22699
20800 3.22832
20900 3.22962
21000 3.2309
21000 3.2309
21100 3.23216
21200 3.2334
21300 3.23461
21400 3.2358
21500 3.23697
21600 3.23811
21700 3.23924
21800 3.24034
21900 3.24143
22000 3.24249
22000 3.24249
22100 3.24354
22200 3.24457
22300 3.24558
22400 3.24657
22500 3.24754
22522 3.24775
22522 3.24775
22528 3.24448
22528 3.24448
22600 3.24521
22700 3.2462
22800 3.24718
22900 3.24814
23000 3.24909
23000 3.24909
23100 3.25001
23200 3.25092
23300 3.25182
23400 3.25269
23500 3.25355
23600 3.2544
23700 3.25523
23800 3.25604
23900 3.25684
24000 3.25763
24000 3.25763
24100 3.2584
24200 3.25915
24300 3.2599
24400 3.26063
24500 3.26134
24570 3.26184
24570 3.26184
24576 3.25853
24576 3.25853
24578 3.2525
24578 3.2525
24578 3.2525
24578 3.2525
24600 3.25269
24700 3.25355
24800 3.2544
24900 3.25523
25000 3.25604
25000 3.25604
25100 3.25684
25200 3.25763
25300 3.2584
25400 3.25915
25500 3.2599
25600 3.26063
25700 3.26134
25800 3.26205
25900 3.26274
26000 3.26341
26000 3.26341
26100 3.26408
26200 3.26473
26300 3.26537
26400 3.266
26500 3.26662
26600 3.26723
26618 3.26734
26618 3.26734
26624 3.26402
26624 3.26402
26626 3.25842
26626 3.25842
26626 3.25842
26626 3.25842
26700 3.25898
26800 3.25973
26900 3.26046
27000 3.26118
27000 3.26118
27100 3.26188
27200 3.26258
27300 3.26326
27400 3.26393
27500 3.26458
27600 3.26523
27700 3.26586
27800 3.26648
27900 3.26709
28000 3.26769
28000 3.26769
28100 3.26828
28200 3.26885
28300 3.26942
28400 3.26998
28500 3.27052
28600 3.27106
28666 3.27141
28666 3.27141
28672 3.26808
28672 3.26808
28674 3.26203
28674 3.26203
28674 3.26203
28674 3.26203
28700 3.26221
28800 3.2629
28900 3.26357
29000 3.26423
29000 3.26423
29100 3.26489
29200 3.26552
29300 3.26615
29400 3.26677
29500 3.26737
29600 3.26796
29700 3.26855
29800 3.26912
29900 3.26968
30000 3.27023
30000 3.27023
30082 3.27068
30082 3.27068
30082 3.27068
30082 3.27068
30082 3.27068
30086 3.24484
30086 3.24484
30087 3.24474
30087 3.24474
30088 3.24201
30088 3.24201
30088 3.24201
30088 3.24201
30100 3.24214
30200 3.24319
30300 3.24423
30400 3.24524
30500 3.24624
30600 3.24722
30700 3.24818
30714 3.24831
30714 3.24831
30720 3.24504
30720 3.24504
30722 3.23947
30722 3.23947
30722 3.23947
30722 3.23947
30800 3.24033
30900 3.24142
31000 3.24248
31000 3.24248
31100 3.24353
31200 3.24456
31300 3.24557
31400 3.24656
31500 3.24753
31600 3.24848
31700 3.24942
31800 3.25034
31900 3.25124
32000 3.25213
32000 3.25213
32100 3.253
32200 3.25386
32300 3.2547
32400 3.25552
32500 3.25633
32600 3.25712
32700 3.2579
32762 3.25838
32762 3.25838
32768 3.25509
32768 3.25509
32770 3.24873
32770 3.24873
32770 3.24873
32770 3.24873
32800 3.24901
32900 3.24994
33000 3.25085
33000 3.25085
33100 3.25174
33200 3.25262
33300 3.25348
33400 3.25433
33500 3.25516
33600 3.25598
33700 3.25678
33800 3.25756
33900 3.25833
34000 3.25909
34000 3.25909
34100 3.25984
34200 3.26057
34300 3.26128
34400 3.26199
34500 3.26268
34600 3.26336
34700 3.26403
34800 3.26468
34810 3.26475
34810 3.26475
34816 3.26144
34816 3.26144
34900 3.26203
35000 3.26272
35000 3.26272
35100 3.2634
35200 3.26406
35300 3.26472
35400 3.26536
35500 3.26599
35600 3.26661
35700 3.26721
35800 3.26781
35900 3.2684
36000 3.26897
36000 3.26897
36100 3.26953
36200 3.27009
36300 3.27063
36400 3.27117
36500 3.27169
36600 3.27221
36700 3.27271
36800 3.27321
36858 3.27349
36858 3.27349
36864 3.27017
36864 3.27017
36866 3.26411
36866 3.26411
36866 3.26411
36866 3.26411
36900 3.26433
37000 3.26498
37000 3.26498
37100 3.26561
37200 3.26624
37300 3.26685
37400 3.26746
37500 3.26805
37600 3.26863
37700 3.2692
37800 3.26976
37900 3.27031
38000 3.27085
38000 3.27085
38100 3.27138
38200 3.2719
38300 3.27241
38400 3.27291
38500 3.27341
38600 3.27389
38700 3.27437
38800 3.27483
38900 3.27529
38906 3.27532
38906 3.27532
38912 3.27199
38912 3.27199
38914 3.26636
38914 3.26636
38914 3.26636
38914 3.26636
39000 3.26689
39000 3.26689
39100 3.26749
39200 3.26808
39300 3.26866
39400 3.26923
39500 3.26979
39600 3.27034
39700 3.27088
39800 3.27141
39900 3.27193
40000 3.27244
40000 3.27244
40082 3.27286
40082 3.27286
40082 3.27286
40082 3.27286
40082 3.27286
40086 3.247
40086 3.247
40087 3.2469
40087 3.2469
40088 3.24417
40088 3.24417
40088 3.24417
40088 3.24417
40100 3.24429
40200 3.24531
40300 3.2463
40400 3.24728
40500 3.24824
40600 3.24918
40700 3.2501
40800 3.25101
40900 3.2519
40954 3.25238
40954 3.25238
40960 3.2491
40960 3.2491
40962 3.24276
40962 3.24276
40962 3.24276
40962 3.24276
41000 3.24315
41000 3.24315
41100 3.24419
41200 3.2452
41300 3.2462
41400 3.24718
41500 3.24814
41600 3.24908
41700 3.25001
41800 3.25092
41900 3.25181
42000 3.25269
42000 3.25269
42100 3.25355
42200 3.25439
42300 3.25522
42400 3.25604
42500 3.25684
42600 3.25762
42700 3.25839
42800 3.25915
42900 3.25989
43000 3.26062
43000 3.26062
43002 3.26064
43002 3.26064
43008 3.25734
43008 3.25734
43100 3.25805
43200 3.25881
43300 3.25956
43400 3.2603
43500 3.26102
43600 3.26173
43700 3.26243
43800 3.26311
43900 3.26378
