0 3.03099
0 3.03099
0 3.03099
2 3.03099
2 3.03099
100 3.03099
200 3.03099
300 3.03099
400 3.03099
500 3.03099
600 3.03099
700 3.03099
800 3.03099
900 3.03099
1000 3.03099
1000 3.03099
1100 3.03099
1200 3.03099
1300 3.03099
1400 3.03099
1500 3.03099
1600 3.03099
1700 3.03099
1800 3.03099
1900 3.03099
2000 3.03099
2000 3.03099
2048 3.03099
2048 3.03099
2050 3.03099
2050 3.03099
2100 3.03099
2200 3.03099
2300 3.03099
2400 3.03099
2500 3.03099
2600 3.03099
2700 3.03099
2800 3.03099
2900 3.03099
3000 3.03099
3000 3.03099
3100 3.03099
3200 3.03099
3300 3.03099
3400 3.03099
3500 3.03099
3600 3.03099
3700 3.03099
3800 3.03099
3900 3.03099
4000 3.03099
4000 3.03099
4096 3.03099
4096 3.03099
4098 3.03099
4098 3.03099
4100 3.03099
4200 3.03099
4300 3.03099
4400 3.03099
4500 3.03099
4502 3.03099
4502 3.03099
4504 3.03099
4504 3.03099
4504 3.03099
4504 3.03099
4505 3.03099
4505 3.03099
4505 3.03099
4505 3.03099
4506 3.03099
4506 3.03099
4506 3.03099
4506 3.03099
4507 3.03099
4507 3.03099
4600 3.03099
4700 3.03099
4800 3.03099
4900 3.03099
5000 3.03099
5000 3.03099
5100 3.03099
5200 3.03099
5300 3.03099
5400 3.03099
5500 3.03099
5600 3.03099
5700 3.03099
5800 3.03099
5900 3.03099
6000 3.03099
6000 3.03099
6100 3.03099
6144 3.03099
6144 3.03099
6146 3.02838
6146 3.02838
6146 3.02838
6146 3.02838
6200 3.02838
6300 3.02838
6400 3.02838
6500 3.02838
6600 3.02838
6700 3.02838
6800 3.02838
6900 3.02838
7000 3.02838
7000 3.02838
7100 3.02838
7200 3.02838
7300 3.02837
7400 3.02837
7500 3.02837
7600 3.02837
7700 3.02837
7800 3.02837
7900 3.02837
8000 3.02837
8000 3.02837
8100 3.02837
8186 3.02837
8186 3.02837
8192 3.02682
8192 3.02682
8194 3.02401
8194 3.02401
8194 3.02401
8194 3.02401
8200 3.02401
8300 3.02401
8400 3.02401
8500 3.02401
8600 3.02401
8700 3.02401
8800 3.02401
8900 3.02401
9000 3.02401
9000 3.02401
9100 3.02401
9200 3.02401
9300 3.02401
9400 3.02401
9500 3.02401
9600 3.02401
9700 3.02401
9800 3.02401
9900 3.02401
10000 3.02401
10000 3.02401
10082 3.02401
10082 3.02401
10082 3.02401
10082 3.02401
10082 3.02401
10086 3.01202
10086 3.01202
10087 3.01198
10087 3.01198
10088 3.0107
10088 3.0107
10088 3.0107
10088 3.0107
10100 3.0107
10200 3.0107
10234 3.0107
10234 3.0107
10240 3.00916
10240 3.00916
10242 3.00657
10242 3.00657
10242 3.00657
10242 3.00657
10300 3.00657
10400 3.00657
10500 3.00657
10600 3.00657
10700 3.00657
10800 3.00657
10900 3.00657
11000 3.00657
11000 3.00657
11100 3.00657
11200 3.00657
11300 3.00657
11400 3.00657
11500 3.00657
11600 3.00657
11700 3.00657
11800 3.00657
11900 3.00657
12000 3.00657
12000 3.00657
12100 3.00657
12200 3.00657
12282 3.00657
12282 3.00657
12288 3.00502
12288 3.00502
12290 3.00208
12290 3.00208
12290 3.00208
12290 3.00208
12300 3.00208
12400 3.00208
12500 3.00208
12600 3.00208
12700 3.00208
12800 3.00208
12900 3.00208
13000 3.00208
13000 3.00208
13100 3.00208
13200 3.00208
13300 3.00208
13400 3.00208
13500 3.00208
13600 3.00208
13700 3.00208
13800 3.00208
13900 3.00208
14000 3.00208
14000 3.00208
14100 3.00208
14200 3.00208
14300 3.00208
14330 3.00208
14330 3.00208
14336 3.00054
14336 3.00054
14400 3.00054
14500 3.00054
14600 3.00054
14700 3.00054
14800 3.00054
14900 3.00054
15000 3.00054
15000 3.00054
15100 3.00054
15200 3.00054
15300 3.00054
15400 3.00054
15500 3.00054
15600 3.00054
15700 3.00054
15800 3.00054
15900 3.00053
16000 3.00053
16000 3.00053
16100 3.00053
16200 3.00053
16300 3.00053
16378 3.00053
16378 3.00053
16384 2.999
16384 2.999
16386 2.99621
16386 2.99621
16386 2.99621
16386 2.99621
16400 2.99621
16500 2.99621
16600 2.99621
16700 2.99621
16800 2.99621
16900 2.99621
17000 2.99621
17000 2.99621
17100 2.99621
17200 2.99621
17300 2.99621
17400 2.99621
17500 2.99621
17600 2.99621
17700 2.99621
17800 2.99621
17900 2.99621
18000 2.99621
18000 2.99621
18100 2.99621
18200 2.99621
18300 2.99621
18400 2.99621
18426 2.99621
18426 2.99621
18432 2.99467
18432 2.99467
18434 2.99209
18434 2.99209
18434 2.99209
18434 2.99209
18500 2.99209
18600 2.99209
18700 2.99209
18800 2.99209
18900 2.99209
19000 2.99209
19000 2.99209
19100 2.99209
19200 2.99209
19300 2.99209
19400 2.99209
19500 2.99209
19600 2.99209
19700 2.99209
19800 2.99209
19900 2.99209
20000 2.99209
20000 2.99209
20082 2.99209
20082 2.99209
20082 2.99209
20082 2.99209
20082 2.99209
20086 2.98023
20086 2.98023
20087 2.98019
20087 2.98019
20088 2.97893
20088 2.97893
20088 2.97893
20088 2.97893
20100 2.97893
20200 2.97893
20300 2.97893
20400 2.97893
20474 2.97893
20474 2.97893
20480 2.9774
20480 2.9774
20482 2.97448
20482 2.97448
20482 2.97448
20482 2.97448
20500 2.97448
20600 2.97448
20700 2.97448
20800 2.97448
20900 2.97448
21000 2.97448
21000 2.97448
21100 2.97448
21200 2.97448
21300 2.97448
21400 2.97448
21500 2.97448
21600 2.97448
21700 2.97448
21800 2.97448
21900 2.97448
22000 2.97448
22000 2.97448
22100 2.97448
22200 2.97448
22300 2.97448
22400 2.97448
22500 2.97448
22522 2.97448
22522 2.97448
22528 2.97295
22528 2.97295
22600 2.97295
22700 2.97295
22800 2.97295
22900 2.97295
23000 2.97295
23000 2.97295
23100 2.97295
23200 2.97295
23300 2.97295
23400 2.97295
23500 2.97295
23600 2.97295
23700 2.97295
23800 2.97295
23900 2.97295
24000 2.97295
24000 2.97295
24100 2.97295
24200 2.97295
24300 2.97295
24400 2.97295
24500 2.97295
24570 2.97295
24570 2.97295
24576 2.97143
24576 2.97143
24578 2.96867
24578 2.96867
24578 2.96867
24578 2.96867
24600 2.96867
24700 2.96867
24800 2.96867
24900 2.96867
25000 2.96867
25000 2.96867
25100 2.96867
25200 2.96867
25300 2.96866
25400 2.96866
25500 2.96866
25600 2.96866
25700 2.96866
25800 2.96866
25900 2.96866
26000 2.96866
26000 2.96866
26100 2.96866
26200 2.96866
26300 2.96866
26400 2.96866
26500 2.96866
26600 2.96866
26618 2.96866
26618 2.96866
26624 2.96714
26624 2.96714
26626 2.96458
26626 2.96458
26626 2.96458
26626 2.96458
26700 2.96458
26800 2.96458
26900 2.96458
27000 2.96458
27000 2.96458
27100 2.96458
27200 2.96458
27300 2.96458
27400 2.96458
27500 2.96458
27600 2.96458
27700 2.96458
27800 2.96458
27900 2.96458
28000 2.96458
28000 2.96458
28100 2.96458
28200 2.96458
28300 2.96458
28400 2.96458
28500 2.96458
28600 2.96458
28666 2.96458
28666 2.96458
28672 2.96306
28672 2.96306
28674 2.96031
28674 2.96031
28674 2.96031
28674 2.96031
28700 2.96031
28800 2.96031
28900 2.96031
29000 2.96031
29000 2.96031
29100 2.96031
29200 2.96031
29300 2.96031
29400 2.96031
29500 2.96031
29600 2.96031
29700 2.96031
29800 2.96031
29900 2.96031
30000 2.96031
30000 2.96031
30082 2.96031
30082 2.96031
30082 2.96031
30082 2.96031
30082 2.96031
30086 2.94857
30086 2.94857
30087 2.94853
30087 2.94853
30088 2.94729
30088 2.94729
30088 2.94729
30088 2.94729
30100 2.94729
30200 2.94729
30300 2.94729
30400 2.94729
30500 2.94729
30600 2.94728
30700 2.94728
30714 2.94728
30714 2.94728
30720 2.94577
30720 2.94577
30722 2.94324
30722 2.94324
30722 2.94324
30722 2.94324
30800 2.94324
30900 2.94324
31000 2.94324
31000 2.94324
31100 2.94324
31200 2.94324
31300 2.94323
31400 2.94323
31500 2.94323
31600 2.94323
31700 2.94323
31800 2.94323
31900 2.94323
32000 2.94323
32000 2.94323
32100 2.94323
32200 2.94323
32300 2.94323
32400 2.94323
32500 2.94323
32600 2.94323
32700 2.94323
32762 2.94323
32762 2.94323
32768 2.94172
32768 2.94172
32770 2.93884
32770 2.93884
32770 2.93884
32770 2.93884
32800 2.93884
32900 2.93884
33000 2.93884
33000 2.93884
33100 2.93884
33200 2.93884
33300 2.93884
33400 2.93884
33500 2.93884
33600 2.93884
33700 2.93884
33800 2.93884
33900 2.93884
34000 2.93884
34000 2.93884
34100 2.93884
34200 2.93884
34300 2.93884
34400 2.93884
34500 2.93884
34600 2.93884
34700 2.93884
34800 2.93884
34810 2.93884
34810 2.93884
34816 2.93733
34816 2.93733
34900 2.93733
35000 2.93733
35000 2.93733
35100 2.93733
35200 2.93733
35300 2.93733
35400 2.93733
35500 2.93733
35600 2.93733
35700 2.93733
35800 2.93733
35900 2.93733
36000 2.93733
36000 2.93733
36100 2.93733
36200 2.93733
36300 2.93733
36400 2.93733
36500 2.93733
36600 2.93733
36700 2.93733
36800 2.93733
36858 2.93733
36858 2.93733
36864 2.93582
36864 2.93582
36866 2.9331
36866 2.9331
36866 2.9331
36866 2.9331
36900 2.9331
37000 2.9331
37000 2.9331
37100 2.9331
37200 2.93309
37300 2.93309
37400 2.93309
37500 2.93309
37600 2.93309
37700 2.93309
37800 2.93309
37900 2.93309
38000 2.93309
38000 2.93309
38100 2.93309
38200 2.93309
38300 2.93309
38400 2.93309
38500 2.93309
38600 2.93309
38700 2.93309
38800 2.93309
38900 2.93309
38906 2.93309
38906 2.93309
38912 2.93159
38912 2.93159
38914 2.92906
38914 2.92906
38914 2.92906
38914 2.92906
39000 2.92906
39000 2.92906
39100 2.92906
39200 2.92906
39300 2.92906
39400 2.92906
39500 2.92906
39600 2.92906
39700 2.92906
39800 2.92906
39900 2.92906
40000 2.92906
40000 2.92906
40082 2.92906
40082 2.92906
40082 2.92906
40082 2.92906
40082 2.92906
40086 2.91745
40086 2.91745
40087 2.91741
40087 2.91741
40088 2.91618
40088 2.91618
40088 2.91618
40088 2.91618
40100 2.91618
40200 2.91618
40300 2.91618
40400 2.91618
40500 2.91618
40600 2.91618
40700 2.91618
40800 2.91618
40900 2.91618
40954 2.91618
40954 2.91618
40960 2.91468
40960 2.91468
40962 2.91183
40962 2.91183
40962 2.91183
40962 2.91183
41000 2.91183
41000 2.91183
41100 2.91183
41200 2.91183
41300 2.91183
41400 2.91182
41500 2.91182
41600 2.91182
41700 2.91182
41800 2.91182
41900 2.91182
42000 2.91182
42000 2.91182
42100 2.91182
42200 2.91182
42300 2.91182
42400 2.91182
42500 2.91182
42600 2.91182
42700 2.91182
42800 2.91182
42900 2.91182
43000 2.91182
43000 2.91182
43002 2.91182
43002 2.91182
43008 2.91033
43008 2.91033
43100 2.91033
43200 2.91033
43300 2.91033
43400 2.91033
43500 2.91033
43600 2.91033
43700 2.91033
43800 2.91033
43900 2.91033
