0 3.03099
0 3.03099
0 3.03099
2 3.03099
2 3.03099
100 3.03099
200 3.03099
300 3.03099
400 3.03099
500 3.03099
600 3.03099
700 3.03099
800 3.03099
900 3.03099
1000 3.03099
1000 3.03099
1100 3.03099
1200 3.03099
1300 3.03099
1400 3.03099
1500 3.03099
1600 3.03099
1700 3.03099
1800 3.03099
1900 3.03099
2000 3.03099
2000 3.03099
2048 3.03099
2048 3.03099
2050 3.03099
2050 3.03099
2100 3.03099
2200 3.03099
2300 3.03099
2400 3.03099
2500 3.03099
2600 3.03099
2700 3.03099
2800 3.03099
2900 3.03099
3000 3.03099
3000 3.03099
3100 3.03099
3200 3.03099
3300 3.03099
3400 3.03099
3500 3.03099
3600 3.03099
3700 3.03099
3800 3.03099
3900 3.03099
4000 3.03099
4000 3.03099
4096 3.03099
4096 3.03099
4098 3.03099
4098 3.03099
4100 3.03099
4200 3.03099
4300 3.03099
4400 3.03099
4500 3.03099
4502 3.03099
4502 3.03099
4504 3.03099
4504 3.03099
4504 3.03099
4504 3.03099
4505 3.03099
4505 3.03099
4505 3.03099
4505 3.03099
4506 3.03099
4506 3.03099
4506 3.03099
4506 3.03099
4507 3.03099
4507 3.03099
4600 3.03099
4700 3.03099
4800 3.03099
4900 3.03099
5000 3.03099
5000 3.03099
5100 3.03099
5200 3.03099
5300 3.03099
5400 3.03099
5500 3.03099
5600 3.03099
5700 3.03099
5800 3.03099
5900 3.03099
6000 3.03099
6000 3.03099
6100 3.03099
6144 3.03099
6144 3.03099
6146 3.02839
6146 3.02839
6146 3.02839
6146 3.02839
6200 3.02873
6300 3.02935
6400 3.02997
6500 3.03059
6600 3.0312
6700 3.03182
6800 3.03244
6900 3.03305
7000 3.03366
7000 3.03366
7100 3.03427
7200 3.03488
7300 3.03549
7400 3.03609
7500 3.0367
7600 3.0373
7700 3.03791
7800 3.03851
7900 3.03911
8000 3.0397
8000 3.0397
8100 3.0403
8186 3.04082
8186 3.04082
8192 3.03929
8192 3.03929
8194 3.03648
8194 3.03648
8194 3.03648
8194 3.03648
8200 3.03651
8300 3.03712
8400 3.03772
8500 3.03832
8600 3.03892
8700 3.03952
8800 3.04012
8900 3.04071
9000 3.04131
9000 3.04131
9100 3.0419
9200 3.04249
9300 3.04308
9400 3.04367
9500 3.04426
9600 3.04485
9700 3.04543
9800 3.04601
9900 3.0466
10000 3.04718
10000 3.04718
10082 3.04766
10082 3.04766
10082 3.04766
10082 3.04766
10082 3.04766
10086 3.0356
10086 3.0356
10087 3.03556
10087 3.03556
10088 3.03428
10088 3.03428
10088 3.03428
10088 3.03428
10100 3.03436
10200 3.03497
10234 3.03517
10234 3.03517
10240 3.03365
10240 3.03365
10242 3.03105
10242 3.03105
10242 3.03105
10242 3.03105
10300 3.03141
10400 3.03202
10500 3.03264
10600 3.03325
10700 3.03386
10800 3.03447
10900 3.03508
11000 3.03569
11000 3.03569
11100 3.0363
11200 3.0369
11300 3.0375
11400 3.0381
11500 3.03871
11600 3.0393
11700 3.0399
11800 3.0405
11900 3.04109
12000 3.04169
12000 3.04169
12100 3.04228
12200 3.04287
12282 3.04336
12282 3.04336
12288 3.04183
12288 3.04183
12290 3.03886
12290 3.03886
12290 3.03886
12290 3.03886
12300 3.03892
12400 3.03952
12500 3.04012
12600 3.04071
12700 3.04131
12800 3.0419
12900 3.04249
13000 3.04308
13000 3.04308
13100 3.04367
13200 3.04426
13300 3.04484
13400 3.04543
13500 3.04601
13600 3.04659
13700 3.04718
13800 3.04776
13900 3.04833
14000 3.04891
14000 3.04891
14100 3.04949
14200 3.05006
14300 3.05063
14330 3.05081
14330 3.05081
14336 3.04927
14336 3.04927
14400 3.04964
14500 3.05022
14600 3.05079
14700 3.05136
14800 3.05193
14900 3.0525
15000 3.05307
15000 3.05307
15100 3.05363
15200 3.0542
15300 3.05476
15400 3.05532
15500 3.05588
15600 3.05644
15700 3.057
15800 3.05756
15900 3.05811
16000 3.05867
16000 3.05867
16100 3.05922
16200 3.05977
16300 3.06033
16378 3.06076
16378 3.06076
16384 3.05922
16384 3.05922
16386 3.05639
16386 3.05639
16386 3.05639
16386 3.05639
16400 3.05646
16500 3.05702
16600 3.05758
16700 3.05814
16800 3.05869
16900 3.05924
17000 3.0598
17000 3.0598
17100 3.06035
17200 3.0609
17300 3.06144
17400 3.06199
17500 3.06254
17600 3.06308
17700 3.06362
17800 3.06417
17900 3.06471
18000 3.06525
18000 3.06525
18100 3.06578
18200 3.06632
18300 3.06686
18400 3.06739
18426 3.06753
18426 3.06753
18432 3.06599
18432 3.06599
18434 3.06336
18434 3.06336
18434 3.06336
18434 3.06336
18500 3.06372
18600 3.06426
18700 3.0648
18800 3.06534
18900 3.06588
19000 3.06641
19000 3.06641
19100 3.06695
19200 3.06748
19300 3.06802
19400 3.06855
19500 3.06908
19600 3.06961
19700 3.07014
19800 3.07066
19900 3.07119
20000 3.07171
20000 3.07171
20082 3.07215
20082 3.07215
20082 3.07215
20082 3.07215
20082 3.07215
20086 3.05999
20086 3.05999
20087 3.05995
20087 3.05995
20088 3.05866
20088 3.05866
20088 3.05866
20088 3.05866
20100 3.05873
20200 3.05928
20300 3.05983
20400 3.06038
20474 3.06079
20474 3.06079
20480 3.05925
20480 3.05925
20482 3.05627
20482 3.05627
20482 3.05627
20482 3.05627
20500 3.05637
20600 3.05693
20700 3.05748
20800 3.05804
20900 3.05859
21000 3.05915
21000 3.05915
21100 3.0597
21200 3.06025
21300 3.0608
21400 3.06135
21500 3.0619
21600 3.06244
21700 3.06299
21800 3.06353
21900 3.06407
22000 3.06461
22000 3.06461
22100 3.06515
22200 3.06569
22300 3.06623
22400 3.06676
22500 3.0673
22522 3.06742
22522 3.06742
22528 3.06587
22528 3.06587
22600 3.06626
22700 3.0668
22800 3.06733
22900 3.06786
23000 3.0684
23000 3.0684
23100 3.06893
23200 3.06946
23300 3.06999
23400 3.07051
23500 3.07104
23600 3.07156
23700 3.07209
23800 3.07261
23900 3.07313
24000 3.07365
24000 3.07365
24100 3.07417
24200 3.07469
24300 3.0752
24400 3.07572
24500 3.07623
24570 3.0766
24570 3.0766
24576 3.07505
24576 3.07505
24578 3.0722
24578 3.0722
24578 3.0722
24578 3.0722
24600 3.07232
24700 3.07284
24800 3.07336
24900 3.07388
25000 3.0744
25000 3.0744
25100 3.07491
25200 3.07543
25300 3.07594
25400 3.07646
25500 3.07697
25600 3.07748
25700 3.07799
25800 3.0785
25900 3.07901
26000 3.07951
26000 3.07951
26100 3.08002
26200 3.08052
26300 3.08103
26400 3.08153
26500 3.08203
26600 3.08253
26618 3.08262
26618 3.08262
26624 3.08107
26624 3.08107
26626 3.07843
26626 3.07843
26626 3.07843
26626 3.07843
26700 3.0788
26800 3.07931
26900 3.07981
27000 3.08032
27000 3.08032
27100 3.08082
27200 3.08132
27300 3.08183
27400 3.08233
27500 3.08283
27600 3.08332
27700 3.08382
27800 3.08432
27900 3.08481
28000 3.0853
28000 3.0853
28100 3.0858
28200 3.08629
28300 3.08678
28400 3.08726
28500 3.08775
28600 3.08824
28666 3.08856
28666 3.08856
28672 3.087
28672 3.087
28674 3.08415
28674 3.08415
28674 3.08415
28674 3.08415
28700 3.08428
28800 3.08477
28900 3.08526
29000 3.08576
29000 3.08576
29100 3.08625
29200 3.08674
29300 3.08723
29400 3.08771
29500 3.0882
29600 3.08869
29700 3.08917
29800 3.08965
29900 3.09014
30000 3.09062
30000 3.09062
30082 3.09101
30082 3.09101
30082 3.09101
30082 3.09101
30082 3.09101
30086 3.07878
30086 3.07878
30087 3.07874
30087 3.07874
30088 3.07744
30088 3.07744
30088 3.07744
30088 3.07744
30100 3.0775
30200 3.07802
30300 3.07852
30400 3.07903
30500 3.07954
30600 3.08004
30700 3.08055
30714 3.08062
30714 3.08062
30720 3.07907
30720 3.07907
30722 3.07643
30722 3.07643
30722 3.07643
30722 3.07643
30800 3.07683
30900 3.07734
31000 3.07785
31000 3.07785
31100 3.07836
31200 3.07887
31300 3.07937
31400 3.07988
31500 3.08038
31600 3.08089
31700 3.08139
31800 3.08189
31900 3.08239
32000 3.08289
32000 3.08289
32100 3.08339
32200 3.08388
32300 3.08438
32400 3.08487
32500 3.08537
32600 3.08586
32700 3.08635
32762 3.08665
32762 3.08665
32768 3.0851
32768 3.0851
32770 3.08209
32770 3.08209
32770 3.08209
32770 3.08209
32800 3.08224
32900 3.08274
33000 3.08323
33000 3.08323
33100 3.08373
33200 3.08423
33300 3.08472
33400 3.08522
33500 3.08571
33600 3.0862
33700 3.08669
33800 3.08718
33900 3.08767
34000 3.08815
34000 3.08815
34100 3.08864
34200 3.08912
34300 3.08961
34400 3.09009
34500 3.09057
34600 3.09105
34700 3.09153
34800 3.09201
34810 3.09206
34810 3.09206
34816 3.0905
34816 3.0905
34900 3.0909
35000 3.09138
35000 3.09138
35100 3.09186
35200 3.09234
35300 3.09281
35400 3.09329
35500 3.09376
35600 3.09423
35700 3.0947
35800 3.09518
35900 3.09564
36000 3.09611
36000 3.09611
36100 3.09658
36200 3.09705
36300 3.09751
36400 3.09798
36500 3.09844
36600 3.0989
36700 3.09936
36800 3.09982
36858 3.10009
36858 3.10009
36864 3.09853
36864 3.09853
36866 3.09566
36866 3.09566
36866 3.09566
36866 3.09566
36900 3.09582
37000 3.09628
37000 3.09628
37100 3.09675
37200 3.09722
37300 3.09768
37400 3.09815
37500 3.09861
37600 3.09907
37700 3.09953
37800 3.09999
37900 3.10045
38000 3.10091
38000 3.10091
38100 3.10136
38200 3.10182
38300 3.10227
38400 3.10273
38500 3.10318
38600 3.10363
38700 3.10408
38800 3.10453
38900 3.10498
38906 3.10501
38906 3.10501
38912 3.10344
38912 3.10344
38914 3.10077
38914 3.10077
38914 3.10077
38914 3.10077
39000 3.10117
39000 3.10117
39100 3.10162
39200 3.10208
39300 3.10253
39400 3.10298
39500 3.10344
39600 3.10389
39700 3.10434
39800 3.10478
39900 3.10523
40000 3.10568
40000 3.10568
40082 3.10605
40082 3.10605
40082 3.10605
40082 3.10605
40082 3.10605
40086 3.09376
40086 3.09376
40087 3.09371
40087 3.09371
40088 3.09241
40088 3.09241
40088 3.09241
40088 3.09241
40100 3.09247
40200 3.09294
40300 3.09342
40400 3.09389
40500 3.09436
40600 3.09483
40700 3.0953
40800 3.09577
40900 3.09624
40954 3.0965
40954 3.0965
40960 3.09493
40960 3.09493
40962 3.09191
40962 3.09191
40962 3.09191
40962 3.09191
41000 3.09209
41000 3.09209
41100 3.09257
41200 3.09304
41300 3.09352
41400 3.09399
41500 3.09446
41600 3.09494
41700 3.09541
41800 3.09587
41900 3.09634
42000 3.09681
42000 3.09681
42100 3.09728
42200 3.09774
42300 3.0982
42400 3.09867
42500 3.09913
42600 3.09959
42700 3.10005
42800 3.10051
42900 3.10096
43000 3.10142
43000 3.10142
43002 3.10143
43002 3.10143
43008 3.09987
43008 3.09987
43100 3.10029
43200 3.10075
43300 3.1012
43400 3.10166
43500 3.10211
43600 3.10257
43700 3.10302
43800 3.10347
43900 3.10392
