0 3.03099
0 3.03099
0 3.03099
2 3.03099
2 3.03099
100 3.03099
200 3.03099
300 3.03099
400 3.03099
500 3.03099
600 3.03099
700 3.03099
800 3.03099
900 3.03099
1000 3.03099
1000 3.03099
1100 3.03099
1200 3.03099
1300 3.03099
1400 3.03099
1500 3.03099
1600 3.03099
1700 3.03099
1800 3.03099
1900 3.03099
2000 3.03099
2000 3.03099
2048 3.03099
2048 3.03099
2050 3.03099
2050 3.03099
2100 3.03099
2200 3.03099
2300 3.03099
2400 3.03099
2500 3.03099
2600 3.03099
2700 3.03099
2800 3.03099
2900 3.03099
3000 3.03099
3000 3.03099
3100 3.03099
3200 3.03099
3300 3.03099
3400 3.03099
3500 3.03099
3600 3.03099
3700 3.03099
3800 3.03099
3900 3.03099
4000 3.03099
4000 3.03099
4096 3.03099
4096 3.03099
4098 3.03099
4098 3.03099
4100 3.03099
4200 3.03099
4300 3.03099
4400 3.03099
4500 3.03099
4502 3.03099
4502 3.03099
4504 3.03099
4504 3.03099
4504 3.03099
4504 3.03099
4505 3.03099
4505 3.03099
4505 3.03099
4505 3.03099
4506 3.03099
4506 3.03099
4506 3.03099
4506 3.03099
4507 3.03099
4507 3.03099
4600 3.03099
4700 3.03099
4800 3.03099
4900 3.03099
5000 3.03099
5000 3.03099
5100 3.03099
5200 3.03099
5300 3.03099
5400 3.03099
5500 3.03099
5600 3.03099
5700 3.03099
5800 3.03099
5900 3.03099
6000 3.03099
6000 3.03099
6100 3.03099
6144 3.03099
6144 3.03099
6146 3.02863
6146 3.02863
6146 3.02863
6146 3.02863
6200 3.03527
6300 3.04715
6400 3.0585
6500 3.06933
6600 3.07969
6700 3.08957
6800 3.09901
6900 3.10803
7000 3.11665
7000 3.11665
7100 3.12488
7200 3.13273
7300 3.14024
7400 3.14741
7500 3.15426
7600 3.1608
7700 3.16704
7800 3.17301
7900 3.17871
8000 3.18415
8000 3.18415
8100 3.18935
8186 3.19365
8186 3.19365
8192 3.19229
8192 3.19229
8194 3.18944
8194 3.18944
8194 3.18944
8194 3.18944
8200 3.18973
8300 3.19468
8400 3.1994
8500 3.20392
8600 3.20823
8700 3.21235
8800 3.21628
8900 3.22004
9000 3.22363
9000 3.22363
9100 3.22705
9200 3.23033
9300 3.23345
9400 3.23644
9500 3.23929
9600 3.24202
9700 3.24462
9800 3.2471
9900 3.24948
10000 3.25174
10000 3.25174
10082 3.25354
10082 3.25354
10082 3.25354
10082 3.25354
10082 3.25354
10086 3.24075
10086 3.24075
10087 3.24071
10087 3.24071
10088 3.23936
10088 3.23936
10088 3.23936
10088 3.23936
10100 3.2397
10200 3.2424
10234 3.2433
10234 3.2433
10240 3.24179
10240 3.24179
10242 3.23905
10242 3.23905
10242 3.23905
10242 3.23905
10300 3.24065
10400 3.24332
10500 3.24586
10600 3.24829
10700 3.25061
10800 3.25282
10900 3.25494
11000 3.25696
11000 3.25696
11100 3.25889
11200 3.26074
11300 3.2625
11400 3.26418
11500 3.26579
11600 3.26733
11700 3.26879
11800 3.27019
11900 3.27153
12000 3.27281
12000 3.27281
12100 3.27403
12200 3.27519
12282 3.27611
12282 3.27611
12288 3.2745
12288 3.2745
12290 3.27132
12290 3.27132
12290 3.27132
12290 3.27132
12300 3.27145
12400 3.27273
12500 3.27395
12600 3.27512
12700 3.27624
12800 3.2773
12900 3.27832
13000 3.27929
13000 3.27929
13100 3.28022
13200 3.28111
13300 3.28196
13400 3.28277
13500 3.28354
13600 3.28428
13700 3.28498
13800 3.28566
13900 3.2863
14000 3.28692
14000 3.28692
14100 3.2875
14200 3.28806
14300 3.2886
14330 3.28876
14330 3.28876
14336 3.2871
14336 3.2871
14400 3.28747
14500 3.28804
14600 3.28857
14700 3.28909
14800 3.28958
14900 3.29004
15000 3.29049
15000 3.29049
15100 3.29092
15200 3.29132
15300 3.29171
15400 3.29208
15500 3.29244
15600 3.29278
15700 3.2931
15800 3.29341
15900 3.29371
16000 3.29399
16000 3.29399
16100 3.29426
16200 3.29452
16300 3.29476
16378 3.29495
16378 3.29495
16384 3.29327
16384 3.29327
16386 3.29022
16386 3.29022
16386 3.29022
16386 3.29022
16400 3.29028
16500 3.29072
16600 3.29114
16700 3.29153
16800 3.29191
16900 3.29228
17000 3.29262
17000 3.29262
17100 3.29295
17200 3.29327
17300 3.29357
17400 3.29386
17500 3.29414
17600 3.2944
17700 3.29465
17800 3.29489
17900 3.29512
18000 3.29534
18000 3.29534
18100 3.29555
18200 3.29575
18300 3.29594
18400 3.29612
18426 3.29617
18426 3.29617
18432 3.29449
18432 3.29449
18434 3.29166
18434 3.29166
18434 3.29166
18434 3.29166
18500 3.29191
18600 3.29227
18700 3.29261
18800 3.29295
18900 3.29326
19000 3.29356
19000 3.29356
19100 3.29385
19200 3.29413
19300 3.29439
19400 3.29464
19500 3.29488
19600 3.29511
19700 3.29533
19800 3.29554
19900 3.29574
20000 3.29593
20000 3.29593
20082 3.29608
20082 3.29608
20082 3.29608
20082 3.29608
20082 3.29608
20086 3.28304
20086 3.28304
20087 3.28299
20087 3.28299
20088 3.28162
20088 3.28162
20088 3.28162
20088 3.28162
20100 3.28172
20200 3.28254
20300 3.28332
20400 3.28407
20474 3.2846
20474 3.2846
20480 3.28296
20480 3.28296
20482 3.27976
20482 3.27976
20482 3.27976
20482 3.27976
20500 3.27993
20600 3.28083
20700 3.28169
20800 3.28251
20900 3.28329
21000 3.28404
21000 3.28404
21100 3.28476
21200 3.28544
21300 3.2861
21400 3.28672
21500 3.28732
21600 3.28789
21700 3.28843
21800 3.28895
21900 3.28944
22000 3.28992
22000 3.28992
22100 3.29037
22200 3.2908
22300 3.29121
22400 3.29161
22500 3.29198
22522 3.29207
22522 3.29207
22528 3.2904
22528 3.2904
22600 3.29071
22700 3.29113
22800 3.29153
22900 3.29191
23000 3.29227
23000 3.29227
23100 3.29262
23200 3.29295
23300 3.29326
23400 3.29357
23500 3.29386
23600 3.29413
23700 3.29439
23800 3.29465
23900 3.29489
24000 3.29512
24000 3.29512
24100 3.29533
24200 3.29554
24300 3.29574
24400 3.29593
24500 3.29612
24570 3.29624
24570 3.29624
24576 3.29456
24576 3.29456
24578 3.29151
24578 3.29151
24578 3.29151
24578 3.29151
24600 3.29159
24700 3.29197
24800 3.29233
24900 3.29267
25000 3.293
25000 3.293
25100 3.29332
25200 3.29362
25300 3.2939
25400 3.29418
25500 3.29444
25600 3.29469
25700 3.29492
25800 3.29515
25900 3.29537
26000 3.29558
26000 3.29558
26100 3.29578
26200 3.29597
26300 3.29615
26400 3.29632
26500 3.29648
26600 3.29664
26618 3.29667
26618 3.29667
26624 3.29499
26624 3.29499
26626 3.29216
26626 3.29216
26626 3.29216
26626 3.29216
26700 3.29242
26800 3.29276
26900 3.29308
27000 3.29339
27000 3.29339
27100 3.29369
27200 3.29397
27300 3.29424
27400 3.2945
27500 3.29475
27600 3.29498
27700 3.29521
27800 3.29542
27900 3.29563
28000 3.29583
28000 3.29583
28100 3.29601
28200 3.29619
28300 3.29636
28400 3.29653
28500 3.29668
28600 3.29683
28666 3.29692
28666 3.29692
28672 3.29524
28672 3.29524
28674 3.29219
28674 3.29219
28674 3.29219
28674 3.29219
28700 3.29228
28800 3.29263
28900 3.29296
29000 3.29327
29000 3.29327
29100 3.29358
29200 3.29386
29300 3.29414
29400 3.2944
29500 3.29465
29600 3.29489
29700 3.29512
29800 3.29534
29900 3.29555
30000 3.29575
30000 3.29575
30082 3.29591
30082 3.29591
30082 3.29591
30082 3.29591
30082 3.29591
30086 3.28286
30086 3.28286
30087 3.28282
30087 3.28282
30088 3.28144
30088 3.28144
30088 3.28144
30088 3.28144
30100 3.28154
30200 3.28237
30300 3.28316
30400 3.28392
30500 3.28464
30600 3.28533
30700 3.28598
30714 3.28608
30714 3.28608
30720 3.28443
30720 3.28443
30722 3.28162
30722 3.28162
30722 3.28162
30722 3.28162
30800 3.28226
30900 3.28306
31000 3.28382
31000 3.28382
31100 3.28454
31200 3.28524
31300 3.2859
31400 3.28653
31500 3.28714
31600 3.28771
31700 3.28827
31800 3.28879
31900 3.28929
32000 3.28978
32000 3.28978
32100 3.29023
32200 3.29067
32300 3.29109
32400 3.29149
32500 3.29187
32600 3.29224
32700 3.29258
32762 3.29279
32762 3.29279
32768 3.29113
32768 3.29113
32770 3.28791
32770 3.28791
32770 3.28791
32770 3.28791
32800 3.28808
32900 3.28861
33000 3.28912
33000 3.28912
33100 3.28961
33200 3.29008
33300 3.29052
33400 3.29095
33500 3.29135
33600 3.29174
33700 3.29211
33800 3.29247
33900 3.2928
34000 3.29313
34000 3.29313
34100 3.29343
34200 3.29373
34300 3.29401
34400 3.29428
34500 3.29454
34600 3.29478
34700 3.29501
34800 3.29524
34810 3.29526
34810 3.29526
34816 3.29358
34816 3.29358
34900 3.29383
35000 3.2941
35000 3.2941
35100 3.29437
35200 3.29462
35300 3.29486
35400 3.29509
35500 3.29531
35600 3.29552
35700 3.29572
35800 3.29592
35900 3.2961
36000 3.29627
36000 3.29627
36100 3.29644
36200 3.2966
36300 3.29675
36400 3.2969
36500 3.29704
36600 3.29717
36700 3.2973
36800 3.29742
36858 3.29749
36858 3.29749
36864 3.2958
36864 3.2958
36866 3.29275
36866 3.29275
36866 3.29275
36866 3.29275
36900 3.29286
37000 3.29318
37000 3.29318
37100 3.29349
37200 3.29378
37300 3.29406
37400 3.29432
37500 3.29458
37600 3.29482
37700 3.29505
37800 3.29528
37900 3.29549
38000 3.29569
38000 3.29569
38100 3.29588
38200 3.29607
38300 3.29624
38400 3.29641
38500 3.29657
38600 3.29673
38700 3.29687
38800 3.29701
38900 3.29715
38906 3.29716
38906 3.29716
38912 3.29547
38912 3.29547
38914 3.29264
38914 3.29264
38914 3.29264
38914 3.29264
39000 3.29293
39000 3.29293
39100 3.29324
39200 3.29355
39300 3.29384
39400 3.29411
39500 3.29438
39600 3.29463
39700 3.29487
39800 3.2951
39900 3.29532
40000 3.29553
40000 3.29553
40082 3.2957
40082 3.2957
40082 3.2957
40082 3.2957
40082 3.2957
40086 3.28265
40086 3.28265
40087 3.28261
40087 3.28261
40088 3.28123
40088 3.28123
40088 3.28123
40088 3.28123
40100 3.28133
40200 3.28217
40300 3.28297
40400 3.28373
40500 3.28446
40600 3.28516
40700 3.28583
40800 3.28646
40900 3.28707
40954 3.28739
40954 3.28739
40960 3.28574
40960 3.28574
40962 3.28254
40962 3.28254
40962 3.28254
40962 3.28254
41000 3.28283
41000 3.28283
41100 3.2836
41200 3.28434
41300 3.28504
41400 3.28571
41500 3.28636
41600 3.28697
41700 3.28755
41800 3.28811
41900 3.28864
42000 3.28915
42000 3.28915
42100 3.28964
42200 3.2901
42300 3.29055
42400 3.29097
42500 3.29138
42600 3.29176
42700 3.29213
42800 3.29249
42900 3.29282
43000 3.29315
43000 3.29315
43002 3.29315
43002 3.29315
43008 3.29148
43008 3.29148
43100 3.29184
43200 3.2922
43300 3.29255
43400 3.29289
43500 3.2932
43600 3.29351
43700 3.2938
43800 3.29408
43900 3.29434
