0 3.03099
0 3.03099
0 3.03099
2 3.03099
2 3.03099
100 3.03099
200 3.03099
300 3.03099
400 3.03099
500 3.03099
600 3.03099
700 3.03099
800 3.03099
900 3.03099
1000 3.03099
1000 3.03099
1100 3.03099
1200 3.03099
1300 3.03099
1400 3.03099
1500 3.03099
1600 3.03099
1700 3.03099
1800 3.03099
1900 3.03099
2000 3.03099
2000 3.03099
2048 3.03099
2048 3.03099
2050 3.03099
2050 3.03099
2100 3.03099
2200 3.03099
2300 3.03099
2400 3.03099
2500 3.03099
2600 3.03099
2700 3.03099
2800 3.03099
2900 3.03099
3000 3.03099
3000 3.03099
3100 3.03099
3200 3.03099
3300 3.03099
3400 3.03099
3500 3.03099
3600 3.03099
3700 3.03099
3800 3.03099
3900 3.03099
4000 3.03099
4000 3.03099
4096 3.03099
4096 3.03099
4098 3.03099
4098 3.03099
4100 3.03099
4200 3.03099
4300 3.03099
4400 3.03099
4500 3.03099
4502 3.03099
4502 3.03099
4504 3.03099
4504 3.03099
4504 3.03099
4504 3.03099
4505 3.03099
4505 3.03099
4505 3.03099
4505 3.03099
4506 3.03099
4506 3.03099
4506 3.03099
4506 3.03099
4507 3.03099
4507 3.03099
4600 3.03099
4700 3.03099
4800 3.03099
4900 3.03099
5000 3.03099
5000 3.03099
5100 3.03099
5200 3.03099
5300 3.03099
5400 3.03099
5500 3.03099
5600 3.03099
5700 3.03099
5800 3.03099
5900 3.03099
6000 3.03099
6000 3.03099
6100 3.03099
6144 3.03099
6144 3.03099
6146 2.97923
6146 2.97923
6146 2.97923
6146 2.97923
6200 2.98002
6300 2.98148
6400 2.98294
6500 2.98439
6600 2.98583
6700 2.98727
6800 2.9887
6900 2.99012
7000 2.99154
7000 2.99154
7100 2.99295
7200 2.99435
7300 2.99575
7400 2.99714
7500 2.99853
7600 2.9999
7700 3.00128
7800 3.00264
7900 3.004
8000 3.00535
8000 3.00535
8100 3.0067
8186 3.00786
8186 3.00786
8192 2.97723
8192 2.97723
8194 2.92244
8194 2.92244
8194 2.92244
8194 2.92244
8200 2.92254
8300 2.92427
8400 2.92599
8500 2.9277
8600 2.9294
8700 2.9311
8800 2.93278
8900 2.93446
9000 2.93614
9000 2.93614
9100 2.9378
9200 2.93946
9300 2.94111
9400 2.94275
9500 2.94438
9600 2.94601
9700 2.94763
9800 2.94924
9900 2.95084
10000 2.95244
10000 2.95244
10082 2.95375
10082 2.95375
10082 2.95375
10082 2.95375
10082 2.95375
10086 2.72831
10086 2.72831
10087 2.72751
10087 2.72751
10088 2.70459
10088 2.70459
10088 2.70459
10088 2.70459
10100 2.70492
10200 2.70764
10234 2.70857
10234 2.70857
10240 2.68108
10240 2.68108
10242 2.63533
10242 2.63533
10242 2.63533
10242 2.63533
10300 2.63709
10400 2.64013
10500 2.64315
10600 2.64615
10700 2.64915
10800 2.65213
10900 2.65509
11000 2.65804
11000 2.65804
11100 2.66098
11200 2.66391
11300 2.66682
11400 2.66972
11500 2.6726
11600 2.67547
11700 2.67833
11800 2.68118
11900 2.68401
12000 2.68683
12000 2.68683
12100 2.68963
12200 2.69243
12282 2.69472
12282 2.69472
12288 2.66737
12288 2.66737
12290 2.61567
12290 2.61567
12290 2.61567
12290 2.61567
12300 2.61597
12400 2.6191
12500 2.62222
12600 2.62532
12700 2.62841
12800 2.63148
12900 2.63454
13000 2.63759
13000 2.63759
13100 2.64062
13200 2.64364
13300 2.64664
13400 2.64963
13500 2.65261
13600 2.65557
13700 2.65852
13800 2.66146
13900 2.66438
14000 2.66729
14000 2.66729
14100 2.67019
14200 2.67307
14300 2.67594
14330 2.67681
14330 2.67681
14336 2.64965
14336 2.64965
14400 2.65155
14500 2.65452
14600 2.65747
14700 2.66042
14800 2.66334
14900 2.66626
15000 2.66916
15000 2.66916
15100 2.67204
15200 2.67492
15300 2.67778
15400 2.68063
15500 2.68346
15600 2.68628
15700 2.68909
15800 2.69189
15900 2.69467
16000 2.69744
16000 2.69744
16100 2.7002
16200 2.70295
16300 2.70568
16378 2.70781
16378 2.70781
16384 2.68032
16384 2.68032
16386 2.63103
16386 2.63103
16386 2.63103
16386 2.63103
16400 2.63146
16500 2.63452
16600 2.63756
16700 2.64059
16800 2.64361
16900 2.64662
17000 2.64961
17000 2.64961
17100 2.65258
17200 2.65555
17300 2.6585
17400 2.66143
17500 2.66436
17600 2.66727
17700 2.67016
17800 2.67304
17900 2.67591
18000 2.67877
18000 2.67877
18100 2.68161
18200 2.68444
18300 2.68726
18400 2.69007
18426 2.6908
18426 2.6908
18432 2.66349
18432 2.66349
18434 2.61805
18434 2.61805
18434 2.61805
18434 2.61805
18500 2.62011
18600 2.62322
18700 2.62632
18800 2.6294
18900 2.63247
19000 2.63552
19000 2.63552
19100 2.63857
19200 2.64159
19300 2.64461
19400 2.64761
19500 2.65059
19600 2.65357
19700 2.65652
19800 2.65947
19900 2.6624
20000 2.66532
20000 2.66532
20082 2.66772
20082 2.66772
20082 2.66772
20082 2.66772
20082 2.66772
20086 2.46417
20086 2.46417
20087 2.46345
20087 2.46345
20088 2.44276
20088 2.44276
20088 2.44276
20088 2.44276
20100 2.44323
20200 2.44716
20300 2.45106
20400 2.45495
20474 2.45783
20474 2.45783
20480 2.43295
20480 2.43295
20482 2.38583
20482 2.38583
20482 2.38583
20482 2.38583
20500 2.38657
20600 2.39075
20700 2.39491
20800 2.39906
20900 2.40318
21000 2.40729
21000 2.40729
21100 2.41138
21200 2.41545
21300 2.41949
21400 2.42353
21500 2.42754
21600 2.43153
21700 2.43551
21800 2.43947
21900 2.44341
22000 2.44733
22000 2.44733
22100 2.45123
22200 2.45512
22300 2.45899
22400 2.46284
22500 2.46667
22522 2.46753
22522 2.46753
22528 2.44255
22528 2.44255
22600 2.44538
22700 2.44929
22800 2.45319
22900 2.45706
23000 2.46092
23000 2.46092
23100 2.46476
23200 2.46859
23300 2.47239
23400 2.47618
23500 2.47995
23600 2.48371
23700 2.48745
23800 2.49117
23900 2.49487
24000 2.49855
24000 2.49855
24100 2.50222
24200 2.50588
24300 2.50951
24400 2.51313
24500 2.51673
24570 2.51926
24570 2.51926
24576 2.49374
24576 2.49374
24578 2.44791
24578 2.44791
24578 2.44791
24578 2.44791
24600 2.44876
24700 2.45265
24800 2.45653
24900 2.4604
25000 2.46424
25000 2.46424
25100 2.46807
25200 2.47187
25300 2.47567
25400 2.47944
25500 2.4832
25600 2.48694
25700 2.49066
25800 2.49436
25900 2.49805
26000 2.50172
26000 2.50172
26100 2.50538
26200 2.50901
26300 2.51264
26400 2.51624
26500 2.51983
26600 2.5234
26618 2.52406
26618 2.52406
26624 2.49849
26624 2.49849
26626 2.45588
26626 2.45588
26626 2.45588
26626 2.45588
26700 2.45874
26800 2.46259
26900 2.46642
27000 2.47024
27000 2.47024
27100 2.47404
27200 2.47782
27300 2.48158
27400 2.48533
27500 2.48906
27600 2.49277
27700 2.49647
27800 2.50014
27900 2.50381
28000 2.50745
28000 2.50745
28100 2.51108
28200 2.51469
28300 2.51829
28400 2.52187
28500 2.52543
28600 2.52897
28666 2.53132
28666 2.53132
28672 2.50568
28672 2.50568
28674 2.45962
28674 2.45962
28674 2.45962
28674 2.45962
28700 2.46061
28800 2.46446
28900 2.46828
29000 2.47209
29000 2.47209
29100 2.47588
29200 2.47965
29300 2.48341
29400 2.48715
29500 2.49087
29600 2.49457
29700 2.49826
29800 2.50193
29900 2.50558
30000 2.50922
30000 2.50922
30082 2.51221
30082 2.51221
30082 2.51221
30082 2.51221
30082 2.51221
30086 2.32056
30086 2.32056
30087 2.31989
30087 2.31989
30088 2.30042
30088 2.30042
30088 2.30042
30088 2.30042
30100 2.30096
30200 2.30554
30300 2.31009
30400 2.31462
30500 2.31913
30600 2.32363
30700 2.3281
30714 2.32874
30714 2.32874
30720 2.30522
30720 2.30522
30722 2.26592
30722 2.26592
30722 2.26592
30722 2.26592
30800 2.26962
30900 2.27433
31000 2.27903
31000 2.27903
31100 2.2837
31200 2.28836
31300 2.29299
31400 2.2976
31500 2.30219
31600 2.30676
31700 2.31131
31800 2.31583
31900 2.32034
32000 2.32483
32000 2.32483
32100 2.32929
32200 2.33374
32300 2.33816
32400 2.34256
32500 2.34695
32600 2.35131
32700 2.35566
32762 2.35836
32762 2.35836
32768 2.33452
32768 2.33452
32770 2.28932
32770 2.28932
32770 2.28932
32770 2.28932
32800 2.29069
32900 2.29531
33000 2.29992
33000 2.29992
33100 2.30449
33200 2.30905
33300 2.31359
33400 2.31811
33500 2.3226
33600 2.32708
33700 2.33153
33800 2.33597
33900 2.34038
34000 2.34477
34000 2.34477
34100 2.34915
34200 2.3535
34300 2.35783
34400 2.36215
34500 2.36644
34600 2.37072
34700 2.37497
34800 2.37921
34810 2.37965
34810 2.37965
34816 2.35559
34816 2.35559
34900 2.35922
35000 2.36353
35000 2.36353
35100 2.36782
35200 2.37209
35300 2.37634
35400 2.38056
35500 2.38477
35600 2.38896
35700 2.39314
35800 2.39729
35900 2.40142
36000 2.40553
36000 2.40553
36100 2.40963
36200 2.41371
36300 2.41776
36400 2.4218
36500 2.42582
36600 2.42983
36700 2.43381
36800 2.43778
36858 2.44008
36858 2.44008
36864 2.4154
36864 2.4154
36866 2.37101
36866 2.37101
36866 2.37101
36866 2.37101
36900 2.37245
37000 2.3767
37000 2.3767
37100 2.38092
37200 2.38513
37300 2.38932
37400 2.39349
37500 2.39764
37600 2.40177
37700 2.40588
37800 2.40998
37900 2.41405
38000 2.41811
38000 2.41811
38100 2.42215
38200 2.42617
38300 2.43017
38400 2.43415
38500 2.43811
38600 2.44206
38700 2.44599
38800 2.4499
38900 2.45379
38906 2.45404
38906 2.45404
38912 2.4292
38912 2.4292
38914 2.38778
38914 2.38778
38914 2.38778
38914 2.38778
39000 2.39137
39000 2.39137
39100 2.39553
39200 2.39967
39300 2.4038
39400 2.4079
39500 2.41198
39600 2.41605
39700 2.4201
39800 2.42412
39900 2.42813
40000 2.43213
40000 2.43213
40082 2.43541
40082 2.43541
40082 2.43541
40082 2.43541
40082 2.43541
40086 2.24964
40086 2.24964
40087 2.24898
40087 2.24898
40088 2.23011
40088 2.23011
40088 2.23011
40088 2.23011
40100 2.2307
40200 2.23559
40300 2.24047
40400 2.24532
40500 2.25015
40600 2.25496
40700 2.25974
40800 2.2645
40900 2.26925
40954 2.27182
40954 2.27182
40960 2.24889
40960 2.24889
40962 2.20535
40962 2.20535
40962 2.20535
40962 2.20535
41000 2.20725
41000 2.20725
41100 2.21225
41200 2.21723
41300 2.22219
41400 2.22712
41500 2.23204
41600 2.23693
41700 2.24179
41800 2.24664
41900 2.25146
42000 2.25626
42000 2.25626
42100 2.26104
42200 2.2658
42300 2.27054
42400 2.27525
42500 2.27994
42600 2.28461
42700 2.28926
42800 2.29389
42900 2.2985
43000 2.30308
43000 2.30308
43002 2.30319
43002 2.30319
43008 2.27994
43008 2.27994
43100 2.28423
43200 2.28889
43300 2.29351
43400 2.29812
43500 2.30271
43600 2.30728
43700 2.31182
43800 2.31635
43900 2.32085
