0 3.03099
0 3.03099
0 3.03099
2 3.03099
2 3.03099
100 3.03099
200 3.03099
300 3.03099
400 3.03099
500 3.03099
600 3.03099
700 3.03099
800 3.03099
900 3.03099
1000 3.03099
1000 3.03099
1100 3.03099
1200 3.03099
1300 3.03099
1400 3.03099
1500 3.03099
1600 3.03099
1700 3.03099
1800 3.03099
1900 3.03099
2000 3.03099
2000 3.03099
2048 3.03099
2048 3.03099
2050 3.03099
2050 3.03099
2100 3.03099
2200 3.03099
2300 3.03099
2400 3.03099
2500 3.03099
2600 3.03099
2700 3.03099
2800 3.03099
2900 3.03099
3000 3.03099
3000 3.03099
3100 3.03099
3200 3.03099
3300 3.03099
3400 3.03099
3500 3.03099
3600 3.03099
3700 3.03099
3800 3.03099
3900 3.03099
4000 3.03099
4000 3.03099
4096 3.03099
4096 3.03099
4098 3.03099
4098 3.03099
4100 3.03099
4200 3.03099
4300 3.03099
4400 3.03099
4500 3.03099
4502 3.03099
4502 3.03099
4504 3.03099
4504 3.03099
4504 3.03099
4504 3.03099
4505 3.03099
4505 3.03099
4505 3.03099
4505 3.03099
4506 3.03099
4506 3.03099
4506 3.03099
4506 3.03099
4507 3.03099
4507 3.03099
4600 3.03099
4700 3.03099
4800 3.03099
4900 3.03099
5000 3.03099
5000 3.03099
5100 3.03099
5200 3.03099
5300 3.03099
5400 3.03099
5500 3.03099
5600 3.03099
5700 3.03099
5800 3.03099
5900 3.03099
6000 3.03099
6000 3.03099
6100 3.03099
6144 3.03099
6144 3.03099
6146 3.02577
6146 3.02577
6146 3.02577
6146 3.02577
6200 3.02591
6300 3.02616
6400 3.02641
6500 3.02666
6600 3.02691
6700 3.02716
6800 3.02741
6900 3.02766
7000 3.02791
7000 3.02791
7100 3.02816
7200 3.02841
7300 3.02866
7400 3.02891
7500 3.02916
7600 3.02941
7700 3.02965
7800 3.0299
7900 3.03015
8000 3.0304
8000 3.0304
8100 3.03064
8186 3.03086
8186 3.03086
8192 3.02776
8192 3.02776
8194 3.02215
8194 3.02215
8194 3.02215
8194 3.02215
8200 3.02216
8300 3.02242
8400 3.02267
8500 3.02293
8600 3.02318
8700 3.02343
8800 3.02369
8900 3.02394
9000 3.02419
9000 3.02419
9100 3.02445
9200 3.0247
9300 3.02495
9400 3.0252
9500 3.02545
9600 3.02571
9700 3.02596
9800 3.02621
9900 3.02646
10000 3.02671
10000 3.02671
10082 3.02692
10082 3.02692
10082 3.02692
10082 3.02692
10082 3.02692
10086 3.00298
10086 3.00298
10087 3.00289
10087 3.00289
10088 3.00036
10088 3.00036
10088 3.00036
10088 3.00036
10100 3.00039
10200 3.00067
10234 3.00076
10234 3.00076
10240 2.9977
10240 2.9977
10242 2.99255
10242 2.99255
10242 2.99255
10242 2.99255
10300 2.99271
10400 2.99299
10500 2.99327
10600 2.99355
10700 2.99383
10800 2.99412
10900 2.9944
11000 2.99468
11000 2.99468
11100 2.99496
11200 2.99524
11300 2.99552
11400 2.99579
11500 2.99607
11600 2.99635
11700 2.99663
11800 2.99691
11900 2.99719
12000 2.99746
12000 2.99746
12100 2.99774
12200 2.99802
12282 2.99825
12282 2.99825
12288 2.99519
12288 2.99519
12290 2.98933
12290 2.98933
12290 2.98933
12290 2.98933
12300 2.98936
12400 2.98964
12500 2.98993
12600 2.99021
12700 2.99049
12800 2.99078
12900 2.99106
13000 2.99135
13000 2.99135
13100 2.99163
13200 2.99191
13300 2.99219
13400 2.99248
13500 2.99276
13600 2.99304
13700 2.99332
13800 2.9936
13900 2.99388
14000 2.99416
14000 2.99416
14100 2.99444
14200 2.99472
14300 2.995
14330 2.99509
14330 2.99509
14336 2.99203
14336 2.99203
14400 2.99221
14500 2.9925
14600 2.99278
14700 2.99306
14800 2.99334
14900 2.99362
15000 2.9939
15000 2.9939
15100 2.99418
15200 2.99447
15300 2.99475
15400 2.99503
15500 2.9953
15600 2.99558
15700 2.99586
15800 2.99614
15900 2.99642
16000 2.9967
16000 2.9967
16100 2.99698
16200 2.99726
16300 2.99753
16378 2.99775
16378 2.99775
16384 2.99469
16384 2.99469
16386 2.98914
16386 2.98914
16386 2.98914
16386 2.98914
16400 2.98918
16500 2.98946
16600 2.98975
16700 2.99003
16800 2.99031
16900 2.9906
17000 2.99088
17000 2.99088
17100 2.99117
17200 2.99145
17300 2.99173
17400 2.99201
17500 2.9923
17600 2.99258
17700 2.99286
17800 2.99314
17900 2.99342
18000 2.99371
18000 2.99371
18100 2.99399
18200 2.99427
18300 2.99455
18400 2.99483
18426 2.9949
18426 2.9949
18432 2.99185
18432 2.99185
18434 2.9867
18434 2.9867
18434 2.9867
18434 2.9867
18500 2.98689
18600 2.98718
18700 2.98746
18800 2.98775
18900 2.98804
19000 2.98832
19000 2.98832
19100 2.98861
19200 2.98889
19300 2.98918
19400 2.98946
19500 2.98975
19600 2.99003
19700 2.99032
19800 2.9906
19900 2.99088
20000 2.99117
20000 2.99117
20082 2.9914
20082 2.9914
20082 2.9914
20082 2.9914
20082 2.9914
20086 2.96775
20086 2.96775
20087 2.96766
20087 2.96766
20088 2.96516
20088 2.96516
20088 2.96516
20088 2.96516
20100 2.9652
20200 2.9655
20300 2.96581
20400 2.96612
20474 2.96634
20474 2.96634
20480 2.96332
20480 2.96332
20482 2.95752
20482 2.95752
20482 2.95752
20482 2.95752
20500 2.95758
20600 2.95789
20700 2.95821
20800 2.95852
20900 2.95883
21000 2.95915
21000 2.95915
21100 2.95946
21200 2.95977
21300 2.96008
21400 2.9604
21500 2.96071
21600 2.96102
21700 2.96133
21800 2.96164
21900 2.96195
22000 2.96226
22000 2.96226
22100 2.96257
22200 2.96288
22300 2.96319
22400 2.9635
22500 2.96381
22522 2.96387
22522 2.96387
22528 2.96085
22528 2.96085
22600 2.96108
22700 2.96139
22800 2.9617
22900 2.96201
23000 2.96232
23000 2.96232
23100 2.96263
23200 2.96294
23300 2.96325
23400 2.96355
23500 2.96386
23600 2.96417
23700 2.96448
23800 2.96479
23900 2.96509
24000 2.9654
24000 2.9654
24100 2.96571
24200 2.96601
24300 2.96632
24400 2.96663
24500 2.96693
24570 2.96715
24570 2.96715
24576 2.96412
24576 2.96412
24578 2.95862
24578 2.95862
24578 2.95862
24578 2.95862
24600 2.95869
24700 2.95901
24800 2.95932
24900 2.95963
25000 2.95994
25000 2.95994
25100 2.96026
25200 2.96057
25300 2.96088
25400 2.96119
25500 2.9615
25600 2.96181
25700 2.96212
25800 2.96243
25900 2.96274
26000 2.96305
26000 2.96305
26100 2.96336
26200 2.96367
26300 2.96398
26400 2.96428
26500 2.96459
26600 2.9649
26618 2.96496
26618 2.96496
26624 2.96193
26624 2.96193
26626 2.95684
26626 2.95684
26626 2.95684
26626 2.95684
26700 2.95707
26800 2.95739
26900 2.9577
27000 2.95801
27000 2.95801
27100 2.95833
27200 2.95864
27300 2.95895
27400 2.95927
27500 2.95958
27600 2.95989
27700 2.9602
27800 2.96051
27900 2.96083
28000 2.96114
28000 2.96114
28100 2.96145
28200 2.96176
28300 2.96207
28400 2.96238
28500 2.96269
28600 2.963
28666 2.9632
28666 2.9632
28672 2.96018
28672 2.96018
28674 2.95469
28674 2.95469
28674 2.95469
28674 2.95469
28700 2.95477
28800 2.95509
28900 2.95541
29000 2.95572
29000 2.95572
29100 2.95604
29200 2.95635
29300 2.95667
29400 2.95698
29500 2.9573
29600 2.95761
29700 2.95793
29800 2.95824
29900 2.95855
30000 2.95887
30000 2.95887
30082 2.95912
30082 2.95912
30082 2.95912
30082 2.95912
30082 2.95912
30086 2.93573
30086 2.93573
30087 2.93564
30087 2.93564
30088 2.93317
30088 2.93317
30088 2.93317
30088 2.93317
30100 2.93321
30200 2.93354
30300 2.93388
30400 2.93421
30500 2.93455
30600 2.93489
30700 2.93522
30714 2.93527
30714 2.93527
30720 2.93228
30720 2.93228
30722 2.92723
30722 2.92723
30722 2.92723
30722 2.92723
30800 2.9275
30900 2.92784
31000 2.92818
31000 2.92818
31100 2.92853
31200 2.92887
31300 2.92921
31400 2.92955
31500 2.92989
31600 2.93023
31700 2.93056
31800 2.9309
31900 2.93124
32000 2.93158
32000 2.93158
32100 2.93192
32200 2.93226
32300 2.93259
32400 2.93293
32500 2.93327
32600 2.9336
32700 2.93394
32762 2.93415
32762 2.93415
32768 2.93116
32768 2.93116
32770 2.92543
32770 2.92543
32770 2.92543
32770 2.92543
32800 2.92553
32900 2.92587
33000 2.92622
33000 2.92622
33100 2.92656
33200 2.9269
33300 2.92724
33400 2.92758
33500 2.92793
33600 2.92827
33700 2.92861
33800 2.92895
33900 2.92929
34000 2.92963
34000 2.92963
34100 2.92997
34200 2.93031
34300 2.93065
34400 2.93099
34500 2.93132
34600 2.93166
34700 2.932
34800 2.93234
34810 2.93237
34810 2.93237
34816 2.92938
34816 2.92938
34900 2.92967
35000 2.93001
35000 2.93001
35100 2.93035
35200 2.93069
35300 2.93103
35400 2.93137
35500 2.9317
35600 2.93204
35700 2.93238
35800 2.93272
35900 2.93305
36000 2.93339
36000 2.93339
36100 2.93373
36200 2.93406
36300 2.9344
36400 2.93473
36500 2.93507
36600 2.9354
36700 2.93574
36800 2.93607
36858 2.93627
36858 2.93627
36864 2.93327
36864 2.93327
36866 2.92783
36866 2.92783
36866 2.92783
36866 2.92783
36900 2.92795
37000 2.92829
37000 2.92829
37100 2.92863
37200 2.92897
37300 2.92931
37400 2.92965
37500 2.92999
37600 2.93033
37700 2.93067
37800 2.93101
37900 2.93135
38000 2.93169
38000 2.93169
38100 2.93202
38200 2.93236
38300 2.9327
38400 2.93303
38500 2.93337
38600 2.93371
38700 2.93404
38800 2.93438
38900 2.93471
38906 2.93474
38906 2.93474
38912 2.93174
38912 2.93174
38914 2.9267
38914 2.9267
38914 2.9267
38914 2.9267
39000 2.927
39000 2.927
39100 2.92734
39200 2.92768
39300 2.92802
39400 2.92836
39500 2.9287
39600 2.92905
39700 2.92939
39800 2.92973
39900 2.93007
40000 2.9304
40000 2.9304
40082 2.93068
40082 2.93068
40082 2.93068
40082 2.93068
40082 2.93068
40086 2.90751
40086 2.90751
40087 2.90743
40087 2.90743
40088 2.90498
40088 2.90498
40088 2.90498
40088 2.90498
40100 2.90502
40200 2.90538
40300 2.90575
40400 2.90611
40500 2.90647
40600 2.90683
40700 2.90719
40800 2.90755
40900 2.90791
40954 2.90811
40954 2.90811
40960 2.90514
40960 2.90514
40962 2.89946
40962 2.89946
40962 2.89946
40962 2.89946
41000 2.8996
41000 2.8996
41100 2.89997
41200 2.90034
41300 2.9007
41400 2.90107
41500 2.90143
41600 2.9018
41700 2.90217
41800 2.90253
41900 2.90289
42000 2.90326
42000 2.90326
42100 2.90362
42200 2.90399
42300 2.90435
42400 2.90471
42500 2.90508
42600 2.90544
42700 2.9058
42800 2.90616
42900 2.90652
43000 2.90688
43000 2.90688
43002 2.90689
43002 2.90689
43008 2.90393
43008 2.90393
43100 2.90426
43200 2.90463
43300 2.90499
43400 2.90535
43500 2.90571
43600 2.90608
43700 2.90644
43800 2.9068
43900 2.90716
