0 3.03099
0 3.03099
0 3.03099
2 3.03099
2 3.03099
100 3.03099
200 3.03099
300 3.03099
400 3.03099
500 3.03099
600 3.03099
700 3.03099
800 3.03099
900 3.03099
1000 3.03099
1000 3.03099
1100 3.03099
1200 3.03099
1300 3.03099
1400 3.03099
1500 3.03099
1600 3.03099
1700 3.03099
1800 3.03099
1900 3.03099
2000 3.03099
2000 3.03099
2048 3.03099
2048 3.03099
2050 3.03099
2050 3.03099
2100 3.03099
2200 3.03099
2300 3.03099
2400 3.03099
2500 3.03099
2600 3.03099
2700 3.03099
2800 3.03099
2900 3.03099
3000 3.03099
3000 3.03099
3100 3.03099
3200 3.03099
3300 3.03099
3400 3.03099
3500 3.03099
3600 3.03099
3700 3.03099
3800 3.03099
3900 3.03099
4000 3.03099
4000 3.03099
4096 3.03099
4096 3.03099
4098 3.03099
4098 3.03099
4100 3.03099
4200 3.03099
4300 3.03099
4400 3.03099
4500 3.03099
4502 3.03099
4502 3.03099
4504 3.03099
4504 3.03099
4504 3.03099
4504 3.03099
4505 3.03099
4505 3.03099
4505 3.03099
4505 3.03099
4506 3.03099
4506 3.03099
4506 3.03099
4506 3.03099
4507 3.03099
4507 3.03099
4600 3.03099
4700 3.03099
4800 3.03099
4900 3.03099
5000 3.03099
5000 3.03099
5100 3.03099
5200 3.03099
5300 3.03099
5400 3.03099
5500 3.03099
5600 3.03099
5700 3.03099
5800 3.03099
5900 3.03099
6000 3.03099
6000 3.03099
6100 3.03099
6144 3.03099
6144 3.03099
6146 3.0284
6146 3.0284
6146 3.0284
6146 3.0284
6200 3.02907
6300 3.03031
6400 3.03155
6500 3.03278
6600 3.034
6700 3.03522
6800 3.03643
6900 3.03764
7000 3.03884
7000 3.03884
7100 3.04004
7200 3.04123
7300 3.04242
7400 3.0436
7500 3.04477
7600 3.04594
7700 3.0471
7800 3.04826
7900 3.04941
8000 3.05056
8000 3.05056
8100 3.0517
8186 3.05269
8186 3.05269
8192 3.05119
8192 3.05119
8194 3.04838
8194 3.04838
8194 3.04838
8194 3.04838
8200 3.04844
8300 3.0496
8400 3.05074
8500 3.05188
8600 3.05302
8700 3.05415
8800 3.05528
8900 3.0564
9000 3.05751
9000 3.05751
9100 3.05863
9200 3.05973
9300 3.06083
9400 3.06193
9500 3.06302
9600 3.0641
9700 3.06518
9800 3.06626
9900 3.06733
10000 3.06839
10000 3.06839
10082 3.06927
10082 3.06927
10082 3.06927
10082 3.06927
10082 3.06927
10086 3.05715
10086 3.05715
10087 3.05711
10087 3.05711
10088 3.05583
10088 3.05583
10088 3.05583
10088 3.05583
10100 3.05596
10200 3.05708
10234 3.05747
10234 3.05747
10240 3.05596
10240 3.05596
10242 3.05335
10242 3.05335
10242 3.05335
10242 3.05335
10300 3.05401
10400 3.05513
10500 3.05625
10600 3.05737
10700 3.05848
10800 3.05959
10900 3.06069
11000 3.06178
11000 3.06178
11100 3.06288
11200 3.06396
11300 3.06504
11400 3.06612
11500 3.06719
11600 3.06826
11700 3.06932
11800 3.07037
11900 3.07143
12000 3.07247
12000 3.07247
12100 3.07352
12200 3.07455
12282 3.0754
12282 3.0754
12288 3.07388
12288 3.07388
12290 3.0709
12290 3.0709
12290 3.0709
12290 3.0709
12300 3.071
12400 3.07205
12500 3.07309
12600 3.07413
12700 3.07517
12800 3.0762
12900 3.07722
13000 3.07824
13000 3.07824
13100 3.07926
13200 3.08027
13300 3.08128
13400 3.08228
13500 3.08327
13600 3.08427
13700 3.08525
13800 3.08624
13900 3.08722
14000 3.08819
14000 3.08819
14100 3.08916
14200 3.09013
14300 3.09109
14330 3.09138
14330 3.09138
14336 3.08985
14336 3.08985
14400 3.09047
14500 3.09142
14600 3.09238
14700 3.09333
14800 3.09428
14900 3.09522
15000 3.09616
15000 3.09616
15100 3.09709
15200 3.09802
15300 3.09895
15400 3.09987
15500 3.10078
15600 3.1017
15700 3.1026
15800 3.10351
15900 3.10441
16000 3.1053
16000 3.1053
16100 3.1062
16200 3.10708
16300 3.10797
16378 3.10866
16378 3.10866
16384 3.10711
16384 3.10711
16386 3.10425
16386 3.10425
16386 3.10425
16386 3.10425
16400 3.10437
16500 3.10527
16600 3.10616
16700 3.10704
16800 3.10793
16900 3.10881
17000 3.10968
17000 3.10968
17100 3.11056
17200 3.11142
17300 3.11229
17400 3.11315
17500 3.114
17600 3.11485
17700 3.1157
17800 3.11655
17900 3.11739
18000 3.11822
18000 3.11822
18100 3.11906
18200 3.11988
18300 3.12071
18400 3.12153
18426 3.12175
18426 3.12175
18432 3.12019
18432 3.12019
18434 3.11752
18434 3.11752
18434 3.11752
18434 3.11752
18500 3.11807
18600 3.11891
18700 3.11974
18800 3.12056
18900 3.12138
19000 3.1222
19000 3.1222
19100 3.12302
19200 3.12383
19300 3.12463
19400 3.12544
19500 3.12624
19600 3.12703
19700 3.12782
19800 3.12861
19900 3.1294
20000 3.13018
20000 3.13018
20082 3.13082
20082 3.13082
20082 3.13082
20082 3.13082
20082 3.13082
20086 3.11845
20086 3.11845
20087 3.1184
20087 3.1184
20088 3.11709
20088 3.11709
20088 3.11709
20088 3.11709
20100 3.11719
20200 3.11803
20300 3.11886
20400 3.11969
20474 3.12031
20474 3.12031
20480 3.11875
20480 3.11875
20482 3.11572
20482 3.11572
20482 3.11572
20482 3.11572
20500 3.11587
20600 3.11671
20700 3.11755
20800 3.11839
20900 3.11922
21000 3.12005
21000 3.12005
21100 3.12087
21200 3.12169
21300 3.12251
21400 3.12332
21500 3.12413
21600 3.12494
21700 3.12574
21800 3.12654
21900 3.12733
22000 3.12812
22000 3.12812
22100 3.12891
22200 3.12969
22300 3.13047
22400 3.13125
22500 3.13202
22522 3.13219
22522 3.13219
22528 3.13063
22528 3.13063
22600 3.13119
22700 3.13196
22800 3.13273
22900 3.1335
23000 3.13426
23000 3.13426
23100 3.13502
23200 3.13578
23300 3.13653
23400 3.13728
23500 3.13802
23600 3.13876
23700 3.1395
23800 3.14024
23900 3.14097
24000 3.1417
24000 3.1417
24100 3.14242
24200 3.14314
24300 3.14386
24400 3.14458
24500 3.14529
24570 3.14579
24570 3.14579
24576 3.14421
24576 3.14421
24578 3.14131
24578 3.14131
24578 3.14131
24578 3.14131
24600 3.14147
24700 3.14219
24800 3.14292
24900 3.14364
25000 3.14435
25000 3.14435
25100 3.14507
25200 3.14578
25300 3.14648
25400 3.14719
25500 3.14788
25600 3.14858
25700 3.14928
25800 3.14997
25900 3.15065
26000 3.15134
26000 3.15134
26100 3.15202
26200 3.1527
26300 3.15337
26400 3.15404
26500 3.15471
26600 3.15538
26618 3.1555
26618 3.1555
26624 3.15392
26624 3.15392
26626 3.15121
26626 3.15121
26626 3.15121
26626 3.15121
26700 3.15172
26800 3.1524
26900 3.15307
27000 3.15375
27000 3.15375
27100 3.15442
27200 3.15508
27300 3.15575
27400 3.15641
27500 3.15706
27600 3.15772
27700 3.15837
27800 3.15902
27900 3.15966
28000 3.16031
28000 3.16031
28100 3.16095
28200 3.16158
28300 3.16222
28400 3.16285
28500 3.16348
28600 3.1641
28666 3.16452
28666 3.16452
28672 3.16293
28672 3.16293
28674 3.16
28674 3.16
28674 3.16
28674 3.16
28700 3.16017
28800 3.16081
28900 3.16145
29000 3.16208
29000 3.16208
29100 3.16271
29200 3.16334
29300 3.16397
29400 3.16459
29500 3.16521
29600 3.16583
29700 3.16644
29800 3.16705
29900 3.16766
30000 3.16827
30000 3.16827
30082 3.16877
30082 3.16877
30082 3.16877
30082 3.16877
30082 3.16877
30086 3.15624
30086 3.15624
30087 3.15619
30087 3.15619
30088 3.15486
30088 3.15486
30088 3.15486
30088 3.15486
30100 3.15494
30200 3.15561
30300 3.15627
30400 3.15693
30500 3.15758
30600 3.15824
30700 3.15888
30714 3.15898
30714 3.15898
30720 3.15739
30720 3.15739
30722 3.15469
30722 3.15469
30722 3.15469
30722 3.15469
30800 3.15521
30900 3.15587
31000 3.15653
31000 3.15653
31100 3.15719
31200 3.15784
31300 3.15849
31400 3.15914
31500 3.15979
31600 3.16043
31700 3.16107
31800 3.1617
31900 3.16234
32000 3.16297
32000 3.16297
32100 3.16359
32200 3.16422
32300 3.16484
32400 3.16546
32500 3.16608
32600 3.16669
32700 3.1673
32762 3.16768
32762 3.16768
32768 3.16609
32768 3.16609
32770 3.163
32770 3.163
32770 3.163
32770 3.163
32800 3.16319
32900 3.16382
33000 3.16444
33000 3.16444
33100 3.16506
33200 3.16568
33300 3.16629
33400 3.16691
33500 3.16752
33600 3.16812
33700 3.16873
33800 3.16933
33900 3.16993
34000 3.17052
34000 3.17052
34100 3.17111
34200 3.1717
34300 3.17229
34400 3.17288
34500 3.17346
34600 3.17404
34700 3.17462
34800 3.17519
34810 3.17525
34810 3.17525
34816 3.17365
34816 3.17365
34900 3.17414
35000 3.17472
35000 3.17472
35100 3.17529
35200 3.17586
35300 3.17643
35400 3.17699
35500 3.17756
35600 3.17812
35700 3.17868
35800 3.17923
35900 3.17979
36000 3.18034
36000 3.18034
36100 3.18088
36200 3.18143
36300 3.18197
36400 3.18251
36500 3.18305
36600 3.18359
36700 3.18412
36800 3.18465
36858 3.18496
36858 3.18496
36864 3.18336
36864 3.18336
36866 3.18041
36866 3.18041
36866 3.18041
36866 3.18041
36900 3.1806
37000 3.18114
37000 3.18114
37100 3.18169
37200 3.18223
37300 3.18277
37400 3.18331
37500 3.18384
37600 3.18437
37700 3.1849
37800 3.18543
37900 3.18595
38000 3.18648
38000 3.18648
38100 3.187
38200 3.18751
38300 3.18803
38400 3.18854
38500 3.18905
38600 3.18956
38700 3.19006
38800 3.19057
38900 3.19107
38906 3.1911
38906 3.1911
38912 3.18949
38912 3.18949
38914 3.18676
38914 3.18676
38914 3.18676
38914 3.18676
39000 3.1872
39000 3.1872
39100 3.18772
39200 3.18823
39300 3.18874
39400 3.18925
39500 3.18976
39600 3.19027
39700 3.19077
39800 3.19127
39900 3.19177
40000 3.19226
40000 3.19226
40082 3.19267
40082 3.19267
40082 3.19267
40082 3.19267
40082 3.19267
40086 3.18004
40086 3.18004
40087 3.17999
40087 3.17999
40088 3.17866
40088 3.17866
40088 3.17866
40088 3.17866
40100 3.17872
40200 3.17928
40300 3.17983
40400 3.18038
40500 3.18093
40600 3.18147
40700 3.18202
40800 3.18256
40900 3.18309
40954 3.18339
40954 3.18339
40960 3.18178
40960 3.18178
40962 3.17868
40962 3.17868
40962 3.17868
40962 3.17868
41000 3.17889
41000 3.17889
41100 3.17944
41200 3.18
41300 3.18055
41400 3.18109
41500 3.18164
41600 3.18218
41700 3.18272
41800 3.18326
41900 3.18379
42000 3.18432
42000 3.18432
42100 3.18485
42200 3.18538
42300 3.1859
42400 3.18643
42500 3.18695
42600 3.18747
42700 3.18798
42800 3.18849
42900 3.189
43000 3.18951
43000 3.18951
43002 3.18952
43002 3.18952
43008 3.18792
43008 3.18792
43100 3.18839
43200 3.1889
43300 3.18941
43400 3.18992
43500 3.19042
43600 3.19092
43700 3.19142
43800 3.19192
43900 3.19241
