0 3.03099
0 3.03099
0 3.03099
2 3.03099
2 3.03099
100 3.03099
200 3.03099
300 3.03099
400 3.03099
500 3.03099
600 3.03099
700 3.03099
800 3.03099
900 3.03099
1000 3.03099
1000 3.03099
1100 3.03099
1200 3.03099
1300 3.03099
1400 3.03099
1500 3.03099
1600 3.03099
1700 3.03099
1800 3.03099
1900 3.03099
2000 3.03099
2000 3.03099
2048 3.03099
2048 3.03099
2050 3.03099
2050 3.03099
2100 3.03099
2200 3.03099
2300 3.03099
2400 3.03099
2500 3.03099
2600 3.03099
2700 3.03099
2800 3.03099
2900 3.03099
3000 3.03099
3000 3.03099
3100 3.03099
3200 3.03099
3300 3.03099
3400 3.03099
3500 3.03099
3600 3.03099
3700 3.03099
3800 3.03099
3900 3.03099
4000 3.03099
4000 3.03099
4096 3.03099
4096 3.03099
4098 3.03099
4098 3.03099
4100 3.03099
4200 3.03099
4300 3.03099
4400 3.03099
4500 3.03099
4502 3.03099
4502 3.03099
4504 3.03099
4504 3.03099
4504 3.03099
4504 3.03099
4505 3.03099
4505 3.03099
4505 3.03099
4505 3.03099
4506 3.03099
4506 3.03099
4506 3.03099
4506 3.03099
4507 3.03099
4507 3.03099
4600 3.03099
4700 3.03099
4800 3.03099
4900 3.03099
5000 3.03099
5000 3.03099
5100 3.03099
5200 3.03099
5300 3.03099
5400 3.03099
5500 3.03099
5600 3.03099
5700 3.03099
5800 3.03099
5900 3.03099
6000 3.03099
6000 3.03099
6100 3.03099
6144 3.03099
6144 3.03099
6146 3.01364
6146 3.01364
6146 3.01364
6146 3.01364
6200 3.01411
6300 3.01499
6400 3.01586
6500 3.01673
6600 3.01759
6700 3.01845
6800 3.01931
6900 3.02017
7000 3.02102
7000 3.02102
7100 3.02187
7200 3.02272
7300 3.02357
7400 3.02441
7500 3.02526
7600 3.02609
7700 3.02693
7800 3.02776
7900 3.0286
8000 3.02942
8000 3.02942
8100 3.03025
8186 3.03096
8186 3.03096
8192 3.02066
8192 3.02066
8194 3.00202
8194 3.00202
8194 3.00202
8194 3.00202
8200 3.00208
8300 3.00299
8400 3.00389
8500 3.0048
8600 3.0057
8700 3.0066
8800 3.00749
8900 3.00838
9000 3.00928
9000 3.00928
9100 3.01016
9200 3.01105
9300 3.01193
9400 3.01281
9500 3.01369
9600 3.01456
9700 3.01543
9800 3.0163
9900 3.01717
10000 3.01803
10000 3.01803
10082 3.01874
10082 3.01874
10082 3.01874
10082 3.01874
10082 3.01874
10086 2.93991
10086 2.93991
10087 2.93962
10087 2.93962
10088 2.93137
10088 2.93137
10088 2.93137
10088 2.93137
10100 2.9315
10200 2.93263
10234 2.93301
10234 2.93301
10240 2.92306
10240 2.92306
10242 2.90634
10242 2.90634
10242 2.90634
10242 2.90634
10300 2.90704
10400 2.90824
10500 2.90944
10600 2.91063
10700 2.91182
10800 2.913
10900 2.91419
11000 2.91536
11000 2.91536
11100 2.91654
11200 2.91771
11300 2.91888
11400 2.92004
11500 2.9212
11600 2.92236
11700 2.92351
11800 2.92466
11900 2.92581
12000 2.92695
12000 2.92695
12100 2.92809
12200 2.92922
12282 2.93016
12282 2.93016
12288 2.92022
12288 2.92022
12290 2.90123
12290 2.90123
12290 2.90123
12290 2.90123
12300 2.90135
12400 2.90256
12500 2.90378
12600 2.90499
12700 2.90619
12800 2.9074
12900 2.9086
13000 2.90979
13000 2.90979
13100 2.91098
13200 2.91217
13300 2.91336
13400 2.91454
13500 2.91571
13600 2.91689
13700 2.91806
13800 2.91922
13900 2.92039
14000 2.92155
14000 2.92155
14100 2.9227
14200 2.92385
14300 2.925
14330 2.92535
14330 2.92535
14336 2.91543
14336 2.91543
14400 2.91618
14500 2.91735
14600 2.91852
14700 2.91968
14800 2.92085
14900 2.922
15000 2.92316
15000 2.92316
15100 2.92431
15200 2.92546
15300 2.9266
15400 2.92774
15500 2.92888
15600 2.93001
15700 2.93114
15800 2.93227
15900 2.93339
16000 2.93451
16000 2.93451
16100 2.93563
16200 2.93674
16300 2.93785
16378 2.93871
16378 2.93871
16384 2.92874
16384 2.92874
16386 2.91068
16386 2.91068
16386 2.91068
16386 2.91068
16400 2.91084
16500 2.91203
16600 2.91322
16700 2.9144
16800 2.91558
16900 2.91675
17000 2.91792
17000 2.91792
17100 2.91909
17200 2.92025
17300 2.92141
17400 2.92257
17500 2.92372
17600 2.92487
17700 2.92601
17800 2.92716
17900 2.9283
18000 2.92943
18000 2.92943
18100 2.93056
18200 2.93169
18300 2.93282
18400 2.93394
18426 2.93423
18426 2.93423
18432 2.92428
18432 2.92428
18434 2.90755
18434 2.90755
18434 2.90755
18434 2.90755
18500 2.90834
18600 2.90954
18700 2.91073
18800 2.91192
18900 2.9131
19000 2.91428
19000 2.91428
19100 2.91546
19200 2.91664
19300 2.91781
19400 2.91897
19500 2.92014
19600 2.9213
19700 2.92245
19800 2.92361
19900 2.92476
20000 2.9259
20000 2.9259
20082 2.92685
20082 2.92685
20082 2.92685
20082 2.92685
20082 2.92685
20086 2.85043
20086 2.85043
20087 2.85015
20087 2.85015
20088 2.84215
20088 2.84215
20088 2.84215
20088 2.84215
20100 2.84232
20200 2.84371
20300 2.84511
20400 2.8465
20474 2.84753
20474 2.84753
20480 2.83788
20480 2.83788
20482 2.81944
20482 2.81944
20482 2.81944
20482 2.81944
20500 2.8197
20600 2.82116
20700 2.82263
20800 2.82408
20900 2.82554
21000 2.82699
21000 2.82699
21100 2.82843
21200 2.82987
21300 2.83131
21400 2.83274
21500 2.83417
21600 2.83559
21700 2.83701
21800 2.83842
21900 2.83983
22000 2.84124
22000 2.84124
22100 2.84264
22200 2.84404
22300 2.84543
22400 2.84682
22500 2.8482
22522 2.84851
22522 2.84851
22528 2.83886
22528 2.83886
22600 2.83988
22700 2.84128
22800 2.84268
22900 2.84408
23000 2.84547
23000 2.84547
23100 2.84686
23200 2.84824
23300 2.84962
23400 2.851
23500 2.85237
23600 2.85374
23700 2.8551
23800 2.85646
23900 2.85782
24000 2.85917
24000 2.85917
24100 2.86051
24200 2.86185
24300 2.86319
24400 2.86453
24500 2.86586
24570 2.86679
24570 2.86679
24576 2.85708
24576 2.85708
24578 2.83946
24578 2.83946
24578 2.83946
24578 2.83946
24600 2.83977
24700 2.84117
24800 2.84258
24900 2.84397
25000 2.84537
25000 2.84537
25100 2.84675
25200 2.84814
25300 2.84952
25400 2.8509
25500 2.85227
25600 2.85363
25700 2.855
25800 2.85636
25900 2.85771
26000 2.85906
26000 2.85906
26100 2.86041
26200 2.86175
26300 2.86309
26400 2.86442
26500 2.86576
26600 2.86708
26618 2.86733
26618 2.86733
26624 2.85761
26624 2.85761
26626 2.84127
26626 2.84127
26626 2.84127
26626 2.84127
26700 2.84231
26800 2.8437
26900 2.8451
27000 2.84649
27000 2.84649
27100 2.84787
27200 2.84925
27300 2.85063
27400 2.852
27500 2.85337
27600 2.85473
27700 2.85609
27800 2.85745
27900 2.8588
28000 2.86015
28000 2.86015
28100 2.86149
28200 2.86283
28300 2.86417
28400 2.8655
28500 2.86683
28600 2.86815
28666 2.86902
28666 2.86902
28672 2.8593
28672 2.8593
28674 2.84167
28674 2.84167
28674 2.84167
28674 2.84167
28700 2.84204
28800 2.84343
28900 2.84483
29000 2.84622
29000 2.84622
29100 2.8476
29200 2.84899
29300 2.85036
29400 2.85174
29500 2.85311
29600 2.85447
29700 2.85583
29800 2.85719
29900 2.85854
30000 2.85989
30000 2.85989
30082 2.861
30082 2.861
30082 2.861
30082 2.861
30082 2.861
30086 2.78631
30086 2.78631
30087 2.78604
30087 2.78604
30088 2.77822
30088 2.77822
30088 2.77822
30088 2.77822
30100 2.77841
30200 2.78
30300 2.78159
30400 2.78318
30500 2.78475
30600 2.78633
30700 2.7879
30714 2.78812
30714 2.78812
30720 2.77869
30720 2.77869
30722 2.76281
30722 2.76281
30722 2.76281
30722 2.76281
30800 2.76409
30900 2.76572
31000 2.76736
31000 2.76736
31100 2.76898
31200 2.7706
31300 2.77222
31400 2.77383
31500 2.77544
31600 2.77704
31700 2.77864
31800 2.78023
31900 2.78182
32000 2.7834
32000 2.7834
32100 2.78498
32200 2.78656
32300 2.78812
32400 2.78969
32500 2.79125
32600 2.7928
32700 2.79435
32762 2.79531
32762 2.79531
32768 2.78586
32768 2.78586
32770 2.76775
32770 2.76775
32770 2.76775
32770 2.76775
32800 2.76824
32900 2.76986
33000 2.77148
33000 2.77148
33100 2.77309
33200 2.7747
33300 2.77631
33400 2.77791
33500 2.7795
33600 2.78109
33700 2.78268
33800 2.78426
33900 2.78583
34000 2.7874
34000 2.7874
34100 2.78897
34200 2.79053
34300 2.79209
34400 2.79364
34500 2.79518
34600 2.79673
34700 2.79826
34800 2.7998
34810 2.79996
34810 2.79996
34816 2.79048
34816 2.79048
34900 2.79179
35000 2.79334
35000 2.79334
35100 2.79489
35200 2.79643
35300 2.79797
35400 2.7995
35500 2.80103
35600 2.80256
35700 2.80408
35800 2.80559
35900 2.8071
36000 2.80861
36000 2.80861
36100 2.81011
36200 2.8116
36300 2.81309
36400 2.81458
36500 2.81606
36600 2.81754
36700 2.81902
36800 2.82049
36858 2.82134
36858 2.82134
36864 2.81179
36864 2.81179
36866 2.79446
36866 2.79446
36866 2.79446
36866 2.79446
36900 2.79498
37000 2.79652
37000 2.79652
37100 2.79806
37200 2.79959
37300 2.80112
37400 2.80265
37500 2.80417
37600 2.80568
37700 2.80719
37800 2.8087
37900 2.8102
38000 2.81169
38000 2.81169
38100 2.81318
38200 2.81467
38300 2.81615
38400 2.81763
38500 2.8191
38600 2.82057
38700 2.82204
38800 2.8235
38900 2.82495
38906 2.82505
38906 2.82505
38912 2.81548
38912 2.81548
38914 2.79939
38914 2.79939
38914 2.79939
38914 2.79939
39000 2.8007
39000 2.8007
39100 2.80222
39200 2.80375
39300 2.80526
39400 2.80677
39500 2.80828
39600 2.80978
39700 2.81128
39800 2.81277
39900 2.81426
40000 2.81574
40000 2.81574
40082 2.81697
40082 2.81697
40082 2.81697
40082 2.81697
40082 2.81697
40086 2.74343
40086 2.74343
40087 2.74316
40087 2.74316
40088 2.73547
40088 2.73547
40088 2.73547
40088 2.73547
40100 2.73567
40200 2.7374
40300 2.73912
40400 2.74083
40500 2.74254
40600 2.74424
40700 2.74594
40800 2.74763
40900 2.74932
40954 2.75023
40954 2.75023
40960 2.74094
40960 2.74094
40962 2.72313
40962 2.72313
40962 2.72313
40962 2.72313
41000 2.72379
41000 2.72379
41100 2.72555
41200 2.72731
41300 2.72906
41400 2.7308
41500 2.73254
41600 2.73427
41700 2.736
41800 2.73773
41900 2.73944
42000 2.74116
42000 2.74116
42100 2.74286
42200 2.74456
42300 2.74626
42400 2.74795
42500 2.74964
42600 2.75132
42700 2.753
42800 2.75467
42900 2.75633
43000 2.75799
43000 2.75799
43002 2.75803
43002 2.75803
43008 2.74871
43008 2.74871
43100 2.75026
43200 2.75194
43300 2.75361
43400 2.75528
43500 2.75695
43600 2.7586
43700 2.76026
43800 2.76191
43900 2.76355
