0 3.03099
0 3.03099
0 3.03099
2 3.03099
2 3.03099
100 3.03099
200 3.03099
300 3.03099
400 3.03099
500 3.03099
600 3.03099
700 3.03099
800 3.03099
900 3.03099
1000 3.03099
1000 3.03099
1100 3.03099
1200 3.03099
1300 3.03099
1400 3.03099
1500 3.03099
1600 3.03099
1700 3.03099
1800 3.03099
1900 3.03099
2000 3.03099
2000 3.03099
2048 3.03099
2048 3.03099
2050 3.03099
2050 3.03099
2100 3.03099
2200 3.03099
2300 3.03099
2400 3.03099
2500 3.03099
2600 3.03099
2700 3.03099
2800 3.03099
2900 3.03099
3000 3.03099
3000 3.03099
3100 3.03099
3200 3.03099
3300 3.03099
3400 3.03099
3500 3.03099
3600 3.03099
3700 3.03099
3800 3.03099
3900 3.03099
4000 3.03099
4000 3.03099
4096 3.03099
4096 3.03099
4098 3.03099
4098 3.03099
4100 3.03099
4200 3.03099
4300 3.03099
4400 3.03099
4500 3.03099
4502 3.03099
4502 3.03099
4504 3.03099
4504 3.03099
4504 3.03099
4504 3.03099
4505 3.03099
4505 3.03099
4505 3.03099
4505 3.03099
4506 3.03099
4506 3.03099
4506 3.03099
4506 3.03099
4507 3.03099
4507 3.03099
4600 3.03099
4700 3.03099
4800 3.03099
4900 3.03099
5000 3.03099
5000 3.03099
5100 3.03099
5200 3.03099
5300 3.03099
5400 3.03099
5500 3.03099
5600 3.03099
5700 3.03099
5800 3.03099
5900 3.03099
6000 3.03099
6000 3.03099
6100 3.03099
6144 3.03099
6144 3.03099
6146 3.02994
6146 3.02994
6146 3.02994
6146 3.02994
6200 3.02994
6300 3.02994
6400 3.02994
6500 3.02994
6600 3.02994
6700 3.02994
6800 3.02994
6900 3.02994
7000 3.02994
7000 3.02994
7100 3.02994
7200 3.02994
7300 3.02994
7400 3.02994
7500 3.02994
7600 3.02994
7700 3.02994
7800 3.02994
7900 3.02994
8000 3.02994
8000 3.02994
8100 3.02994
8186 3.02994
8186 3.02994
8192 3.02932
8192 3.02932
8194 3.02819
8194 3.02819
8194 3.02819
8194 3.02819
8200 3.02819
8300 3.02819
8400 3.02819
8500 3.02819
8600 3.02819
8700 3.02819
8800 3.02819
8900 3.02819
9000 3.02819
9000 3.02819
9100 3.02819
9200 3.02819
9300 3.02819
9400 3.02819
9500 3.02819
9600 3.02819
9700 3.02819
9800 3.02819
9900 3.02819
10000 3.02819
10000 3.02819
10082 3.02819
10082 3.02819
10082 3.02819
10082 3.02819
10082 3.02819
10086 3.02339
10086 3.02339
10087 3.02337
10087 3.02337
10088 3.02286
10088 3.02286
10088 3.02286
10088 3.02286
10100 3.02286
10200 3.02286
10234 3.02286
10234 3.02286
10240 3.02224
10240 3.02224
10242 3.0212
10242 3.0212
10242 3.0212
10242 3.0212
10300 3.0212
10400 3.0212
10500 3.0212
10600 3.0212
10700 3.0212
10800 3.0212
10900 3.0212
11000 3.0212
11000 3.0212
11100 3.0212
11200 3.0212
11300 3.0212
11400 3.0212
11500 3.0212
11600 3.0212
11700 3.0212
11800 3.02119
11900 3.02119
12000 3.02119
12000 3.02119
12100 3.02119
12200 3.02119
12282 3.02119
12282 3.02119
12288 3.02057
12288 3.02057
12290 3.01939
12290 3.01939
12290 3.01939
12290 3.01939
12300 3.01939
12400 3.01939
12500 3.01939
12600 3.01939
12700 3.01939
12800 3.01939
12900 3.01939
13000 3.01939
13000 3.01939
13100 3.01939
13200 3.01939
13300 3.01939
13400 3.01939
13500 3.01939
13600 3.01939
13700 3.01939
13800 3.01939
13900 3.01939
14000 3.01939
14000 3.01939
14100 3.01939
14200 3.01939
14300 3.01939
14330 3.01939
14330 3.01939
14336 3.01877
14336 3.01877
14400 3.01877
14500 3.01877
14600 3.01877
14700 3.01877
14800 3.01877
14900 3.01877
15000 3.01877
15000 3.01877
15100 3.01877
15200 3.01877
15300 3.01877
15400 3.01877
15500 3.01877
15600 3.01877
15700 3.01877
15800 3.01877
15900 3.01877
16000 3.01877
16000 3.01877
16100 3.01877
16200 3.01877
16300 3.01877
16378 3.01877
16378 3.01877
16384 3.01815
16384 3.01815
16386 3.01703
16386 3.01703
16386 3.01703
16386 3.01703
16400 3.01703
16500 3.01703
16600 3.01703
16700 3.01703
16800 3.01703
16900 3.01703
17000 3.01703
17000 3.01703
17100 3.01703
17200 3.01703
17300 3.01703
17400 3.01703
17500 3.01703
17600 3.01703
17700 3.01703
17800 3.01703
17900 3.01703
18000 3.01703
18000 3.01703
18100 3.01703
18200 3.01703
18300 3.01703
18400 3.01703
18426 3.01703
18426 3.01703
18432 3.01641
18432 3.01641
18434 3.01537
18434 3.01537
18434 3.01537
18434 3.01537
18500 3.01537
18600 3.01537
18700 3.01537
18800 3.01537
18900 3.01537
19000 3.01537
19000 3.01537
19100 3.01537
19200 3.01537
19300 3.01537
19400 3.01537
19500 3.01537
19600 3.01537
19700 3.01537
19800 3.01537
19900 3.01537
20000 3.01537
20000 3.01537
20082 3.01537
20082 3.01537
20082 3.01537
20082 3.01537
20082 3.01537
20086 3.01058
20086 3.01058
20087 3.01056
20087 3.01056
20088 3.01005
20088 3.01005
20088 3.01005
20088 3.01005
20100 3.01005
20200 3.01005
20300 3.01005
20400 3.01005
20474 3.01005
20474 3.01005
20480 3.00944
20480 3.00944
20482 3.00826
20482 3.00826
20482 3.00826
20482 3.00826
20500 3.00826
20600 3.00826
20700 3.00826
20800 3.00826
20900 3.00826
21000 3.00826
21000 3.00826
21100 3.00826
21200 3.00826
21300 3.00826
21400 3.00826
21500 3.00826
21600 3.00826
21700 3.00826
21800 3.00826
21900 3.00826
22000 3.00826
22000 3.00826
22100 3.00826
22200 3.00826
22300 3.00826
22400 3.00826
22500 3.00826
22522 3.00826
22522 3.00826
22528 3.00764
22528 3.00764
22600 3.00764
22700 3.00764
22800 3.00764
22900 3.00764
23000 3.00764
23000 3.00764
23100 3.00764
23200 3.00764
23300 3.00764
23400 3.00764
23500 3.00764
23600 3.00764
23700 3.00764
23800 3.00764
23900 3.00764
24000 3.00764
24000 3.00764
24100 3.00764
24200 3.00764
24300 3.00764
24400 3.00764
24500 3.00764
24570 3.00764
24570 3.00764
24576 3.00702
24576 3.00702
24578 3.0059
24578 3.0059
24578 3.0059
24578 3.0059
24600 3.0059
24700 3.0059
24800 3.0059
24900 3.0059
25000 3.0059
25000 3.0059
25100 3.0059
25200 3.0059
25300 3.0059
25400 3.0059
25500 3.0059
25600 3.0059
25700 3.0059
25800 3.0059
25900 3.0059
26000 3.0059
26000 3.0059
26100 3.0059
26200 3.0059
26300 3.0059
26400 3.0059
26500 3.0059
26600 3.0059
26618 3.0059
26618 3.0059
26624 3.00529
26624 3.00529
26626 3.00425
26626 3.00425
26626 3.00425
26626 3.00425
26700 3.00425
26800 3.00425
26900 3.00425
27000 3.00425
27000 3.00425
27100 3.00425
27200 3.00425
27300 3.00425
27400 3.00425
27500 3.00425
27600 3.00425
27700 3.00425
27800 3.00425
27900 3.00425
28000 3.00425
28000 3.00425
28100 3.00425
28200 3.00425
28300 3.00425
28400 3.00425
28500 3.00425
28600 3.00425
28666 3.00425
28666 3.00425
28672 3.00363
28672 3.00363
28674 3.00252
28674 3.00252
28674 3.00252
28674 3.00252
28700 3.00252
28800 3.00252
28900 3.00252
29000 3.00252
29000 3.00252
29100 3.00252
29200 3.00252
29300 3.00252
29400 3.00252
29500 3.00252
29600 3.00252
29700 3.00252
29800 3.00252
29900 3.00252
30000 3.00251
30000 3.00251
30082 3.00251
30082 3.00251
30082 3.00251
30082 3.00251
30082 3.00251
30086 2.99775
30086 2.99775
30087 2.99773
30087 2.99773
30088 2.99723
30088 2.99723
30088 2.99723
30088 2.99723
30100 2.99722
30200 2.99722
30300 2.99722
30400 2.99722
30500 2.99722
30600 2.99722
30700 2.99722
30714 2.99722
30714 2.99722
30720 2.99661
30720 2.99661
30722 2.99558
30722 2.99558
30722 2.99558
30722 2.99558
30800 2.99558
30900 2.99558
31000 2.99558
31000 2.99558
31100 2.99558
31200 2.99558
31300 2.99558
31400 2.99558
31500 2.99558
31600 2.99558
31700 2.99558
31800 2.99558
31900 2.99558
32000 2.99558
32000 2.99558
32100 2.99558
32200 2.99558
32300 2.99558
32400 2.99558
32500 2.99558
32600 2.99558
32700 2.99558
32762 2.99558
32762 2.99558
32768 2.99496
32768 2.99496
32770 2.99379
32770 2.99379
32770 2.99379
32770 2.99379
32800 2.99379
32900 2.99379
33000 2.99379
33000 2.99379
33100 2.99379
33200 2.99379
33300 2.99379
33400 2.99379
33500 2.99379
33600 2.99379
33700 2.99379
33800 2.99379
33900 2.99379
34000 2.99379
34000 2.99379
34100 2.99379
34200 2.99379
34300 2.99379
34400 2.99379
34500 2.99379
34600 2.99379
34700 2.99379
34800 2.99379
34810 2.99379
34810 2.99379
34816 2.99317
34816 2.99317
34900 2.99317
35000 2.99317
35000 2.99317
35100 2.99317
35200 2.99317
35300 2.99317
35400 2.99317
35500 2.99317
35600 2.99317
35700 2.99317
35800 2.99317
35900 2.99317
36000 2.99317
36000 2.99317
36100 2.99317
36200 2.99317
36300 2.99317
36400 2.99317
36500 2.99317
36600 2.99317
36700 2.99317
36800 2.99317
36858 2.99317
36858 2.99317
36864 2.99256
36864 2.99256
36866 2.99144
36866 2.99144
36866 2.99144
36866 2.99144
36900 2.99144
37000 2.99144
37000 2.99144
37100 2.99144
37200 2.99144
37300 2.99144
37400 2.99144
37500 2.99144
37600 2.99144
37700 2.99144
37800 2.99144
37900 2.99144
38000 2.99144
38000 2.99144
38100 2.99144
38200 2.99144
38300 2.99144
38400 2.99144
38500 2.99144
38600 2.99144
38700 2.99144
38800 2.99144
38900 2.99144
38906 2.99144
38906 2.99144
38912 2.99083
38912 2.99083
38914 2.9898
38914 2.9898
38914 2.9898
38914 2.9898
39000 2.9898
39000 2.9898
39100 2.9898
39200 2.9898
39300 2.9898
39400 2.9898
39500 2.9898
39600 2.9898
39700 2.9898
39800 2.9898
39900 2.9898
40000 2.9898
40000 2.9898
40082 2.9898
40082 2.9898
40082 2.9898
40082 2.9898
40082 2.9898
40086 2.98505
40086 2.98505
40087 2.98503
40087 2.98503
40088 2.98453
40088 2.98453
40088 2.98453
40088 2.98453
40100 2.98453
40200 2.98453
40300 2.98453
40400 2.98453
40500 2.98453
40600 2.98453
40700 2.98453
40800 2.98453
40900 2.98453
40954 2.98453
40954 2.98453
40960 2.98392
40960 2.98392
40962 2.98275
40962 2.98275
40962 2.98275
40962 2.98275
41000 2.98275
41000 2.98275
41100 2.98275
41200 2.98275
41300 2.98275
41400 2.98275
41500 2.98275
41600 2.98275
41700 2.98275
41800 2.98275
41900 2.98275
42000 2.98275
42000 2.98275
42100 2.98275
42200 2.98275
42300 2.98275
42400 2.98275
42500 2.98275
42600 2.98275
42700 2.98275
42800 2.98275
42900 2.98275
43000 2.98275
43000 2.98275
43002 2.98275
43002 2.98275
43008 2.98214
43008 2.98214
43100 2.98213
43200 2.98213
43300 2.98213
43400 2.98213
43500 2.98213
43600 2.98213
43700 2.98213
43800 2.98213
43900 2.98213
