0 3.03099
0 3.03099
0 3.03099
2 3.03099
2 3.03099
100 3.03099
200 3.03099
300 3.03099
400 3.03099
500 3.03099
600 3.03099
700 3.03099
800 3.03099
900 3.03099
1000 3.03099
1000 3.03099
1100 3.03099
1200 3.03099
1300 3.03099
1400 3.03099
1500 3.03099
1600 3.03099
1700 3.03099
1800 3.03099
1900 3.03099
2000 3.03099
2000 3.03099
2048 3.03099
2048 3.03099
2050 3.03099
2050 3.03099
2100 3.03099
2200 3.03099
2300 3.03099
2400 3.03099
2500 3.03099
2600 3.03099
2700 3.03099
2800 3.03099
2900 3.03099
3000 3.03099
3000 3.03099
3100 3.03099
3200 3.03099
3300 3.03099
3400 3.03099
3500 3.03099
3600 3.03099
3700 3.03099
3800 3.03099
3900 3.03099
4000 3.03099
4000 3.03099
4096 3.03099
4096 3.03099
4098 3.03099
4098 3.03099
4100 3.03099
4200 3.03099
4300 3.03099
4400 3.03099
4500 3.03099
4502 3.03099
4502 3.03099
4504 3.03099
4504 3.03099
4504 3.03099
4504 3.03099
4505 3.03099
4505 3.03099
4505 3.03099
4505 3.03099
4506 3.03099
4506 3.03099
4506 3.03099
4506 3.03099
4507 3.03099
4507 3.03099
4600 3.03099
4700 3.03099
4800 3.03099
4900 3.03099
5000 3.03099
5000 3.03099
5100 3.03099
5200 3.03099
5300 3.03099
5400 3.03099
5500 3.03099
5600 3.03099
5700 3.03099
5800 3.03099
5900 3.03099
6000 3.03099
6000 3.03099
6100 3.03099
6144 3.03099
6144 3.03099
6146 3.0285
6146 3.0285
6146 3.0285
6146 3.0285
6200 3.03185
6300 3.03793
6400 3.04388
6500 3.04969
6600 3.05537
6700 3.06092
6800 3.06635
6900 3.07165
7000 3.07683
7000 3.07683
7100 3.0819
7200 3.08685
7300 3.09169
7400 3.09641
7500 3.10103
7600 3.10555
7700 3.10996
7800 3.11428
7900 3.11849
8000 3.12261
8000 3.12261
8100 3.12664
8186 3.13004
8186 3.13004
8192 3.12865
8192 3.12865
8194 3.12584
8194 3.12584
8194 3.12584
8194 3.12584
8200 3.12607
8300 3.13001
8400 3.13387
8500 3.13764
8600 3.14133
8700 3.14493
8800 3.14845
8900 3.15189
9000 3.15525
9000 3.15525
9100 3.15853
9200 3.16174
9300 3.16488
9400 3.16795
9500 3.17094
9600 3.17387
9700 3.17674
9800 3.17953
9900 3.18227
10000 3.18494
10000 3.18494
10082 3.1871
10082 3.1871
10082 3.1871
10082 3.1871
10082 3.1871
10086 3.17459
10086 3.17459
10087 3.17454
10087 3.17454
10088 3.17323
10088 3.17323
10088 3.17323
10088 3.17323
10100 3.17358
10200 3.17645
10234 3.17742
10234 3.17742
10240 3.17595
10240 3.17595
10242 3.17327
10242 3.17327
10242 3.17327
10242 3.17327
10300 3.17495
10400 3.17778
10500 3.18056
10600 3.18327
10700 3.18592
10800 3.18851
10900 3.19104
11000 3.19351
11000 3.19351
11100 3.19593
11200 3.19829
11300 3.2006
11400 3.20285
11500 3.20506
11600 3.20721
11700 3.20932
11800 3.21137
11900 3.21339
12000 3.21535
12000 3.21535
12100 3.21727
12200 3.21915
12282 3.22067
12282 3.22067
12288 3.21912
12288 3.21912
12290 3.21601
12290 3.21601
12290 3.21601
12290 3.21601
12300 3.21619
12400 3.2181
12500 3.21995
12600 3.22177
12700 3.22355
12800 3.22528
12900 3.22698
13000 3.22863
13000 3.22863
13100 3.23025
13200 3.23184
13300 3.23338
13400 3.23489
13500 3.23637
13600 3.23782
13700 3.23923
13800 3.24061
13900 3.24195
14000 3.24327
14000 3.24327
14100 3.24456
14200 3.24582
14300 3.24705
14330 3.24741
14330 3.24741
14336 3.24582
14336 3.24582
14400 3.24661
14500 3.24782
14600 3.249
14700 3.25016
14800 3.25129
14900 3.2524
15000 3.25348
15000 3.25348
15100 3.25453
15200 3.25556
15300 3.25657
15400 3.25756
15500 3.25852
15600 3.25946
15700 3.26038
15800 3.26128
15900 3.26216
16000 3.26302
16000 3.26302
16100 3.26386
16200 3.26468
16300 3.26548
16378 3.2661
16378 3.2661
16384 3.26446
16384 3.26446
16386 3.26145
16386 3.26145
16386 3.26145
16386 3.26145
16400 3.26157
16500 3.26244
16600 3.2633
16700 3.26413
16800 3.26494
16900 3.26574
17000 3.26652
17000 3.26652
17100 3.26728
17200 3.26802
17300 3.26874
17400 3.26945
17500 3.27015
17600 3.27082
17700 3.27149
17800 3.27213
17900 3.27277
18000 3.27338
18000 3.27338
18100 3.27399
18200 3.27458
18300 3.27515
18400 3.27572
18426 3.27586
18426 3.27586
18432 3.27422
18432 3.27422
18434 3.27141
18434 3.27141
18434 3.27141
18434 3.27141
18500 3.27184
18600 3.27248
18700 3.2731
18800 3.27371
18900 3.27431
19000 3.27489
19000 3.27489
19100 3.27546
19200 3.27602
19300 3.27656
19400 3.27709
19500 3.27761
19600 3.27812
19700 3.27862
19800 3.2791
19900 3.27958
20000 3.28004
20000 3.28004
20082 3.28042
20082 3.28042
20082 3.28042
20082 3.28042
20082 3.28042
20086 3.26744
20086 3.26744
20087 3.26739
20087 3.26739
20088 3.26602
20088 3.26602
20088 3.26602
20088 3.26602
20100 3.26611
20200 3.26688
20300 3.26763
20400 3.26837
20474 3.2689
20474 3.2689
20480 3.26727
20480 3.26727
20482 3.26409
20482 3.26409
20482 3.26409
20482 3.26409
20500 3.26423
20600 3.26504
20700 3.26584
20800 3.26661
20900 3.26737
21000 3.26811
21000 3.26811
21100 3.26883
21200 3.26954
21300 3.27023
21400 3.27091
21500 3.27157
21600 3.27221
21700 3.27284
21800 3.27346
21900 3.27406
22000 3.27465
22000 3.27465
22100 3.27522
22200 3.27579
22300 3.27634
22400 3.27687
22500 3.2774
22522 3.27751
22522 3.27751
22528 3.27586
22528 3.27586
22600 3.27626
22700 3.2768
22800 3.27732
22900 3.27784
23000 3.27834
23000 3.27834
23100 3.27883
23200 3.27931
23300 3.27978
23400 3.28024
23500 3.28069
23600 3.28113
23700 3.28156
23800 3.28197
23900 3.28238
24000 3.28278
24000 3.28278
24100 3.28317
24200 3.28355
24300 3.28393
24400 3.28429
24500 3.28465
24570 3.28489
24570 3.28489
24576 3.28323
24576 3.28323
24578 3.28019
24578 3.28019
24578 3.28019
24578 3.28019
24600 3.28029
24700 3.28074
24800 3.28117
24900 3.2816
25000 3.28202
25000 3.28202
25100 3.28243
25200 3.28282
25300 3.28321
25400 3.28359
25500 3.28397
25600 3.28433
25700 3.28469
25800 3.28503
25900 3.28537
26000 3.2857
26000 3.2857
26100 3.28603
26200 3.28635
26300 3.28666
26400 3.28696
26500 3.28725
26600 3.28754
26618 3.2876
26618 3.2876
26624 3.28593
26624 3.28593
26626 3.2831
26626 3.2831
26626 3.2831
26626 3.2831
26700 3.28339
26800 3.28376
26900 3.28413
27000 3.28449
27000 3.28449
27100 3.28484
27200 3.28519
27300 3.28552
27400 3.28585
27500 3.28617
27600 3.28649
27700 3.28679
27800 3.28709
27900 3.28739
28000 3.28767
28000 3.28767
28100 3.28795
28200 3.28823
28300 3.28849
28400 3.28875
28500 3.28901
28600 3.28926
28666 3.28942
28666 3.28942
28672 3.28775
28672 3.28775
28674 3.2847
28674 3.2847
28674 3.2847
28674 3.2847
28700 3.28479
28800 3.28514
28900 3.28547
29000 3.2858
29000 3.2858
29100 3.28613
29200 3.28644
29300 3.28675
29400 3.28705
29500 3.28734
29600 3.28763
29700 3.28791
29800 3.28818
29900 3.28845
30000 3.28871
30000 3.28871
30082 3.28893
30082 3.28893
30082 3.28893
30082 3.28893
30082 3.28893
30086 3.27591
30086 3.27591
30087 3.27586
30087 3.27586
30088 3.27448
30088 3.27448
30088 3.27448
30088 3.27448
30100 3.27455
30200 3.27513
30300 3.27569
30400 3.27625
30500 3.27678
30600 3.27731
30700 3.27783
30714 3.2779
30714 3.2779
30720 3.27625
30720 3.27625
30722 3.27344
30722 3.27344
30722 3.27344
30722 3.27344
30800 3.27391
30900 3.2745
31000 3.27508
31000 3.27508
31100 3.27564
31200 3.2762
31300 3.27674
31400 3.27726
31500 3.27778
31600 3.27828
31700 3.27878
31800 3.27926
31900 3.27973
32000 3.28019
32000 3.28019
32100 3.28064
32200 3.28108
32300 3.28151
32400 3.28193
32500 3.28234
32600 3.28274
32700 3.28313
32762 3.28337
32762 3.28337
32768 3.28171
32768 3.28171
32770 3.2785
32770 3.2785
32770 3.2785
32770 3.2785
32800 3.27865
32900 3.27913
33000 3.27961
33000 3.27961
33100 3.28007
33200 3.28052
33300 3.28096
33400 3.2814
33500 3.28182
33600 3.28223
33700 3.28263
33800 3.28303
33900 3.28341
34000 3.28379
34000 3.28379
34100 3.28416
34200 3.28452
34300 3.28487
34400 3.28521
34500 3.28555
34600 3.28587
34700 3.28619
34800 3.28651
34810 3.28654
34810 3.28654
34816 3.28487
34816 3.28487
34900 3.28516
35000 3.2855
35000 3.2855
35100 3.28583
35200 3.28615
35300 3.28646
35400 3.28677
35500 3.28707
35600 3.28736
35700 3.28765
35800 3.28793
35900 3.2882
36000 3.28847
36000 3.28847
36100 3.28873
36200 3.28899
36300 3.28924
36400 3.28948
36500 3.28972
36600 3.28995
36700 3.29018
36800 3.2904
36858 3.29053
36858 3.29053
36864 3.28886
36864 3.28886
36866 3.28581
36866 3.28581
36866 3.28581
36866 3.28581
36900 3.28592
37000 3.28624
37000 3.28624
37100 3.28655
37200 3.28686
37300 3.28715
37400 3.28744
37500 3.28773
37600 3.28801
37700 3.28828
37800 3.28855
37900 3.28881
38000 3.28906
38000 3.28906
38100 3.28931
38200 3.28955
38300 3.28979
38400 3.29002
38500 3.29025
38600 3.29047
38700 3.29068
38800 3.29089
38900 3.2911
38906 3.29111
38906 3.29111
38912 3.28944
38912 3.28944
38914 3.28661
38914 3.28661
38914 3.28661
38914 3.28661
39000 3.28687
39000 3.28687
39100 3.28717
39200 3.28746
39300 3.28775
39400 3.28802
39500 3.28829
39600 3.28856
39700 3.28882
39800 3.28907
39900 3.28932
40000 3.28956
40000 3.28956
40082 3.28976
40082 3.28976
40082 3.28976
40082 3.28976
40082 3.28976
40086 3.27674
40086 3.27674
40087 3.27669
40087 3.27669
40088 3.27531
40088 3.27531
40088 3.27531
40088 3.27531
40100 3.27538
40200 3.27594
40300 3.27648
40400 3.27702
40500 3.27754
40600 3.27805
40700 3.27855
40800 3.27903
40900 3.27951
40954 3.27976
40954 3.27976
40960 3.27811
40960 3.27811
40962 3.27491
40962 3.27491
40962 3.27491
40962 3.27491
41000 3.27513
41000 3.27513
41100 3.27569
41200 3.27624
41300 3.27678
41400 3.27731
41500 3.27782
41600 3.27833
41700 3.27882
41800 3.2793
41900 3.27977
42000 3.28023
42000 3.28023
42100 3.28067
42200 3.28111
42300 3.28154
42400 3.28196
42500 3.28237
42600 3.28277
42700 3.28316
42800 3.28354
42900 3.28392
43000 3.28428
43000 3.28428
43002 3.28429
43002 3.28429
43008 3.28263
43008 3.28263
43100 3.28299
43200 3.28338
43300 3.28375
43400 3.28412
43500 3.28448
43600 3.28483
43700 3.28518
43800 3.28551
43900 3.28584
