0 3.03099
0 3.03099
0 3.03099
2 3.03099
2 3.03099
100 3.03099
200 3.03099
300 3.03099
400 3.03099
500 3.03099
600 3.03099
700 3.03099
800 3.03099
900 3.03099
1000 3.03099
1000 3.03099
1100 3.03099
1200 3.03099
1300 3.03099
1400 3.03099
1500 3.03099
1600 3.03099
1700 3.03099
1800 3.03099
1900 3.03099
2000 3.03099
2000 3.03099
2048 3.03099
2048 3.03099
2050 3.03099
2050 3.03099
2100 3.03099
2200 3.03099
2300 3.03099
2400 3.03099
2500 3.03099
2600 3.03099
2700 3.03099
2800 3.03099
2900 3.03099
3000 3.03099
3000 3.03099
3100 3.03099
3200 3.03099
3300 3.03099
3400 3.03099
3500 3.03099
3600 3.03099
3700 3.03099
3800 3.03099
3900 3.03099
4000 3.03099
4000 3.03099
4096 3.03099
4096 3.03099
4098 3.03099
4098 3.03099
4100 3.03099
4200 3.03099
4300 3.03099
4400 3.03099
4500 3.03099
4502 3.03099
4502 3.03099
4504 3.03099
4504 3.03099
4504 3.03099
4504 3.03099
4505 3.03099
4505 3.03099
4505 3.03099
4505 3.03099
4506 3.03099
4506 3.03099
4506 3.03099
4506 3.03099
4507 3.03099
4507 3.03099
4600 3.03099
4700 3.03099
4800 3.03099
4900 3.03099
5000 3.03099
5000 3.03099
5100 3.03099
5200 3.03099
5300 3.03099
5400 3.03099
5500 3.03099
5600 3.03099
5700 3.03099
5800 3.03099
5900 3.03099
6000 3.03099
6000 3.03099
6100 3.03099
6144 3.03099
6144 3.03099
6146 3.02838
6146 3.02838
6146 3.02838
6146 3.02838
6200 3.02841
6300 3.02847
6400 3.02854
6500 3.0286
6600 3.02866
6700 3.02872
6800 3.02878
6900 3.02885
7000 3.02891
7000 3.02891
7100 3.02897
7200 3.02903
7300 3.02909
7400 3.02916
7500 3.02922
7600 3.02928
7700 3.02934
7800 3.0294
7900 3.02947
8000 3.02953
8000 3.02953
8100 3.02959
8186 3.02964
8186 3.02964
8192 3.02809
8192 3.02809
8194 3.02528
8194 3.02528
8194 3.02528
8194 3.02528
8200 3.02529
8300 3.02535
8400 3.02541
8500 3.02547
8600 3.02554
8700 3.0256
8800 3.02566
8900 3.02573
9000 3.02579
9000 3.02579
9100 3.02585
9200 3.02591
9300 3.02598
9400 3.02604
9500 3.0261
9600 3.02617
9700 3.02623
9800 3.02629
9900 3.02635
10000 3.02642
10000 3.02642
10082 3.02647
10082 3.02647
10082 3.02647
10082 3.02647
10082 3.02647
10086 3.01448
10086 3.01448
10087 3.01443
10087 3.01443
10088 3.01316
10088 3.01316
10088 3.01316
10088 3.01316
10100 3.01317
10200 3.01323
10234 3.01326
10234 3.01326
10240 3.01171
10240 3.01171
10242 3.00912
10242 3.00912
10242 3.00912
10242 3.00912
10300 3.00916
10400 3.00923
10500 3.00929
10600 3.00936
10700 3.00943
10800 3.00949
10900 3.00956
11000 3.00963
11000 3.00963
11100 3.00969
11200 3.00976
11300 3.00982
11400 3.00989
11500 3.00996
11600 3.01002
11700 3.01009
11800 3.01016
11900 3.01022
12000 3.01029
12000 3.01029
12100 3.01036
12200 3.01042
12282 3.01048
12282 3.01048
12288 3.00894
12288 3.00894
12290 3.00599
12290 3.00599
12290 3.00599
12290 3.00599
12300 3.006
12400 3.00606
12500 3.00613
12600 3.0062
12700 3.00627
12800 3.00633
12900 3.0064
13000 3.00647
13000 3.00647
13100 3.00654
13200 3.0066
13300 3.00667
13400 3.00674
13500 3.0068
13600 3.00687
13700 3.00694
13800 3.00701
13900 3.00707
14000 3.00714
14000 3.00714
14100 3.00721
14200 3.00727
14300 3.00734
14330 3.00736
14330 3.00736
14336 3.00582
14336 3.00582
14400 3.00587
14500 3.00593
14600 3.006
14700 3.00607
14800 3.00614
14900 3.0062
15000 3.00627
15000 3.00627
15100 3.00634
15200 3.0064
15300 3.00647
15400 3.00654
15500 3.00661
15600 3.00667
15700 3.00674
15800 3.00681
15900 3.00688
16000 3.00694
16000 3.00694
16100 3.00701
16200 3.00708
16300 3.00714
16378 3.0072
16378 3.0072
16384 3.00566
16384 3.00566
16386 3.00287
16386 3.00287
16386 3.00287
16386 3.00287
16400 3.00288
16500 3.00294
16600 3.00301
16700 3.00308
16800 3.00315
16900 3.00322
17000 3.00329
17000 3.00329
17100 3.00335
17200 3.00342
17300 3.00349
17400 3.00356
17500 3.00362
17600 3.00369
17700 3.00376
17800 3.00383
17900 3.0039
18000 3.00396
18000 3.00396
18100 3.00403
18200 3.0041
18300 3.00417
18400 3.00424
18426 3.00425
18426 3.00425
18432 3.00272
18432 3.00272
18434 3.00013
18434 3.00013
18434 3.00013
18434 3.00013
18500 3.00018
18600 3.00025
18700 3.00031
18800 3.00038
18900 3.00045
19000 3.00052
19000 3.00052
19100 3.00059
19200 3.00066
19300 3.00073
19400 3.00079
19500 3.00086
19600 3.00093
19700 3.001
19800 3.00107
19900 3.00114
20000 3.0012
20000 3.0012
20082 3.00126
20082 3.00126
20082 3.00126
20082 3.00126
20082 3.00126
20086 2.98937
20086 2.98937
20087 2.98933
20087 2.98933
20088 2.98806
20088 2.98806
20088 2.98806
20088 2.98806
20100 2.98807
20200 2.98814
20300 2.98821
20400 2.98829
20474 2.98834
20474 2.98834
20480 2.98681
20480 2.98681
20482 2.98389
20482 2.98389
20482 2.98389
20482 2.98389
20500 2.9839
20600 2.98397
20700 2.98404
20800 2.98412
20900 2.98419
21000 2.98426
21000 2.98426
21100 2.98433
21200 2.98441
21300 2.98448
21400 2.98455
21500 2.98462
21600 2.9847
21700 2.98477
21800 2.98484
21900 2.98491
22000 2.98498
22000 2.98498
22100 2.98506
22200 2.98513
22300 2.9852
22400 2.98527
22500 2.98534
22522 2.98536
22522 2.98536
22528 2.98383
22528 2.98383
22600 2.98389
22700 2.98396
22800 2.98403
22900 2.9841
23000 2.98418
23000 2.98418
23100 2.98425
23200 2.98432
23300 2.98439
23400 2.98446
23500 2.98454
23600 2.98461
23700 2.98468
23800 2.98475
23900 2.98483
24000 2.9849
24000 2.9849
24100 2.98497
24200 2.98504
24300 2.98511
24400 2.98519
24500 2.98526
24570 2.98531
24570 2.98531
24576 2.98378
24576 2.98378
24578 2.98101
24578 2.98101
24578 2.98101
24578 2.98101
24600 2.98103
24700 2.9811
24800 2.98118
24900 2.98125
25000 2.98132
25000 2.98132
25100 2.98139
25200 2.98147
25300 2.98154
25400 2.98161
25500 2.98169
25600 2.98176
25700 2.98183
25800 2.9819
25900 2.98198
26000 2.98205
26000 2.98205
26100 2.98212
26200 2.9822
26300 2.98227
26400 2.98234
26500 2.98241
26600 2.98249
26618 2.9825
26618 2.9825
26624 2.98097
26624 2.98097
26626 2.97841
26626 2.97841
26626 2.97841
26626 2.97841
26700 2.97846
26800 2.97854
26900 2.97861
27000 2.97868
27000 2.97868
27100 2.97876
27200 2.97883
27300 2.97891
27400 2.97898
27500 2.97905
27600 2.97913
27700 2.9792
27800 2.97927
27900 2.97935
28000 2.97942
28000 2.97942
28100 2.97949
28200 2.97957
28300 2.97964
28400 2.97971
28500 2.97979
28600 2.97986
28666 2.97991
28666 2.97991
28672 2.97838
28672 2.97838
28674 2.97562
28674 2.97562
28674 2.97562
28674 2.97562
28700 2.97564
28800 2.97571
28900 2.97579
29000 2.97586
29000 2.97586
29100 2.97594
29200 2.97601
29300 2.97608
29400 2.97616
29500 2.97623
29600 2.97631
29700 2.97638
29800 2.97646
29900 2.97653
30000 2.9766
30000 2.9766
30082 2.97666
30082 2.97666
30082 2.97666
30082 2.97666
30082 2.97666
30086 2.96487
30086 2.96487
30087 2.96483
30087 2.96483
30088 2.96358
30088 2.96358
30088 2.96358
30088 2.96358
30100 2.96358
30200 2.96366
30300 2.96374
30400 2.96382
30500 2.96389
30600 2.96397
30700 2.96405
30714 2.96406
30714 2.96406
30720 2.96254
30720 2.96254
30722 2.95999
30722 2.95999
30722 2.95999
30722 2.95999
30800 2.96005
30900 2.96013
31000 2.96021
31000 2.96021
31100 2.96029
31200 2.96036
31300 2.96044
31400 2.96052
31500 2.9606
31600 2.96068
31700 2.96075
31800 2.96083
31900 2.96091
32000 2.96099
32000 2.96099
32100 2.96106
32200 2.96114
32300 2.96122
32400 2.9613
32500 2.96137
32600 2.96145
32700 2.96153
32762 2.96158
32762 2.96158
32768 2.96006
32768 2.96006
32770 2.95717
32770 2.95717
32770 2.95717
32770 2.95717
32800 2.95719
32900 2.95727
33000 2.95735
33000 2.95735
33100 2.95742
33200 2.9575
33300 2.95758
33400 2.95766
33500 2.95774
33600 2.95782
33700 2.9579
33800 2.95797
33900 2.95805
34000 2.95813
34000 2.95813
34100 2.95821
34200 2.95829
34300 2.95837
34400 2.95844
34500 2.95852
34600 2.9586
34700 2.95868
34800 2.95876
34810 2.95876
34810 2.95876
34816 2.95725
34816 2.95725
34900 2.95732
35000 2.9574
35000 2.9574
35100 2.95747
35200 2.95755
35300 2.95763
35400 2.95771
35500 2.95779
35600 2.95787
35700 2.95795
35800 2.95802
35900 2.9581
36000 2.95818
36000 2.95818
36100 2.95826
36200 2.95834
36300 2.95842
36400 2.95849
36500 2.95857
36600 2.95865
36700 2.95873
36800 2.95881
36858 2.95885
36858 2.95885
36864 2.95734
36864 2.95734
36866 2.95459
36866 2.95459
36866 2.95459
36866 2.95459
36900 2.95462
37000 2.9547
37000 2.9547
37100 2.95478
37200 2.95486
37300 2.95494
37400 2.95502
37500 2.95509
37600 2.95517
37700 2.95525
37800 2.95533
37900 2.95541
38000 2.95549
38000 2.95549
38100 2.95557
38200 2.95565
38300 2.95573
38400 2.95581
38500 2.95588
38600 2.95596
38700 2.95604
38800 2.95612
38900 2.9562
38906 2.9562
38906 2.9562
38912 2.95469
38912 2.95469
38914 2.95215
38914 2.95215
38914 2.95215
38914 2.95215
39000 2.95222
39000 2.95222
39100 2.9523
39200 2.95238
39300 2.95246
39400 2.95254
39500 2.95262
39600 2.9527
39700 2.95278
39800 2.95286
39900 2.95293
40000 2.95301
40000 2.95301
40082 2.95308
40082 2.95308
40082 2.95308
40082 2.95308
40082 2.95308
40086 2.94138
40086 2.94138
40087 2.94134
40087 2.94134
40088 2.94009
40088 2.94009
40088 2.94009
40088 2.94009
40100 2.9401
40200 2.94019
40300 2.94027
40400 2.94035
40500 2.94043
40600 2.94052
40700 2.9406
40800 2.94068
40900 2.94076
40954 2.94081
40954 2.94081
40960 2.9393
40960 2.9393
40962 2.93643
40962 2.93643
40962 2.93643
40962 2.93643
41000 2.93646
41000 2.93646
41100 2.93654
41200 2.93663
41300 2.93671
41400 2.93679
41500 2.93688
41600 2.93696
41700 2.93704
41800 2.93712
41900 2.93721
42000 2.93729
42000 2.93729
42100 2.93737
42200 2.93746
42300 2.93754
42400 2.93762
42500 2.93771
42600 2.93779
42700 2.93787
42800 2.93796
42900 2.93804
43000 2.93812
43000 2.93812
43002 2.93812
43002 2.93812
43008 2.93662
43008 2.93662
43100 2.9367
43200 2.93678
43300 2.93686
43400 2.93695
43500 2.93703
43600 2.93711
43700 2.9372
43800 2.93728
43900 2.93736
