0 3.03099
0 3.03099
0 3.03099
2 3.03099
2 3.03099
100 3.03099
200 3.03099
300 3.03099
400 3.03099
500 3.03099
600 3.03099
700 3.03099
800 3.03099
900 3.03099
1000 3.03099
1000 3.03099
1100 3.03099
1200 3.03099
1300 3.03099
1400 3.03099
1500 3.03099
1600 3.03099
1700 3.03099
1800 3.03099
1900 3.03099
2000 3.03099
2000 3.03099
2048 3.03099
2048 3.03099
2050 3.03099
2050 3.03099
2100 3.03099
2200 3.03099
2300 3.03099
2400 3.03099
2500 3.03099
2600 3.03099
2700 3.03099
2800 3.03099
2900 3.03099
3000 3.03099
3000 3.03099
3100 3.03099
3200 3.03099
3300 3.03099
3400 3.03099
3500 3.03099
3600 3.03099
3700 3.03099
3800 3.03099
3900 3.03099
4000 3.03099
4000 3.03099
4096 3.03099
4096 3.03099
4098 3.03099
4098 3.03099
4100 3.03099
4200 3.03099
4300 3.03099
4400 3.03099
4500 3.03099
4502 3.03099
4502 3.03099
4504 3.03099
4504 3.03099
4504 3.03099
4504 3.03099
4505 3.03099
4505 3.03099
4505 3.03099
4505 3.03099
4506 3.03099
4506 3.03099
4506 3.03099
4506 3.03099
4507 3.03099
4507 3.03099
4600 3.03099
4700 3.03099
4800 3.03099
4900 3.03099
5000 3.03099
5000 3.03099
5100 3.03099
5200 3.03099
5300 3.03099
5400 3.03099
5500 3.03099
5600 3.03099
5700 3.03099
5800 3.03099
5900 3.03099
6000 3.03099
6000 3.03099
6100 3.03099
6144 3.03099
6144 3.03099
6146 3.01397
6146 3.01397
6146 3.01397
6146 3.01397
6200 3.02326
6300 3.0397
6400 3.05515
6500 3.06969
6600 3.08337
6700 3.09623
6800 3.10833
6900 3.11971
7000 3.13042
7000 3.13042
7100 3.14048
7200 3.14996
7300 3.15887
7400 3.16725
7500 3.17513
7600 3.18254
7700 3.18952
7800 3.19608
7900 3.20225
8000 3.20805
8000 3.20805
8100 3.21351
8186 3.21796
8186 3.21796
8192 3.20727
8192 3.20727
8194 3.1876
8194 3.1876
8194 3.1876
8194 3.1876
8200 3.188
8300 3.19465
8400 3.20091
8500 3.20679
8600 3.21232
8700 3.21753
8800 3.22243
8900 3.22703
9000 3.23136
9000 3.23136
9100 3.23544
9200 3.23927
9300 3.24288
9400 3.24627
9500 3.24946
9600 3.25246
9700 3.25528
9800 3.25793
9900 3.26043
10000 3.26278
10000 3.26278
10082 3.26462
10082 3.26462
10082 3.26462
10082 3.26462
10082 3.26462
10086 3.17952
10086 3.17952
10087 3.17922
10087 3.17922
10088 3.17036
10088 3.17036
10088 3.17036
10088 3.17036
10100 3.1713
10200 3.17894
10234 3.18146
10234 3.18146
10240 3.17102
10240 3.17102
10242 3.15303
10242 3.15303
10242 3.15303
10242 3.15303
10300 3.15815
10400 3.16657
10500 3.1745
10600 3.18195
10700 3.18896
10800 3.19555
10900 3.20175
11000 3.20759
11000 3.20759
11100 3.21307
11200 3.21823
11300 3.22309
11400 3.22765
11500 3.23195
11600 3.23599
11700 3.23979
11800 3.24336
11900 3.24673
12000 3.24989
12000 3.24989
12100 3.25286
12200 3.25566
12282 3.25784
12282 3.25784
12288 3.24688
12288 3.24688
12290 3.22583
12290 3.22583
12290 3.22583
12290 3.22583
12300 3.22627
12400 3.23064
12500 3.23476
12600 3.23863
12700 3.24228
12800 3.2457
12900 3.24893
13000 3.25196
13000 3.25196
13100 3.25481
13200 3.25749
13300 3.26002
13400 3.26239
13500 3.26462
13600 3.26672
13700 3.2687
13800 3.27056
13900 3.2723
14000 3.27395
14000 3.27395
14100 3.27549
14200 3.27695
14300 3.27831
14330 3.27871
14330 3.27871
14336 3.26761
14336 3.26761
14400 3.26885
14500 3.2707
14600 3.27244
14700 3.27408
14800 3.27562
14900 3.27706
15000 3.27842
15000 3.27842
15100 3.2797
15200 3.28091
15300 3.28204
15400 3.28311
15500 3.28411
15600 3.28505
15700 3.28594
15800 3.28677
15900 3.28756
16000 3.28829
16000 3.28829
16100 3.28899
16200 3.28964
16300 3.29026
16378 3.29071
16378 3.29071
16384 3.27953
16384 3.27953
16386 3.25931
16386 3.25931
16386 3.25931
16386 3.25931
16400 3.25965
16500 3.26205
16600 3.2643
16700 3.26642
16800 3.26841
16900 3.27029
17000 3.27205
17000 3.27205
17100 3.27371
17200 3.27527
17300 3.27674
17400 3.27812
17500 3.27942
17600 3.28064
17700 3.28179
17800 3.28287
17900 3.28388
18000 3.28484
18000 3.28484
18100 3.28574
18200 3.28659
18300 3.28738
18400 3.28813
18426 3.28832
18426 3.28832
18432 3.27715
18432 3.27715
18434 3.25842
18434 3.25842
18434 3.25842
18434 3.25842
18500 3.26006
18600 3.26243
18700 3.26466
18800 3.26676
18900 3.26873
19000 3.27059
19000 3.27059
19100 3.27233
19200 3.27398
19300 3.27552
19400 3.27697
19500 3.27834
19600 3.27963
19700 3.28083
19800 3.28197
19900 3.28304
20000 3.28405
20000 3.28405
20082 3.28483
20082 3.28483
20082 3.28483
20082 3.28483
20082 3.28483
20086 3.19916
20086 3.19916
20087 3.19885
20087 3.19885
20088 3.18992
20088 3.18992
20088 3.18992
20088 3.18992
20100 3.19072
20200 3.19721
20300 3.20331
20400 3.20905
20474 3.2131
20474 3.2131
20480 3.20245
20480 3.20245
20482 3.18175
20482 3.18175
20482 3.18175
20482 3.18175
20500 3.18302
20600 3.18996
20700 3.1965
20800 3.20264
20900 3.20842
21000 3.21386
21000 3.21386
21100 3.21897
21200 3.22378
21300 3.22831
21400 3.23257
21500 3.23657
21600 3.24034
21700 3.24388
21800 3.24721
21900 3.25034
22000 3.25329
22000 3.25329
22100 3.25606
22200 3.25867
22300 3.26112
22400 3.26343
22500 3.2656
22522 3.26607
22522 3.26607
22528 3.25505
22528 3.25505
22600 3.25699
22700 3.25954
22800 3.26195
22900 3.2642
23000 3.26633
23000 3.26633
23100 3.26833
23200 3.27021
23300 3.27198
23400 3.27364
23500 3.2752
23600 3.27667
23700 3.27806
23800 3.27936
23900 3.28059
24000 3.28174
24000 3.28174
24100 3.28282
24200 3.28384
24300 3.2848
24400 3.2857
24500 3.28655
24570 3.28712
24570 3.28712
24576 3.27595
24576 3.27595
24578 3.25577
24578 3.25577
24578 3.25577
24578 3.25577
24600 3.25635
24700 3.25894
24800 3.26138
24900 3.26367
25000 3.26583
25000 3.26583
25100 3.26786
25200 3.26977
25300 3.27156
25400 3.27325
25500 3.27484
25600 3.27633
25700 3.27773
25800 3.27905
25900 3.2803
26000 3.28147
26000 3.28147
26100 3.28257
26200 3.2836
26300 3.28457
26400 3.28549
26500 3.28635
26600 3.28716
26618 3.2873
26618 3.2873
26624 3.27614
26624 3.27614
26626 3.25742
26626 3.25742
26626 3.25742
26626 3.25742
26700 3.2593
26800 3.26172
26900 3.26399
27000 3.26613
27000 3.26613
27100 3.26814
27200 3.27003
27300 3.27181
27400 3.27348
27500 3.27505
27600 3.27653
27700 3.27793
27800 3.27924
27900 3.28047
28000 3.28163
28000 3.28163
28100 3.28272
28200 3.28374
28300 3.28471
28400 3.28561
28500 3.28647
28600 3.28727
28666 3.28778
28666 3.28778
28672 3.27661
28672 3.27661
28674 3.25642
28674 3.25642
28674 3.25642
28674 3.25642
28700 3.2571
28800 3.25965
28900 3.26204
29000 3.2643
29000 3.2643
29100 3.26642
29200 3.26841
29300 3.27028
29400 3.27205
29500 3.27371
29600 3.27527
29700 3.27673
29800 3.27812
29900 3.27941
30000 3.28064
30000 3.28064
30082 3.28159
30082 3.28159
30082 3.28159
30082 3.28159
30082 3.28159
30086 3.19601
30086 3.19601
30087 3.1957
30087 3.1957
30088 3.18678
30088 3.18678
30088 3.18678
30088 3.18678
30100 3.18761
30200 3.19428
30300 3.20056
30400 3.20646
30500 3.21201
30600 3.21724
30700 3.22215
30714 3.22284
30714 3.22284
30720 3.21211
30720 3.21211
30722 3.19383
30722 3.19383
30722 3.19383
30722 3.19383
30800 3.19878
30900 3.20479
31000 3.21044
31000 3.21044
31100 3.21576
31200 3.22076
31300 3.22547
31400 3.22989
31500 3.23405
31600 3.23797
31700 3.24165
31800 3.24512
31900 3.24837
32000 3.25144
32000 3.25144
32100 3.25432
32200 3.25703
32300 3.25958
32400 3.26198
32500 3.26424
32600 3.26636
32700 3.26836
32762 3.26954
32762 3.26954
32768 3.2585
32768 3.2585
32770 3.23736
32770 3.23736
32770 3.23736
32770 3.23736
32800 3.23848
32900 3.24214
33000 3.24557
33000 3.24557
33100 3.2488
33200 3.25184
33300 3.2547
33400 3.25739
33500 3.25992
33600 3.2623
33700 3.26454
33800 3.26664
33900 3.26862
34000 3.27048
34000 3.27048
34100 3.27224
34200 3.27388
34300 3.27543
34400 3.27689
34500 3.27826
34600 3.27955
34700 3.28077
34800 3.28191
34810 3.28202
34810 3.28202
34816 3.27089
34816 3.27089
34900 3.27235
35000 3.27399
35000 3.27399
35100 3.27554
35200 3.27699
35300 3.27835
35400 3.27964
35500 3.28085
35600 3.28198
35700 3.28305
35800 3.28406
35900 3.285
36000 3.28589
36000 3.28589
36100 3.28673
36200 3.28752
36300 3.28826
36400 3.28895
36500 3.28961
36600 3.29022
36700 3.2908
36800 3.29135
36858 3.29165
36858 3.29165
36864 3.28046
36864 3.28046
36866 3.26024
36866 3.26024
36866 3.26024
36866 3.26024
36900 3.26105
37000 3.26337
37000 3.26337
37100 3.26554
37200 3.26759
37300 3.26951
37400 3.27132
37500 3.27302
37600 3.27462
37700 3.27613
37800 3.27754
37900 3.27888
38000 3.28013
38000 3.28013
38100 3.28131
38200 3.28242
38300 3.28346
38400 3.28444
38500 3.28537
38600 3.28623
38700 3.28705
38800 3.28782
38900 3.28854
38906 3.28859
38906 3.28859
38912 3.27741
38912 3.27741
38914 3.25868
38914 3.25868
38914 3.25868
38914 3.25868
39000 3.2608
39000 3.2608
39100 3.26312
39200 3.26531
39300 3.26737
39400 3.26931
39500 3.27113
39600 3.27284
39700 3.27446
39800 3.27597
39900 3.2774
40000 3.27874
40000 3.27874
40082 3.27979
40082 3.27979
40082 3.27979
40082 3.27979
40082 3.27979
40086 3.19425
40086 3.19425
40087 3.19395
40087 3.19395
40088 3.18504
40088 3.18504
40088 3.18504
40088 3.18504
40100 3.18587
40200 3.19265
40300 3.19902
40400 3.20502
40500 3.21066
40600 3.21596
40700 3.22095
40800 3.22564
40900 3.23006
40954 3.23235
40954 3.23235
40960 3.22156
40960 3.22156
40962 3.20071
40962 3.20071
40962 3.20071
40962 3.20071
41000 3.20297
41000 3.20297
41100 3.20873
41200 3.21415
41300 3.21925
41400 3.22404
41500 3.22855
41600 3.2328
41700 3.23678
41800 3.24054
41900 3.24407
42000 3.24739
42000 3.24739
42100 3.25051
42200 3.25345
42300 3.25621
42400 3.25881
42500 3.26126
42600 3.26356
42700 3.26572
42800 3.26775
42900 3.26967
43000 3.27147
43000 3.27147
43002 3.27151
43002 3.27151
43008 3.26046
43008 3.26046
43100 3.26262
43200 3.26484
43300 3.26693
43400 3.26889
43500 3.27074
43600 3.27247
43700 3.27411
43800 3.27564
43900 3.27709
