0 3.03099
0 3.03099
0 3.03099
2 3.03099
2 3.03099
100 3.03099
200 3.03099
300 3.03099
400 3.03099
500 3.03099
600 3.03099
700 3.03099
800 3.03099
900 3.03099
1000 3.03099
1000 3.03099
1100 3.03099
1200 3.03099
1300 3.03099
1400 3.03099
1500 3.03099
1600 3.03099
1700 3.03099
1800 3.03099
1900 3.03099
2000 3.03099
2000 3.03099
2048 3.03099
2048 3.03099
2050 3.03099
2050 3.03099
2100 3.03099
2200 3.03099
2300 3.03099
2400 3.03099
2500 3.03099
2600 3.03099
2700 3.03099
2800 3.03099
2900 3.03099
3000 3.03099
3000 3.03099
3100 3.03099
3200 3.03099
3300 3.03099
3400 3.03099
3500 3.03099
3600 3.03099
3700 3.03099
3800 3.03099
3900 3.03099
4000 3.03099
4000 3.03099
4096 3.03099
4096 3.03099
4098 3.03099
4098 3.03099
4100 3.03099
4200 3.03099
4300 3.03099
4400 3.03099
4500 3.03099
4502 3.03099
4502 3.03099
4504 3.03099
4504 3.03099
4504 3.03099
4504 3.03099
4505 3.03099
4505 3.03099
4505 3.03099
4505 3.03099
4506 3.03099
4506 3.03099
4506 3.03099
4506 3.03099
4507 3.03099
4507 3.03099
4600 3.03099
4700 3.03099
4800 3.03099
4900 3.03099
5000 3.03099
5000 3.03099
5100 3.03099
5200 3.03099
5300 3.03099
5400 3.03099
5500 3.03099
5600 3.03099
5700 3.03099
5800 3.03099
5900 3.03099
6000 3.03099
6000 3.03099
6100 3.03099
6144 3.03099
6144 3.03099
6146 3.02994
6146 3.02994
6146 3.02994
6146 3.02994
6200 3.02997
6300 3.03002
6400 3.03007
6500 3.03012
6600 3.03017
6700 3.03022
6800 3.03027
6900 3.03032
7000 3.03037
7000 3.03037
7100 3.03042
7200 3.03047
7300 3.03051
7400 3.03056
7500 3.03061
7600 3.03066
7700 3.03071
7800 3.03076
7900 3.03081
8000 3.03086
8000 3.03086
8100 3.03091
8186 3.03095
8186 3.03095
8192 3.03033
8192 3.03033
8194 3.02921
8194 3.02921
8194 3.02921
8194 3.02921
8200 3.02921
8300 3.02926
8400 3.02931
8500 3.02936
8600 3.02941
8700 3.02946
8800 3.02951
8900 3.02956
9000 3.02961
9000 3.02961
9100 3.02966
9200 3.02971
9300 3.02976
9400 3.02981
9500 3.02986
9600 3.02991
9700 3.02996
9800 3.03
9900 3.03005
10000 3.0301
10000 3.0301
10082 3.03014
10082 3.03014
10082 3.03014
10082 3.03014
10082 3.03014
10086 3.02534
10086 3.02534
10087 3.02532
10087 3.02532
10088 3.02481
10088 3.02481
10088 3.02481
10088 3.02481
10100 3.02481
10200 3.02487
10234 3.02488
10234 3.02488
10240 3.02426
10240 3.02426
10242 3.02322
10242 3.02322
10242 3.02322
10242 3.02322
10300 3.02325
10400 3.0233
10500 3.02335
10600 3.02341
10700 3.02346
10800 3.02351
10900 3.02356
11000 3.02361
11000 3.02361
11100 3.02366
11200 3.02371
11300 3.02376
11400 3.02381
11500 3.02386
11600 3.02391
11700 3.02396
11800 3.02401
11900 3.02406
12000 3.02411
12000 3.02411
12100 3.02417
12200 3.02422
12282 3.02426
12282 3.02426
12288 3.02364
12288 3.02364
12290 3.02246
12290 3.02246
12290 3.02246
12290 3.02246
12300 3.02246
12400 3.02251
12500 3.02256
12600 3.02261
12700 3.02266
12800 3.02272
12900 3.02277
13000 3.02282
13000 3.02282
13100 3.02287
13200 3.02292
13300 3.02297
13400 3.02302
13500 3.02307
13600 3.02312
13700 3.02317
13800 3.02322
13900 3.02327
14000 3.02333
14000 3.02333
14100 3.02338
14200 3.02343
14300 3.02348
14330 3.02349
14330 3.02349
14336 3.02288
14336 3.02288
14400 3.02291
14500 3.02296
14600 3.02301
14700 3.02306
14800 3.02311
14900 3.02316
15000 3.02321
15000 3.02321
15100 3.02326
15200 3.02331
15300 3.02337
15400 3.02342
15500 3.02347
15600 3.02352
15700 3.02357
15800 3.02362
15900 3.02367
16000 3.02372
16000 3.02372
16100 3.02377
16200 3.02382
16300 3.02387
16378 3.02391
16378 3.02391
16384 3.02329
16384 3.02329
16386 3.02217
16386 3.02217
16386 3.02217
16386 3.02217
16400 3.02218
16500 3.02223
16600 3.02228
16700 3.02233
16800 3.02238
16900 3.02243
17000 3.02248
17000 3.02248
17100 3.02254
17200 3.02259
17300 3.02264
17400 3.02269
17500 3.02274
17600 3.02279
17700 3.02284
17800 3.02289
17900 3.02294
18000 3.02299
18000 3.02299
18100 3.02304
18200 3.02309
18300 3.02315
18400 3.0232
18426 3.02321
18426 3.02321
18432 3.02259
18432 3.02259
18434 3.02155
18434 3.02155
18434 3.02155
18434 3.02155
18500 3.02159
18600 3.02164
18700 3.02169
18800 3.02174
18900 3.02179
19000 3.02184
19000 3.02184
19100 3.02189
19200 3.02194
19300 3.02199
19400 3.02204
19500 3.0221
19600 3.02215
19700 3.0222
19800 3.02225
19900 3.0223
20000 3.02235
20000 3.02235
20082 3.02239
20082 3.02239
20082 3.02239
20082 3.02239
20082 3.02239
20086 3.0176
20086 3.0176
20087 3.01758
20087 3.01758
20088 3.01707
20088 3.01707
20088 3.01707
20088 3.01707
20100 3.01708
20200 3.01713
20300 3.01718
20400 3.01723
20474 3.01727
20474 3.01727
20480 3.01665
20480 3.01665
20482 3.01547
20482 3.01547
20482 3.01547
20482 3.01547
20500 3.01548
20600 3.01553
20700 3.01559
20800 3.01564
20900 3.01569
21000 3.01574
21000 3.01574
21100 3.0158
21200 3.01585
21300 3.0159
21400 3.01595
21500 3.016
21600 3.01606
21700 3.01611
21800 3.01616
21900 3.01621
22000 3.01626
22000 3.01626
22100 3.01632
22200 3.01637
22300 3.01642
22400 3.01647
22500 3.01652
22522 3.01654
22522 3.01654
22528 3.01592
22528 3.01592
22600 3.01596
22700 3.01601
22800 3.01606
22900 3.01611
23000 3.01617
23000 3.01617
23100 3.01622
23200 3.01627
23300 3.01632
23400 3.01637
23500 3.01643
23600 3.01648
23700 3.01653
23800 3.01658
23900 3.01663
24000 3.01669
24000 3.01669
24100 3.01674
24200 3.01679
24300 3.01684
24400 3.01689
24500 3.01695
24570 3.01698
24570 3.01698
24576 3.01637
24576 3.01637
24578 3.01525
24578 3.01525
24578 3.01525
24578 3.01525
24600 3.01526
24700 3.01531
24800 3.01536
24900 3.01541
25000 3.01547
25000 3.01547
25100 3.01552
25200 3.01557
25300 3.01562
25400 3.01568
25500 3.01573
25600 3.01578
25700 3.01583
25800 3.01588
25900 3.01594
26000 3.01599
26000 3.01599
26100 3.01604
26200 3.01609
26300 3.01614
26400 3.0162
26500 3.01625
26600 3.0163
26618 3.01631
26618 3.01631
26624 3.01569
26624 3.01569
26626 3.01466
26626 3.01466
26626 3.01466
26626 3.01466
26700 3.01469
26800 3.01475
26900 3.0148
27000 3.01485
27000 3.01485
27100 3.0149
27200 3.01496
27300 3.01501
27400 3.01506
27500 3.01511
27600 3.01517
27700 3.01522
27800 3.01527
27900 3.01532
28000 3.01537
28000 3.01537
28100 3.01543
28200 3.01548
28300 3.01553
28400 3.01558
28500 3.01564
28600 3.01569
28666 3.01572
28666 3.01572
28672 3.01511
28672 3.01511
28674 3.01399
28674 3.01399
28674 3.01399
28674 3.01399
28700 3.014
28800 3.01405
28900 3.01411
29000 3.01416
29000 3.01416
29100 3.01421
29200 3.01426
29300 3.01432
29400 3.01437
29500 3.01442
29600 3.01447
29700 3.01452
29800 3.01458
29900 3.01463
30000 3.01468
30000 3.01468
30082 3.01473
30082 3.01473
30082 3.01473
30082 3.01473
30082 3.01473
30086 3.00994
30086 3.00994
30087 3.00992
30087 3.00992
30088 3.00942
30088 3.00942
30088 3.00942
30088 3.00942
30100 3.00942
30200 3.00948
30300 3.00953
30400 3.00958
30500 3.00964
30600 3.00969
30700 3.00974
30714 3.00975
30714 3.00975
30720 3.00914
30720 3.00914
30722 3.0081
30722 3.0081
30722 3.0081
30722 3.0081
30800 3.00814
30900 3.0082
31000 3.00825
31000 3.00825
31100 3.0083
31200 3.00836
31300 3.00841
31400 3.00846
31500 3.00852
31600 3.00857
31700 3.00862
31800 3.00868
31900 3.00873
32000 3.00878
32000 3.00878
32100 3.00884
32200 3.00889
32300 3.00894
32400 3.009
32500 3.00905
32600 3.0091
32700 3.00916
32762 3.00919
32762 3.00919
32768 3.00858
32768 3.00858
32770 3.0074
32770 3.0074
32770 3.0074
32770 3.0074
32800 3.00741
32900 3.00747
33000 3.00752
33000 3.00752
33100 3.00758
33200 3.00763
33300 3.00768
33400 3.00774
33500 3.00779
33600 3.00784
33700 3.0079
33800 3.00795
33900 3.008
34000 3.00806
34000 3.00806
34100 3.00811
34200 3.00816
34300 3.00822
34400 3.00827
34500 3.00833
34600 3.00838
34700 3.00843
34800 3.00849
34810 3.00849
34810 3.00849
34816 3.00788
34816 3.00788
34900 3.00792
35000 3.00798
35000 3.00798
35100 3.00803
35200 3.00808
35300 3.00814
35400 3.00819
35500 3.00824
35600 3.0083
35700 3.00835
35800 3.0084
35900 3.00846
36000 3.00851
36000 3.00851
36100 3.00856
36200 3.00862
36300 3.00867
36400 3.00872
36500 3.00878
36600 3.00883
36700 3.00888
36800 3.00894
36858 3.00897
36858 3.00897
36864 3.00835
36864 3.00835
36866 3.00724
36866 3.00724
36866 3.00724
36866 3.00724
36900 3.00726
37000 3.00731
37000 3.00731
37100 3.00736
37200 3.00742
37300 3.00747
37400 3.00752
37500 3.00758
37600 3.00763
37700 3.00769
37800 3.00774
37900 3.00779
38000 3.00785
38000 3.00785
38100 3.0079
38200 3.00795
38300 3.00801
38400 3.00806
38500 3.00811
38600 3.00817
38700 3.00822
38800 3.00827
38900 3.00833
38906 3.00833
38906 3.00833
38912 3.00772
38912 3.00772
38914 3.00668
38914 3.00668
38914 3.00668
38914 3.00668
39000 3.00673
39000 3.00673
39100 3.00678
39200 3.00684
39300 3.00689
39400 3.00694
39500 3.007
39600 3.00705
39700 3.0071
39800 3.00716
39900 3.00721
40000 3.00727
40000 3.00727
40082 3.00731
40082 3.00731
40082 3.00731
40082 3.00731
40082 3.00731
40086 3.00254
40086 3.00254
40087 3.00252
40087 3.00252
40088 3.00201
40088 3.00201
40088 3.00201
40088 3.00201
40100 3.00202
40200 3.00208
40300 3.00213
40400 3.00219
40500 3.00224
40600 3.00229
40700 3.00235
40800 3.0024
40900 3.00246
40954 3.00249
40954 3.00249
40960 3.00188
40960 3.00188
40962 3.0007
40962 3.0007
40962 3.0007
40962 3.0007
41000 3.00072
41000 3.00072
41100 3.00078
41200 3.00083
41300 3.00089
41400 3.00094
41500 3.001
41600 3.00105
41700 3.0011
41800 3.00116
41900 3.00121
42000 3.00127
42000 3.00127
42100 3.00132
42200 3.00138
42300 3.00143
42400 3.00149
42500 3.00154
42600 3.0016
42700 3.00165
42800 3.00171
42900 3.00176
43000 3.00182
43000 3.00182
43002 3.00182
43002 3.00182
43008 3.00121
43008 3.00121
43100 3.00126
43200 3.00131
43300 3.00137
43400 3.00142
43500 3.00147
43600 3.00153
43700 3.00158
43800 3.00164
43900 3.00169
