0 3.03099
0 3.03099
0 3.03099
2 3.03099
2 3.03099
100 3.03099
200 3.03099
300 3.03099
400 3.03099
500 3.03099
600 3.03099
700 3.03099
800 3.03099
900 3.03099
1000 3.03099
1000 3.03099
1100 3.03099
1200 3.03099
1300 3.03099
1400 3.03099
1500 3.03099
1600 3.03099
1700 3.03099
1800 3.03099
1900 3.03099
2000 3.03099
2000 3.03099
2048 3.03099
2048 3.03099
2050 3.03099
2050 3.03099
2100 3.03099
2200 3.03099
2300 3.03099
2400 3.03099
2500 3.03099
2600 3.03099
2700 3.03099
2800 3.03099
2900 3.03099
3000 3.03099
3000 3.03099
3100 3.03099
3200 3.03099
3300 3.03099
3400 3.03099
3500 3.03099
3600 3.03099
3700 3.03099
3800 3.03099
3900 3.03099
4000 3.03099
4000 3.03099
4096 3.03099
4096 3.03099
4098 3.03099
4098 3.03099
4100 3.03099
4200 3.03099
4300 3.03099
4400 3.03099
4500 3.03099
4502 3.03099
4502 3.03099
4504 3.03099
4504 3.03099
4504 3.03099
4504 3.03099
4505 3.03099
4505 3.03099
4505 3.03099
4505 3.03099
4506 3.03099
4506 3.03099
4506 3.03099
4506 3.03099
4507 3.03099
4507 3.03099
4600 3.03099
4700 3.03099
4800 3.03099
4900 3.03099
5000 3.03099
5000 3.03099
5100 3.03099
5200 3.03099
5300 3.03099
5400 3.03099
5500 3.03099
5600 3.03099
5700 3.03099
5800 3.03099
5900 3.03099
6000 3.03099
6000 3.03099
6100 3.03099
6144 3.03099
6144 3.03099
6146 3.02994
6146 3.02994
6146 3.02994
6146 3.02994
6200 3.02996
6300 3.02998
6400 3.03001
6500 3.03003
6600 3.03006
6700 3.03008
6800 3.0301
6900 3.03013
7000 3.03015
7000 3.03015
7100 3.03018
7200 3.0302
7300 3.03023
7400 3.03025
7500 3.03028
7600 3.0303
7700 3.03033
7800 3.03035
7900 3.03038
8000 3.0304
8000 3.0304
8100 3.03043
8186 3.03045
8186 3.03045
8192 3.02983
8192 3.02983
8194 3.0287
8194 3.0287
8194 3.0287
8194 3.0287
8200 3.0287
8300 3.02873
8400 3.02875
8500 3.02878
8600 3.0288
8700 3.02883
8800 3.02885
8900 3.02888
9000 3.0289
9000 3.0289
9100 3.02893
9200 3.02895
9300 3.02898
9400 3.029
9500 3.02903
9600 3.02905
9700 3.02908
9800 3.0291
9900 3.02913
10000 3.02915
10000 3.02915
10082 3.02917
10082 3.02917
10082 3.02917
10082 3.02917
10082 3.02917
10086 3.02436
10086 3.02436
10087 3.02435
10087 3.02435
10088 3.02384
10088 3.02384
10088 3.02384
10088 3.02384
10100 3.02384
10200 3.02386
10234 3.02387
10234 3.02387
10240 3.02325
10240 3.02325
10242 3.02221
10242 3.02221
10242 3.02221
10242 3.02221
10300 3.02223
10400 3.02225
10500 3.02228
10600 3.0223
10700 3.02233
10800 3.02235
10900 3.02238
11000 3.0224
11000 3.0224
11100 3.02243
11200 3.02246
11300 3.02248
11400 3.02251
11500 3.02253
11600 3.02256
11700 3.02258
11800 3.02261
11900 3.02263
12000 3.02266
12000 3.02266
12100 3.02268
12200 3.02271
12282 3.02273
12282 3.02273
12288 3.02211
12288 3.02211
12290 3.02093
12290 3.02093
12290 3.02093
12290 3.02093
12300 3.02093
12400 3.02096
12500 3.02098
12600 3.02101
12700 3.02103
12800 3.02106
12900 3.02108
13000 3.02111
13000 3.02111
13100 3.02113
13200 3.02116
13300 3.02119
13400 3.02121
13500 3.02124
13600 3.02126
13700 3.02129
13800 3.02131
13900 3.02134
14000 3.02136
14000 3.02136
14100 3.02139
14200 3.02142
14300 3.02144
14330 3.02145
14330 3.02145
14336 3.02083
14336 3.02083
14400 3.02085
14500 3.02087
14600 3.0209
14700 3.02092
14800 3.02095
14900 3.02097
15000 3.021
15000 3.021
15100 3.02103
15200 3.02105
15300 3.02108
15400 3.0211
15500 3.02113
15600 3.02115
15700 3.02118
15800 3.0212
15900 3.02123
16000 3.02126
16000 3.02126
16100 3.02128
16200 3.02131
16300 3.02133
16378 3.02135
16378 3.02135
16384 3.02073
16384 3.02073
16386 3.01961
16386 3.01961
16386 3.01961
16386 3.01961
16400 3.01962
16500 3.01964
16600 3.01967
16700 3.01969
16800 3.01972
16900 3.01974
17000 3.01977
17000 3.01977
17100 3.0198
17200 3.01982
17300 3.01985
17400 3.01987
17500 3.0199
17600 3.01992
17700 3.01995
17800 3.01997
17900 3.02
18000 3.02003
18000 3.02003
18100 3.02005
18200 3.02008
18300 3.0201
18400 3.02013
18426 3.02014
18426 3.02014
18432 3.01952
18432 3.01952
18434 3.01848
18434 3.01848
18434 3.01848
18434 3.01848
18500 3.01849
18600 3.01852
18700 3.01855
18800 3.01857
18900 3.0186
19000 3.01862
19000 3.01862
19100 3.01865
19200 3.01867
19300 3.0187
19400 3.01873
19500 3.01875
19600 3.01878
19700 3.0188
19800 3.01883
19900 3.01886
20000 3.01888
20000 3.01888
20082 3.0189
20082 3.0189
20082 3.0189
20082 3.0189
20082 3.0189
20086 3.01411
20086 3.01411
20087 3.01409
20087 3.01409
20088 3.01358
20088 3.01358
20088 3.01358
20088 3.01358
20100 3.01359
20200 3.01361
20300 3.01364
20400 3.01367
20474 3.01369
20474 3.01369
20480 3.01307
20480 3.01307
20482 3.01189
20482 3.01189
20482 3.01189
20482 3.01189
20500 3.01189
20600 3.01192
20700 3.01195
20800 3.01197
20900 3.012
21000 3.01203
21000 3.01203
21100 3.01205
21200 3.01208
21300 3.0121
21400 3.01213
21500 3.01216
21600 3.01218
21700 3.01221
21800 3.01224
21900 3.01226
22000 3.01229
22000 3.01229
22100 3.01232
22200 3.01234
22300 3.01237
22400 3.01239
22500 3.01242
22522 3.01243
22522 3.01243
22528 3.01181
22528 3.01181
22600 3.01183
22700 3.01186
22800 3.01188
22900 3.01191
23000 3.01193
23000 3.01193
23100 3.01196
23200 3.01199
23300 3.01201
23400 3.01204
23500 3.01207
23600 3.01209
23700 3.01212
23800 3.01215
23900 3.01217
24000 3.0122
24000 3.0122
24100 3.01223
24200 3.01225
24300 3.01228
24400 3.0123
24500 3.01233
24570 3.01235
24570 3.01235
24576 3.01173
24576 3.01173
24578 3.01061
24578 3.01061
24578 3.01061
24578 3.01061
24600 3.01062
24700 3.01065
24800 3.01067
24900 3.0107
25000 3.01073
25000 3.01073
25100 3.01075
25200 3.01078
25300 3.01081
25400 3.01083
25500 3.01086
25600 3.01088
25700 3.01091
25800 3.01094
25900 3.01096
26000 3.01099
26000 3.01099
26100 3.01102
26200 3.01104
26300 3.01107
26400 3.0111
26500 3.01112
26600 3.01115
26618 3.01115
26618 3.01115
26624 3.01054
26624 3.01054
26626 3.0095
26626 3.0095
26626 3.0095
26626 3.0095
26700 3.00952
26800 3.00955
26900 3.00957
27000 3.0096
27000 3.0096
27100 3.00963
27200 3.00965
27300 3.00968
27400 3.00971
27500 3.00973
27600 3.00976
27700 3.00979
27800 3.00981
27900 3.00984
28000 3.00987
28000 3.00987
28100 3.00989
28200 3.00992
28300 3.00995
28400 3.00997
28500 3.01
28600 3.01003
28666 3.01004
28666 3.01004
28672 3.00943
28672 3.00943
28674 3.00831
28674 3.00831
28674 3.00831
28674 3.00831
28700 3.00832
28800 3.00834
28900 3.00837
29000 3.0084
29000 3.0084
29100 3.00842
29200 3.00845
29300 3.00848
29400 3.0085
29500 3.00853
29600 3.00856
29700 3.00858
29800 3.00861
29900 3.00864
30000 3.00866
30000 3.00866
30082 3.00869
30082 3.00869
30082 3.00869
30082 3.00869
30082 3.00869
30086 3.00391
30086 3.00391
30087 3.00389
30087 3.00389
30088 3.00339
30088 3.00339
30088 3.00339
30088 3.00339
30100 3.00339
30200 3.00342
30300 3.00344
30400 3.00347
30500 3.0035
30600 3.00353
30700 3.00355
30714 3.00356
30714 3.00356
30720 3.00294
30720 3.00294
30722 3.00191
30722 3.00191
30722 3.00191
30722 3.00191
30800 3.00193
30900 3.00196
31000 3.00198
31000 3.00198
31100 3.00201
31200 3.00204
31300 3.00207
31400 3.00209
31500 3.00212
31600 3.00215
31700 3.00217
31800 3.0022
31900 3.00223
32000 3.00226
32000 3.00226
32100 3.00228
32200 3.00231
32300 3.00234
32400 3.00237
32500 3.00239
32600 3.00242
32700 3.00245
32762 3.00246
32762 3.00246
32768 3.00185
32768 3.00185
32770 3.00067
32770 3.00067
32770 3.00067
32770 3.00067
32800 3.00068
32900 3.00071
33000 3.00074
33000 3.00074
33100 3.00076
33200 3.00079
33300 3.00082
33400 3.00085
33500 3.00087
33600 3.0009
33700 3.00093
33800 3.00096
33900 3.00098
34000 3.00101
34000 3.00101
34100 3.00104
34200 3.00107
34300 3.00109
34400 3.00112
34500 3.00115
34600 3.00118
34700 3.0012
34800 3.00123
34810 3.00123
34810 3.00123
34816 3.00062
34816 3.00062
34900 3.00064
35000 3.00067
35000 3.00067
35100 3.0007
35200 3.00072
35300 3.00075
35400 3.00078
35500 3.00081
35600 3.00083
35700 3.00086
35800 3.00089
35900 3.00092
36000 3.00094
36000 3.00094
36100 3.00097
36200 3.001
36300 3.00103
36400 3.00105
36500 3.00108
36600 3.00111
36700 3.00114
36800 3.00116
36858 3.00118
36858 3.00118
36864 3.00056
36864 3.00056
36866 2.99945
36866 2.99945
36866 2.99945
36866 2.99945
36900 2.99946
37000 2.99949
37000 2.99949
37100 2.99951
37200 2.99954
37300 2.99957
37400 2.9996
37500 2.99962
37600 2.99965
37700 2.99968
37800 2.99971
37900 2.99973
38000 2.99976
38000 2.99976
38100 2.99979
38200 2.99982
38300 2.99984
38400 2.99987
38500 2.9999
38600 2.99993
38700 2.99995
38800 2.99998
38900 3.00001
38906 3.00001
38906 3.00001
38912 2.9994
38912 2.9994
38914 2.99836
38914 2.99836
38914 2.99836
38914 2.99836
39000 2.99839
39000 2.99839
39100 2.99842
39200 2.99844
39300 2.99847
39400 2.9985
39500 2.99853
39600 2.99855
39700 2.99858
39800 2.99861
39900 2.99864
40000 2.99866
40000 2.99866
40082 2.99869
40082 2.99869
40082 2.99869
40082 2.99869
40082 2.99869
40086 2.99393
40086 2.99393
40087 2.99391
40087 2.99391
40088 2.99341
40088 2.99341
40088 2.99341
40088 2.99341
40100 2.99341
40200 2.99344
40300 2.99346
40400 2.99349
40500 2.99352
40600 2.99355
40700 2.99358
40800 2.99361
40900 2.99363
40954 2.99365
40954 2.99365
40960 2.99304
40960 2.99304
40962 2.99186
40962 2.99186
40962 2.99186
40962 2.99186
41000 2.99187
41000 2.99187
41100 2.9919
41200 2.99193
41300 2.99196
41400 2.99199
41500 2.99202
41600 2.99204
41700 2.99207
41800 2.9921
41900 2.99213
42000 2.99216
42000 2.99216
42100 2.99218
42200 2.99221
42300 2.99224
42400 2.99227
42500 2.9923
42600 2.99233
42700 2.99235
42800 2.99238
42900 2.99241
43000 2.99244
43000 2.99244
43002 2.99244
43002 2.99244
43008 2.99183
43008 2.99183
43100 2.99185
43200 2.99188
43300 2.99191
43400 2.99194
43500 2.99197
43600 2.99199
43700 2.99202
43800 2.99205
43900 2.99208
