0 3.03099
0 3.03099
0 3.03099
2 3.03099
2 3.03099
100 3.03099
200 3.03099
300 3.03099
400 3.03099
500 3.03099
600 3.03099
700 3.03099
800 3.03099
900 3.03099
1000 3.03099
1000 3.03099
1100 3.03099
1200 3.03099
1300 3.03099
1400 3.03099
1500 3.03099
1600 3.03099
1700 3.03099
1800 3.03099
1900 3.03099
2000 3.03099
2000 3.03099
2048 3.03099
2048 3.03099
2050 3.03099
2050 3.03099
2100 3.03099
2200 3.03099
2300 3.03099
2400 3.03099
2500 3.03099
2600 3.03099
2700 3.03099
2800 3.03099
2900 3.03099
3000 3.03099
3000 3.03099
3100 3.03099
3200 3.03099
3300 3.03099
3400 3.03099
3500 3.03099
3600 3.03099
3700 3.03099
3800 3.03099
3900 3.03099
4000 3.03099
4000 3.03099
4096 3.03099
4096 3.03099
4098 3.03099
4098 3.03099
4100 3.03099
4200 3.03099
4300 3.03099
4400 3.03099
4500 3.03099
4502 3.03099
4502 3.03099
4504 3.03099
4504 3.03099
4504 3.03099
4504 3.03099
4505 3.03099
4505 3.03099
4505 3.03099
4505 3.03099
4506 3.03099
4506 3.03099
4506 3.03099
4506 3.03099
4507 3.03099
4507 3.03099
4600 3.03099
4700 3.03099
4800 3.03099
4900 3.03099
5000 3.03099
5000 3.03099
5100 3.03099
5200 3.03099
5300 3.03099
5400 3.03099
5500 3.03099
5600 3.03099
5700 3.03099
5800 3.03099
5900 3.03099
6000 3.03099
6000 3.03099
6100 3.03099
6144 3.03099
6144 3.03099
6146 3.02995
6146 3.02995
6146 3.02995
6146 3.02995
6200 3.03022
6300 3.03072
6400 3.03121
6500 3.0317
6600 3.03219
6700 3.03269
6800 3.03318
6900 3.03367
7000 3.03415
7000 3.03415
7100 3.03464
7200 3.03513
7300 3.03562
7400 3.0361
7500 3.03658
7600 3.03707
7700 3.03755
7800 3.03803
7900 3.03851
8000 3.03899
8000 3.03899
8100 3.03947
8186 3.03988
8186 3.03988
8192 3.03929
8192 3.03929
8194 3.03817
8194 3.03817
8194 3.03817
8194 3.03817
8200 3.0382
8300 3.03868
8400 3.03916
8500 3.03963
8600 3.04011
8700 3.04059
8800 3.04106
8900 3.04154
9000 3.04201
9000 3.04201
9100 3.04249
9200 3.04296
9300 3.04343
9400 3.0439
9500 3.04437
9600 3.04484
9700 3.04531
9800 3.04578
9900 3.04624
10000 3.04671
10000 3.04671
10082 3.04709
10082 3.04709
10082 3.04709
10082 3.04709
10082 3.04709
10086 3.04228
10086 3.04228
10087 3.04226
10087 3.04226
10088 3.04175
10088 3.04175
10088 3.04175
10088 3.04175
10100 3.04181
10200 3.04228
10234 3.04244
10234 3.04244
10240 3.04184
10240 3.04184
10242 3.04081
10242 3.04081
10242 3.04081
10242 3.04081
10300 3.04108
10400 3.04156
10500 3.04203
10600 3.0425
10700 3.04298
10800 3.04345
10900 3.04392
11000 3.04439
11000 3.04439
11100 3.04486
11200 3.04533
11300 3.04579
11400 3.04626
11500 3.04672
11600 3.04719
11700 3.04765
11800 3.04812
11900 3.04858
12000 3.04904
12000 3.04904
12100 3.0495
12200 3.04996
12282 3.05034
12282 3.05034
12288 3.04974
12288 3.04974
12290 3.04855
12290 3.04855
12290 3.04855
12290 3.04855
12300 3.0486
12400 3.04906
12500 3.04952
12600 3.04998
12700 3.05044
12800 3.05089
12900 3.05135
13000 3.05181
13000 3.05181
13100 3.05226
13200 3.05272
13300 3.05317
13400 3.05362
13500 3.05408
13600 3.05453
13700 3.05498
13800 3.05543
13900 3.05588
14000 3.05632
14000 3.05632
14100 3.05677
14200 3.05722
14300 3.05766
14330 3.0578
14330 3.0578
14336 3.0572
14336 3.0572
14400 3.05748
14500 3.05793
14600 3.05837
14700 3.05881
14800 3.05926
14900 3.0597
15000 3.06014
15000 3.06014
15100 3.06058
15200 3.06102
15300 3.06146
15400 3.06189
15500 3.06233
15600 3.06277
15700 3.0632
15800 3.06364
15900 3.06407
16000 3.0645
16000 3.0645
16100 3.06493
16200 3.06537
16300 3.0658
16378 3.06613
16378 3.06613
16384 3.06553
16384 3.06553
16386 3.0644
16386 3.0644
16386 3.0644
16386 3.0644
16400 3.06446
16500 3.06489
16600 3.06532
16700 3.06575
16800 3.06618
16900 3.06661
17000 3.06704
17000 3.06704
17100 3.06747
17200 3.06789
17300 3.06832
17400 3.06874
17500 3.06917
17600 3.06959
17700 3.07001
17800 3.07044
17900 3.07086
18000 3.07128
18000 3.07128
18100 3.0717
18200 3.07212
18300 3.07253
18400 3.07295
18426 3.07306
18426 3.07306
18432 3.07245
18432 3.07245
18434 3.0714
18434 3.0714
18434 3.0714
18434 3.0714
18500 3.07168
18600 3.0721
18700 3.07252
18800 3.07294
18900 3.07335
19000 3.07377
19000 3.07377
19100 3.07418
19200 3.0746
19300 3.07501
19400 3.07542
19500 3.07584
19600 3.07625
19700 3.07666
19800 3.07707
19900 3.07748
20000 3.07788
20000 3.07788
20082 3.07822
20082 3.07822
20082 3.07822
20082 3.07822
20082 3.07822
20086 3.07335
20086 3.07335
20087 3.07333
20087 3.07333
20088 3.07282
20088 3.07282
20088 3.07282
20088 3.07282
20100 3.07287
20200 3.07329
20300 3.0737
20400 3.07412
20474 3.07443
20474 3.07443
20480 3.07382
20480 3.07382
20482 3.07262
20482 3.07262
20482 3.07262
20482 3.07262
20500 3.0727
20600 3.07311
20700 3.07353
20800 3.07395
20900 3.07436
21000 3.07477
21000 3.07477
21100 3.07519
21200 3.0756
21300 3.07601
21400 3.07642
21500 3.07683
21600 3.07724
21700 3.07765
21800 3.07806
21900 3.07847
22000 3.07887
22000 3.07887
22100 3.07928
22200 3.07968
22300 3.08009
22400 3.08049
22500 3.08089
22522 3.08098
22522 3.08098
22528 3.08037
22528 3.08037
22600 3.08066
22700 3.08107
22800 3.08147
22900 3.08187
23000 3.08227
23000 3.08227
23100 3.08267
23200 3.08307
23300 3.08347
23400 3.08386
23500 3.08426
23600 3.08465
23700 3.08505
23800 3.08544
23900 3.08584
24000 3.08623
24000 3.08623
24100 3.08662
24200 3.08701
24300 3.08741
24400 3.0878
24500 3.08818
24570 3.08846
24570 3.08846
24576 3.08785
24576 3.08785
24578 3.08671
24578 3.08671
24578 3.08671
24578 3.08671
24600 3.08679
24700 3.08718
24800 3.08757
24900 3.08796
25000 3.08835
25000 3.08835
25100 3.08874
25200 3.08913
25300 3.08952
25400 3.0899
25500 3.09029
25600 3.09067
25700 3.09106
25800 3.09144
25900 3.09182
26000 3.0922
26000 3.0922
26100 3.09259
26200 3.09297
26300 3.09335
26400 3.09372
26500 3.0941
26600 3.09448
26618 3.09455
26618 3.09455
26624 3.09394
26624 3.09394
26626 3.09288
26626 3.09288
26626 3.09288
26626 3.09288
26700 3.09316
26800 3.09354
26900 3.09392
27000 3.0943
27000 3.0943
27100 3.09467
27200 3.09505
27300 3.09543
27400 3.0958
27500 3.09618
27600 3.09655
27700 3.09692
27800 3.0973
27900 3.09767
28000 3.09804
28000 3.09804
28100 3.09841
28200 3.09878
28300 3.09915
28400 3.09952
28500 3.09988
28600 3.10025
28666 3.10049
28666 3.10049
28672 3.09988
28672 3.09988
28674 3.09873
28674 3.09873
28674 3.09873
28674 3.09873
28700 3.09883
28800 3.0992
28900 3.09957
29000 3.09994
29000 3.09994
29100 3.1003
29200 3.10067
29300 3.10103
29400 3.1014
29500 3.10176
29600 3.10213
29700 3.10249
29800 3.10285
29900 3.10321
30000 3.10358
30000 3.10358
30082 3.10387
30082 3.10387
30082 3.10387
30082 3.10387
30082 3.10387
30086 3.09896
30086 3.09896
30087 3.09894
30087 3.09894
30088 3.09842
30088 3.09842
30088 3.09842
30088 3.09842
30100 3.09847
30200 3.09884
30300 3.09921
30400 3.09958
30500 3.09994
30600 3.10031
30700 3.10068
30714 3.10073
30714 3.10073
30720 3.10011
30720 3.10011
30722 3.09905
30722 3.09905
30722 3.09905
30722 3.09905
30800 3.09934
30900 3.09971
31000 3.10008
31000 3.10008
31100 3.10044
31200 3.10081
31300 3.10117
31400 3.10154
31500 3.1019
31600 3.10227
31700 3.10263
31800 3.10299
31900 3.10335
32000 3.10371
32000 3.10371
32100 3.10407
32200 3.10443
32300 3.10479
32400 3.10515
32500 3.10551
32600 3.10586
32700 3.10622
32762 3.10644
32762 3.10644
32768 3.10583
32768 3.10583
32770 3.10462
32770 3.10462
32770 3.10462
32770 3.10462
32800 3.10472
32900 3.10508
33000 3.10544
33000 3.10544
33100 3.1058
33200 3.10615
33300 3.10651
33400 3.10686
33500 3.10722
33600 3.10757
33700 3.10792
33800 3.10828
33900 3.10863
34000 3.10898
34000 3.10898
34100 3.10933
34200 3.10968
34300 3.11003
34400 3.11038
34500 3.11072
34600 3.11107
34700 3.11142
34800 3.11176
34810 3.1118
34810 3.1118
34816 3.11118
34816 3.11118
34900 3.11147
35000 3.11182
35000 3.11182
35100 3.11216
35200 3.11251
35300 3.11285
35400 3.11319
35500 3.11354
35600 3.11388
35700 3.11422
35800 3.11456
35900 3.1149
36000 3.11524
36000 3.11524
36100 3.11558
36200 3.11592
36300 3.11626
36400 3.11659
36500 3.11693
36600 3.11727
36700 3.1176
36800 3.11794
36858 3.11813
36858 3.11813
36864 3.11751
36864 3.11751
36866 3.11636
36866 3.11636
36866 3.11636
36866 3.11636
36900 3.11647
37000 3.11681
37000 3.11681
37100 3.11715
37200 3.11748
37300 3.11782
37400 3.11815
37500 3.11848
37600 3.11882
37700 3.11915
37800 3.11948
37900 3.11981
38000 3.12014
38000 3.12014
38100 3.12047
38200 3.1208
38300 3.12113
38400 3.12146
38500 3.12179
38600 3.12211
38700 3.12244
38800 3.12277
38900 3.12309
38906 3.12311
38906 3.12311
38912 3.12249
38912 3.12249
38914 3.12142
38914 3.12142
38914 3.12142
38914 3.12142
39000 3.1217
39000 3.1217
39100 3.12203
39200 3.12235
39300 3.12268
39400 3.12301
39500 3.12333
39600 3.12365
39700 3.12398
39800 3.1243
39900 3.12462
40000 3.12494
40000 3.12494
40082 3.12521
40082 3.12521
40082 3.12521
40082 3.12521
40082 3.12521
40086 3.12026
40086 3.12026
40087 3.12025
40087 3.12025
40088 3.11972
40088 3.11972
40088 3.11972
40088 3.11972
40100 3.11976
40200 3.12009
40300 3.12042
40400 3.12075
40500 3.12108
40600 3.12141
40700 3.12174
40800 3.12206
40900 3.12239
40954 3.12257
40954 3.12257
40960 3.12194
40960 3.12194
40962 3.12073
40962 3.12073
40962 3.12073
40962 3.12073
41000 3.12085
41000 3.12085
41100 3.12118
41200 3.12151
41300 3.12184
41400 3.12216
41500 3.12249
41600 3.12282
41700 3.12314
41800 3.12347
41900 3.12379
42000 3.12411
42000 3.12411
42100 3.12443
42200 3.12476
42300 3.12508
42400 3.1254
42500 3.12572
42600 3.12604
42700 3.12636
42800 3.12668
42900 3.127
43000 3.12731
43000 3.12731
43002 3.12732
43002 3.12732
43008 3.1267
43008 3.1267
43100 3.12699
43200 3.12731
43300 3.12762
43400 3.12794
43500 3.12825
43600 3.12857
43700 3.12888
43800 3.1292
43900 3.12951
