0 3.03099
0 3.03099
0 3.03099
2 3.03099
2 3.03099
100 3.03099
200 3.03099
300 3.03099
400 3.03099
500 3.03099
600 3.03099
700 3.03099
800 3.03099
900 3.03099
1000 3.03099
1000 3.03099
1100 3.03099
1200 3.03099
1300 3.03099
1400 3.03099
1500 3.03099
1600 3.03099
1700 3.03099
1800 3.03099
1900 3.03099
2000 3.03099
2000 3.03099
2048 3.03099
2048 3.03099
2050 3.03099
2050 3.03099
2100 3.03099
2200 3.03099
2300 3.03099
2400 3.03099
2500 3.03099
2600 3.03099
2700 3.03099
2800 3.03099
2900 3.03099
3000 3.03099
3000 3.03099
3100 3.03099
3200 3.03099
3300 3.03099
3400 3.03099
3500 3.03099
3600 3.03099
3700 3.03099
3800 3.03099
3900 3.03099
4000 3.03099
4000 3.03099
4096 3.03099
4096 3.03099
4098 3.03099
4098 3.03099
4100 3.03099
4200 3.03099
4300 3.03099
4400 3.03099
4500 3.03099
4502 3.03099
4502 3.03099
4504 3.03099
4504 3.03099
4504 3.03099
4504 3.03099
4505 3.03099
4505 3.03099
4505 3.03099
4505 3.03099
4506 3.03099
4506 3.03099
4506 3.03099
4506 3.03099
4507 3.03099
4507 3.03099
4600 3.03099
4700 3.03099
4800 3.03099
4900 3.03099
5000 3.03099
5000 3.03099
5100 3.03099
5200 3.03099
5300 3.03099
5400 3.03099
5500 3.03099
5600 3.03099
5700 3.03099
5800 3.03099
5900 3.03099
6000 3.03099
6000 3.03099
6100 3.03099
6144 3.03099
6144 3.03099
6146 3.02577
6146 3.02577
6146 3.02577
6146 3.02577
6200 3.02577
6300 3.02577
6400 3.02577
6500 3.02577
6600 3.02577
6700 3.02577
6800 3.02577
6900 3.02577
7000 3.02577
7000 3.02577
7100 3.02577
7200 3.02577
7300 3.02577
7400 3.02576
7500 3.02576
7600 3.02576
7700 3.02576
7800 3.02576
7900 3.02576
8000 3.02576
8000 3.02576
8100 3.02576
8186 3.02576
8186 3.02576
8192 3.02266
8192 3.02266
8194 3.01705
8194 3.01705
8194 3.01705
8194 3.01705
8200 3.01705
8300 3.01705
8400 3.01705
8500 3.01705
8600 3.01705
8700 3.01705
8800 3.01705
8900 3.01704
9000 3.01704
9000 3.01704
9100 3.01704
9200 3.01704
9300 3.01704
9400 3.01704
9500 3.01704
9600 3.01704
9700 3.01704
9800 3.01704
9900 3.01704
10000 3.01704
10000 3.01704
10082 3.01704
10082 3.01704
10082 3.01704
10082 3.01704
10082 3.01704
10086 2.99317
10086 2.99317
10087 2.99309
10087 2.99309
10088 2.99056
10088 2.99056
10088 2.99056
10088 2.99056
10100 2.99056
10200 2.99056
10234 2.99056
10234 2.99056
10240 2.98749
10240 2.98749
10242 2.98235
10242 2.98235
10242 2.98235
10242 2.98235
10300 2.98235
10400 2.98235
10500 2.98235
10600 2.98234
10700 2.98234
10800 2.98234
10900 2.98234
11000 2.98234
11000 2.98234
11100 2.98234
11200 2.98234
11300 2.98234
11400 2.98234
11500 2.98234
11600 2.98234
11700 2.98234
11800 2.98234
11900 2.98234
12000 2.98234
12000 2.98234
12100 2.98234
12200 2.98234
12282 2.98234
12282 2.98234
12288 2.97928
12288 2.97928
12290 2.97345
12290 2.97345
12290 2.97345
12290 2.97345
12300 2.97345
12400 2.97345
12500 2.97345
12600 2.97345
12700 2.97345
12800 2.97345
12900 2.97345
13000 2.97345
13000 2.97345
13100 2.97345
13200 2.97345
13300 2.97345
13400 2.97345
13500 2.97344
13600 2.97344
13700 2.97344
13800 2.97344
13900 2.97344
14000 2.97344
14000 2.97344
14100 2.97344
14200 2.97344
14300 2.97344
14330 2.97344
14330 2.97344
14336 2.97039
14336 2.97039
14400 2.97039
14500 2.97039
14600 2.97039
14700 2.97039
14800 2.97039
14900 2.97039
15000 2.97039
15000 2.97039
15100 2.97039
15200 2.97039
15300 2.97039
15400 2.97039
15500 2.97039
15600 2.97039
15700 2.97039
15800 2.97039
15900 2.97039
16000 2.97039
16000 2.97039
16100 2.97039
16200 2.97039
16300 2.97039
16378 2.97039
16378 2.97039
16384 2.96734
16384 2.96734
16386 2.96183
16386 2.96183
16386 2.96183
16386 2.96183
16400 2.96183
16500 2.96183
16600 2.96183
16700 2.96183
16800 2.96183
16900 2.96183
17000 2.96183
17000 2.96183
17100 2.96183
17200 2.96183
17300 2.96183
17400 2.96183
17500 2.96183
17600 2.96183
17700 2.96183
17800 2.96183
17900 2.96183
18000 2.96183
18000 2.96183
18100 2.96183
18200 2.96183
18300 2.96183
18400 2.96183
18426 2.96183
18426 2.96183
18432 2.95879
18432 2.95879
18434 2.95369
18434 2.95369
18434 2.95369
18434 2.95369
18500 2.95369
18600 2.95369
18700 2.95369
18800 2.95369
18900 2.95369
19000 2.95369
19000 2.95369
19100 2.95369
19200 2.95369
19300 2.95369
19400 2.95369
19500 2.95369
19600 2.95369
19700 2.95369
19800 2.95369
19900 2.95369
20000 2.95369
20000 2.95369
20082 2.95369
20082 2.95369
20082 2.95369
20082 2.95369
20082 2.95369
20086 2.93032
20086 2.93032
20087 2.93024
20087 2.93024
20088 2.92776
20088 2.92776
20088 2.92776
20088 2.92776
20100 2.92776
20200 2.92776
20300 2.92776
20400 2.92776
20474 2.92776
20474 2.92776
20480 2.92476
20480 2.92476
20482 2.91903
20482 2.91903
20482 2.91903
20482 2.91903
20500 2.91903
20600 2.91903
20700 2.91903
20800 2.91903
20900 2.91903
21000 2.91903
21000 2.91903
21100 2.91903
21200 2.91903
21300 2.91903
21400 2.91903
21500 2.91903
21600 2.91903
21700 2.91903
21800 2.91903
21900 2.91903
22000 2.91903
22000 2.91903
22100 2.91903
22200 2.91903
22300 2.91903
22400 2.91903
22500 2.91903
22522 2.91902
22522 2.91902
22528 2.91603
22528 2.91603
22600 2.91603
22700 2.91603
22800 2.91603
22900 2.91603
23000 2.91603
23000 2.91603
23100 2.91603
23200 2.91603
23300 2.91603
23400 2.91603
23500 2.91603
23600 2.91603
23700 2.91603
23800 2.91603
23900 2.91603
24000 2.91603
24000 2.91603
24100 2.91603
24200 2.91603
24300 2.91603
24400 2.91603
24500 2.91603
24570 2.91603
24570 2.91603
24576 2.91303
24576 2.91303
24578 2.90763
24578 2.90763
24578 2.90763
24578 2.90763
24600 2.90763
24700 2.90763
24800 2.90763
24900 2.90763
25000 2.90762
25000 2.90762
25100 2.90762
25200 2.90762
25300 2.90762
25400 2.90762
25500 2.90762
25600 2.90762
25700 2.90762
25800 2.90762
25900 2.90762
26000 2.90762
26000 2.90762
26100 2.90762
26200 2.90762
26300 2.90762
26400 2.90762
26500 2.90762
26600 2.90762
26618 2.90762
26618 2.90762
26624 2.90464
26624 2.90464
26626 2.89964
26626 2.89964
26626 2.89964
26626 2.89964
26700 2.89964
26800 2.89964
26900 2.89964
27000 2.89964
27000 2.89964
27100 2.89964
27200 2.89964
27300 2.89964
27400 2.89963
27500 2.89963
27600 2.89963
27700 2.89963
27800 2.89963
27900 2.89963
28000 2.89963
28000 2.89963
28100 2.89963
28200 2.89963
28300 2.89963
28400 2.89963
28500 2.89963
28600 2.89963
28666 2.89963
28666 2.89963
28672 2.89666
28672 2.89666
28674 2.89128
28674 2.89128
28674 2.89128
28674 2.89128
28700 2.89128
28800 2.89128
28900 2.89128
29000 2.89128
29000 2.89128
29100 2.89128
29200 2.89128
29300 2.89128
29400 2.89128
29500 2.89128
29600 2.89128
29700 2.89128
29800 2.89128
29900 2.89128
30000 2.89128
30000 2.89128
30082 2.89128
30082 2.89128
30082 2.89128
30082 2.89128
30082 2.89128
30086 2.8684
30086 2.8684
30087 2.86832
30087 2.86832
30088 2.8659
30088 2.8659
30088 2.8659
30088 2.8659
30100 2.8659
30200 2.8659
30300 2.86589
30400 2.86589
30500 2.86589
30600 2.86589
30700 2.86589
30714 2.86589
30714 2.86589
30720 2.86295
30720 2.86295
30722 2.85802
30722 2.85802
30722 2.85802
30722 2.85802
30800 2.85802
30900 2.85802
31000 2.85802
31000 2.85802
31100 2.85802
31200 2.85802
31300 2.85802
31400 2.85802
31500 2.85802
31600 2.85802
31700 2.85802
31800 2.85802
31900 2.85802
32000 2.85802
32000 2.85802
32100 2.85802
32200 2.85802
32300 2.85802
32400 2.85802
32500 2.85802
32600 2.85802
32700 2.85802
32762 2.85802
32762 2.85802
32768 2.85509
32768 2.85509
32770 2.8495
32770 2.8495
32770 2.8495
32770 2.8495
32800 2.8495
32900 2.8495
33000 2.8495
33000 2.8495
33100 2.8495
33200 2.8495
33300 2.8495
33400 2.8495
33500 2.8495
33600 2.8495
33700 2.8495
33800 2.8495
33900 2.84949
34000 2.84949
34000 2.84949
34100 2.84949
34200 2.84949
34300 2.84949
34400 2.84949
34500 2.84949
34600 2.84949
34700 2.84949
34800 2.84949
34810 2.84949
34810 2.84949
34816 2.84657
34816 2.84657
34900 2.84657
35000 2.84657
35000 2.84657
35100 2.84657
35200 2.84657
35300 2.84657
35400 2.84657
35500 2.84657
35600 2.84657
35700 2.84657
35800 2.84657
35900 2.84657
36000 2.84657
36000 2.84657
36100 2.84657
36200 2.84657
36300 2.84657
36400 2.84657
36500 2.84657
36600 2.84657
36700 2.84657
36800 2.84656
36858 2.84656
36858 2.84656
36864 2.84365
36864 2.84365
36866 2.83837
36866 2.83837
36866 2.83837
36866 2.83837
36900 2.83837
37000 2.83836
37000 2.83836
37100 2.83836
37200 2.83836
37300 2.83836
37400 2.83836
37500 2.83836
37600 2.83836
37700 2.83836
37800 2.83836
37900 2.83836
38000 2.83836
38000 2.83836
38100 2.83836
38200 2.83836
38300 2.83836
38400 2.83836
38500 2.83836
38600 2.83836
38700 2.83836
38800 2.83836
38900 2.83836
38906 2.83836
38906 2.83836
38912 2.83545
38912 2.83545
38914 2.83057
38914 2.83057
38914 2.83057
38914 2.83057
39000 2.83057
39000 2.83057
39100 2.83057
39200 2.83057
39300 2.83057
39400 2.83057
39500 2.83056
39600 2.83056
39700 2.83056
39800 2.83056
39900 2.83056
40000 2.83056
40000 2.83056
40082 2.83056
40082 2.83056
40082 2.83056
40082 2.83056
40082 2.83056
40086 2.80817
40086 2.80817
40087 2.80809
40087 2.80809
40088 2.80572
40088 2.80572
40088 2.80572
40088 2.80572
40100 2.80572
40200 2.80572
40300 2.80572
40400 2.80572
40500 2.80572
40600 2.80572
40700 2.80571
40800 2.80571
40900 2.80571
40954 2.80571
40954 2.80571
40960 2.80284
40960 2.80284
40962 2.79735
40962 2.79735
40962 2.79735
40962 2.79735
41000 2.79735
41000 2.79735
41100 2.79735
41200 2.79735
41300 2.79735
41400 2.79735
41500 2.79735
41600 2.79735
41700 2.79735
41800 2.79735
41900 2.79735
42000 2.79735
42000 2.79735
42100 2.79735
42200 2.79735
42300 2.79735
42400 2.79734
42500 2.79734
42600 2.79734
42700 2.79734
42800 2.79734
42900 2.79734
43000 2.79734
43000 2.79734
43002 2.79734
43002 2.79734
43008 2.79447
43008 2.79447
43100 2.79447
43200 2.79447
43300 2.79447
43400 2.79447
43500 2.79447
43600 2.79447
43700 2.79447
43800 2.79447
43900 2.79447
