0 3.03099
0 3.03099
0 3.03099
2 3.03099
2 3.03099
100 3.03099
200 3.03099
300 3.03099
400 3.03099
500 3.03099
600 3.03099
700 3.03099
800 3.03099
900 3.03099
1000 3.03099
1000 3.03099
1100 3.03099
1200 3.03099
1300 3.03099
1400 3.03099
1500 3.03099
1600 3.03099
1700 3.03099
1800 3.03099
1900 3.03099
2000 3.03099
2000 3.03099
2048 3.03099
2048 3.03099
2050 3.03099
2050 3.03099
2100 3.03099
2200 3.03099
2300 3.03099
2400 3.03099
2500 3.03099
2600 3.03099
2700 3.03099
2800 3.03099
2900 3.03099
3000 3.03099
3000 3.03099
3100 3.03099
3200 3.03099
3300 3.03099
3400 3.03099
3500 3.03099
3600 3.03099
3700 3.03099
3800 3.03099
3900 3.03099
4000 3.03099
4000 3.03099
4096 3.03099
4096 3.03099
4098 3.03099
4098 3.03099
4100 3.03099
4200 3.03099
4300 3.03099
4400 3.03099
4500 3.03099
4502 3.03099
4502 3.03099
4504 3.03099
4504 3.03099
4504 3.03099
4504 3.03099
4505 3.03099
4505 3.03099
4505 3.03099
4505 3.03099
4506 3.03099
4506 3.03099
4506 3.03099
4506 3.03099
4507 3.03099
4507 3.03099
4600 3.03099
4700 3.03099
4800 3.03099
4900 3.03099
5000 3.03099
5000 3.03099
5100 3.03099
5200 3.03099
5300 3.03099
5400 3.03099
5500 3.03099
5600 3.03099
5700 3.03099
5800 3.03099
5900 3.03099
6000 3.03099
6000 3.03099
6100 3.03099
6144 3.03099
6144 3.03099
6146 3.01371
6146 3.01371
6146 3.01371
6146 3.01371
6200 3.01607
6300 3.02038
6400 3.02462
6500 3.0288
6600 3.03292
6700 3.03698
6800 3.04097
6900 3.04491
7000 3.04878
7000 3.04878
7100 3.05259
7200 3.05635
7300 3.06005
7400 3.06369
7500 3.06728
7600 3.07082
7700 3.0743
7800 3.07772
7900 3.0811
8000 3.08442
8000 3.08442
8100 3.08769
8186 3.09048
8186 3.09048
8192 3.08011
8192 3.08011
8194 3.06117
8194 3.06117
8194 3.06117
8194 3.06117
8200 3.06138
8300 3.065
8400 3.06857
8500 3.07208
8600 3.07555
8700 3.07895
8800 3.08231
8900 3.08562
9000 3.08887
9000 3.08887
9100 3.09208
9200 3.09523
9300 3.09834
9400 3.1014
9500 3.10442
9600 3.10739
9700 3.11031
9800 3.11319
9900 3.11603
10000 3.11882
10000 3.11882
10082 3.1211
10082 3.1211
10082 3.1211
10082 3.1211
10082 3.1211
10086 3.03969
10086 3.03969
10087 3.0394
10087 3.0394
10088 3.03089
10088 3.03089
10088 3.03089
10088 3.03089
10100 3.03138
10200 3.03546
10234 3.03685
10234 3.03685
10240 3.02671
10240 3.02671
10242 3.00946
10242 3.00946
10242 3.00946
10242 3.00946
10300 3.01203
10400 3.0164
10500 3.02071
10600 3.02495
10700 3.02912
10800 3.03324
10900 3.03729
11000 3.04128
11000 3.04128
11100 3.04521
11200 3.04907
11300 3.05289
11400 3.05664
11500 3.06033
11600 3.06397
11700 3.06756
11800 3.07109
11900 3.07456
12000 3.07798
12000 3.07798
12100 3.08136
12200 3.08467
12282 3.08737
12282 3.08737
12288 3.07702
12288 3.07702
12290 3.05706
12290 3.05706
12290 3.05706
12290 3.05706
12300 3.05742
12400 3.06111
12500 3.06473
12600 3.0683
12700 3.07182
12800 3.07529
12900 3.0787
13000 3.08206
13000 3.08206
13100 3.08537
13200 3.08863
13300 3.09184
13400 3.095
13500 3.09811
13600 3.10118
13700 3.10419
13800 3.10717
13900 3.1101
14000 3.11298
14000 3.11298
14100 3.11582
14200 3.11861
14300 3.12137
14330 3.1222
14330 3.1222
14336 3.11169
14336 3.11169
14400 3.11353
14500 3.11636
14600 3.11915
14700 3.12189
14800 3.1246
14900 3.12726
15000 3.12988
15000 3.12988
15100 3.13247
15200 3.13501
15300 3.13751
15400 3.13998
15500 3.14241
15600 3.1448
15700 3.14716
15800 3.14948
15900 3.15176
16000 3.15402
16000 3.15402
16100 3.15623
16200 3.15841
16300 3.16056
16378 3.16223
16378 3.16223
16384 3.15155
16384 3.15155
16386 3.13214
16386 3.13214
16386 3.13214
16386 3.13214
16400 3.13249
16500 3.13504
16600 3.13754
16700 3.14001
16800 3.14244
16900 3.14483
17000 3.14718
17000 3.14718
17100 3.1495
17200 3.15179
17300 3.15404
17400 3.15626
17500 3.15844
17600 3.16059
17700 3.1627
17800 3.16479
17900 3.16684
18000 3.16886
18000 3.16886
18100 3.17085
18200 3.17281
18300 3.17474
18400 3.17665
18426 3.17714
18426 3.17714
18432 3.1664
18432 3.1664
18434 3.14831
18434 3.14831
18434 3.14831
18434 3.14831
18500 3.14983
18600 3.15211
18700 3.15436
18800 3.15657
18900 3.15875
19000 3.16089
19000 3.16089
19100 3.163
19200 3.16508
19300 3.16713
19400 3.16915
19500 3.17113
19600 3.17309
19700 3.17502
19800 3.17691
19900 3.17878
20000 3.18062
20000 3.18062
20082 3.18212
20082 3.18212
20082 3.18212
20082 3.18212
20082 3.18212
20086 3.09908
20086 3.09908
20087 3.09878
20087 3.09878
20088 3.0901
20088 3.0901
20088 3.0901
20088 3.0901
20100 3.09048
20200 3.09366
20300 3.0968
20400 3.09988
20474 3.10215
20474 3.10215
20480 3.09173
20480 3.09173
20482 3.07167
20482 3.07167
20482 3.07167
20482 3.07167
20500 3.07229
20600 3.07575
20700 3.07915
20800 3.08251
20900 3.08581
21000 3.08906
21000 3.08906
21100 3.09226
21200 3.09542
21300 3.09852
21400 3.10158
21500 3.1046
21600 3.10756
21700 3.11048
21800 3.11336
21900 3.1162
22000 3.11899
22000 3.11899
22100 3.12173
22200 3.12444
22300 3.12711
22400 3.12973
22500 3.13232
22522 3.13289
22522 3.13289
22528 3.12234
22528 3.12234
22600 3.12429
22700 3.12695
22800 3.12958
22900 3.13217
23000 3.13472
23000 3.13472
23100 3.13723
23200 3.1397
23300 3.14213
23400 3.14453
23500 3.14689
23600 3.14921
23700 3.1515
23800 3.15376
23900 3.15598
24000 3.15816
24000 3.15816
24100 3.16032
24200 3.16244
24300 3.16453
24400 3.16658
24500 3.16861
24570 3.17002
24570 3.17002
24576 3.15931
24576 3.15931
24578 3.13984
24578 3.13984
24578 3.13984
24578 3.13984
24600 3.14038
24700 3.1428
24800 3.14519
24900 3.14754
25000 3.14985
25000 3.14985
25100 3.15213
25200 3.15438
25300 3.15659
25400 3.15877
25500 3.16091
25600 3.16302
25700 3.1651
25800 3.16715
25900 3.16917
26000 3.17115
26000 3.17115
26100 3.17311
26200 3.17503
26300 3.17693
26400 3.1788
26500 3.18064
26600 3.18245
26618 3.18278
26618 3.18278
26624 3.17202
26624 3.17202
26626 3.15389
26626 3.15389
26626 3.15389
26626 3.15389
26700 3.15553
26800 3.15773
26900 3.15989
27000 3.16201
27000 3.16201
27100 3.16411
27200 3.16617
27300 3.1682
27400 3.17021
27500 3.17218
27600 3.17412
27700 3.17603
27800 3.17791
27900 3.17976
28000 3.18159
28000 3.18159
28100 3.18338
28200 3.18516
28300 3.1869
28400 3.18862
28500 3.19031
28600 3.19197
28666 3.19306
28666 3.19306
28672 3.18226
28672 3.18226
28674 3.16264
28674 3.16264
28674 3.16264
28674 3.16264
28700 3.16319
28800 3.16526
28900 3.16731
29000 3.16932
29000 3.16932
29100 3.17131
29200 3.17326
29300 3.17518
29400 3.17708
29500 3.17894
29600 3.18078
29700 3.18259
29800 3.18437
29900 3.18613
30000 3.18786
30000 3.18786
30082 3.18927
30082 3.18927
30082 3.18927
30082 3.18927
30082 3.18927
30086 3.10604
30086 3.10604
30087 3.10574
30087 3.10574
30088 3.09703
30088 3.09703
30088 3.09703
30088 3.09703
30100 3.0974
30200 3.10048
30300 3.10351
30400 3.10649
30500 3.10943
30600 3.11232
30700 3.11517
30714 3.11558
30714 3.11558
30720 3.1051
30720 3.1051
30722 3.08738
30722 3.08738
30722 3.08738
30722 3.08738
30800 3.0899
30900 3.09309
31000 3.09623
31000 3.09623
31100 3.09933
31200 3.10237
31300 3.10537
31400 3.10833
31500 3.11124
31600 3.11411
31700 3.11693
31800 3.11971
31900 3.12244
32000 3.12514
32000 3.12514
32100 3.1278
32200 3.13041
32300 3.13298
32400 3.13552
32500 3.13802
32600 3.14048
32700 3.1429
32762 3.14439
32762 3.14439
32768 3.13379
32768 3.13379
32770 3.11345
32770 3.11345
32770 3.11345
32770 3.11345
32800 3.11429
32900 3.11711
33000 3.11989
33000 3.11989
33100 3.12262
33200 3.12532
33300 3.12797
33400 3.13058
33500 3.13315
33600 3.13569
33700 3.13818
33800 3.14064
33900 3.14306
34000 3.14544
34000 3.14544
34100 3.14779
34200 3.1501
34300 3.15237
34400 3.15461
34500 3.15682
34600 3.159
34700 3.16114
34800 3.16324
34810 3.16346
34810 3.16346
34816 3.15278
34816 3.15278
34900 3.15466
35000 3.15687
35000 3.15687
35100 3.15904
35200 3.16118
35300 3.16329
35400 3.16536
35500 3.16741
35600 3.16942
35700 3.1714
35800 3.17335
35900 3.17528
36000 3.17717
36000 3.17717
36100 3.17903
36200 3.18087
36300 3.18268
36400 3.18446
36500 3.18621
36600 3.18794
36700 3.18964
36800 3.19132
36858 3.19228
36858 3.19228
36864 3.18148
36864 3.18148
36866 3.16187
36866 3.16187
36866 3.16187
36866 3.16187
36900 3.16259
37000 3.16467
37000 3.16467
37100 3.16673
37200 3.16875
37300 3.17074
37400 3.1727
37500 3.17464
37600 3.17654
37700 3.17841
37800 3.18026
37900 3.18208
38000 3.18387
38000 3.18387
38100 3.18563
38200 3.18737
38300 3.18908
38400 3.19076
38500 3.19242
38600 3.19405
38700 3.19566
38800 3.19724
38900 3.1988
38906 3.1989
38906 3.1989
38912 3.18807
38912 3.18807
38914 3.16985
38914 3.16985
38914 3.16985
38914 3.16985
39000 3.17155
39000 3.17155
39100 3.1735
39200 3.17542
39300 3.17731
39400 3.17917
39500 3.181
39600 3.18281
39700 3.18459
39800 3.18634
39900 3.18807
40000 3.18977
40000 3.18977
40082 3.19115
40082 3.19115
40082 3.19115
40082 3.19115
40082 3.19115
40086 3.10787
40086 3.10787
40087 3.10757
40087 3.10757
40088 3.09886
40088 3.09886
40088 3.09886
40088 3.09886
40100 3.09923
40200 3.10228
40300 3.10528
40400 3.10823
40500 3.11115
40600 3.11401
40700 3.11684
40800 3.11962
40900 3.12236
40954 3.12383
40954 3.12383
40960 3.11332
40960 3.11332
40962 3.09311
40962 3.09311
40962 3.09311
40962 3.09311
41000 3.0943
41000 3.0943
41100 3.09743
41200 3.1005
41300 3.10353
41400 3.10651
41500 3.10945
41600 3.11235
41700 3.11519
41800 3.118
41900 3.12076
42000 3.12348
42000 3.12348
42100 3.12616
42200 3.1288
42300 3.1314
42400 3.13396
42500 3.13648
42600 3.13897
42700 3.14141
42800 3.14382
42900 3.14619
43000 3.14853
43000 3.14853
43002 3.14858
43002 3.14858
43008 3.13796
43008 3.13796
43100 3.14023
43200 3.14265
43300 3.14504
43400 3.1474
43500 3.14971
43600 3.15199
43700 3.15424
43800 3.15645
43900 3.15863
