0 3.03099
0 3.03099
0 3.03099
2 3.03099
2 3.03099
100 3.03099
200 3.03099
300 3.03099
400 3.03099
500 3.03099
600 3.03099
700 3.03099
800 3.03099
900 3.03099
1000 3.03099
1000 3.03099
1100 3.03099
1200 3.03099
1300 3.03099
1400 3.03099
1500 3.03099
1600 3.03099
1700 3.03099
1800 3.03099
1900 3.03099
2000 3.03099
2000 3.03099
2048 3.03099
2048 3.03099
2050 3.03099
2050 3.03099
2100 3.03099
2200 3.03099
2300 3.03099
2400 3.03099
2500 3.03099
2600 3.03099
2700 3.03099
2800 3.03099
2900 3.03099
3000 3.03099
3000 3.03099
3100 3.03099
3200 3.03099
3300 3.03099
3400 3.03099
3500 3.03099
3600 3.03099
3700 3.03099
3800 3.03099
3900 3.03099
4000 3.03099
4000 3.03099
4096 3.03099
4096 3.03099
4098 3.03099
4098 3.03099
4100 3.03099
4200 3.03099
4300 3.03099
4400 3.03099
4500 3.03099
4502 3.03099
4502 3.03099
4504 3.03099
4504 3.03099
4504 3.03099
4504 3.03099
4505 3.03099
4505 3.03099
4505 3.03099
4505 3.03099
4506 3.03099
4506 3.03099
4506 3.03099
4506 3.03099
4507 3.03099
4507 3.03099
4600 3.03099
4700 3.03099
4800 3.03099
4900 3.03099
5000 3.03099
5000 3.03099
5100 3.03099
5200 3.03099
5300 3.03099
5400 3.03099
5500 3.03099
5600 3.03099
5700 3.03099
5800 3.03099
5900 3.03099
6000 3.03099
6000 3.03099
6100 3.03099
6144 3.03099
6144 3.03099
6146 3.02238
6146 3.02238
6146 3.02238
6146 3.02238
6200 3.02466
6300 3.02884
6400 3.03296
6500 3.03702
6600 3.04101
6700 3.04494
6800 3.04882
6900 3.05263
7000 3.05639
7000 3.05639
7100 3.06009
7200 3.06373
7300 3.06732
7400 3.07085
7500 3.07433
7600 3.07776
7700 3.08113
7800 3.08446
7900 3.08773
8000 3.09095
8000 3.09095
8100 3.09413
8186 3.09683
8186 3.09683
8192 3.09172
8192 3.09172
8194 3.08223
8194 3.08223
8194 3.08223
8194 3.08223
8200 3.08242
8300 3.08572
8400 3.08898
8500 3.09218
8600 3.09534
8700 3.09845
8800 3.10151
8900 3.10452
9000 3.10749
9000 3.10749
9100 3.11041
9200 3.11329
9300 3.11613
9400 3.11892
9500 3.12167
9600 3.12438
9700 3.12704
9800 3.12967
9900 3.13226
10000 3.1348
10000 3.1348
10082 3.13688
10082 3.13688
10082 3.13688
10082 3.13688
10082 3.13688
10086 3.09575
10086 3.09575
10087 3.0956
10087 3.0956
10088 3.09128
10088 3.09128
10088 3.09128
10088 3.09128
10100 3.09166
10200 3.09482
10234 3.0959
10234 3.0959
10240 3.09079
10240 3.09079
10242 3.08199
10242 3.08199
10242 3.08199
10242 3.08199
10300 3.08391
10400 3.08719
10500 3.09043
10600 3.09361
10700 3.09674
10800 3.09983
10900 3.10287
11000 3.10586
11000 3.10586
11100 3.10881
11200 3.11171
11300 3.11457
11400 3.11739
11500 3.12016
11600 3.12289
11700 3.12558
11800 3.12823
11900 3.13084
12000 3.13341
12000 3.13341
12100 3.13594
12200 3.13843
12282 3.14045
12282 3.14045
12288 3.13523
12288 3.13523
12290 3.12506
12290 3.12506
12290 3.12506
12290 3.12506
12300 3.12532
12400 3.12797
12500 3.13059
12600 3.13316
12700 3.13569
12800 3.13819
12900 3.14064
13000 3.14306
13000 3.14306
13100 3.14545
13200 3.14779
13300 3.1501
13400 3.15238
13500 3.15462
13600 3.15683
13700 3.159
13800 3.16114
13900 3.16325
14000 3.16533
14000 3.16533
14100 3.16737
14200 3.16939
14300 3.17137
14330 3.17197
14330 3.17197
14336 3.16666
14336 3.16666
14400 3.16796
14500 3.16996
14600 3.17194
14700 3.17388
14800 3.1758
14900 3.17768
15000 3.17954
15000 3.17954
15100 3.18137
15200 3.18317
15300 3.18495
15400 3.18669
15500 3.18841
15600 3.19011
15700 3.19178
15800 3.19342
15900 3.19504
16000 3.19663
16000 3.19663
16100 3.1982
16200 3.19975
16300 3.20127
16378 3.20245
16378 3.20245
16384 3.19706
16384 3.19706
16386 3.18721
16386 3.18721
16386 3.18721
16386 3.18721
16400 3.18745
16500 3.18915
16600 3.19084
16700 3.1925
16800 3.19413
16900 3.19574
17000 3.19732
17000 3.19732
17100 3.19888
17200 3.20041
17300 3.20192
17400 3.20341
17500 3.20488
17600 3.20632
17700 3.20775
17800 3.20915
17900 3.21053
18000 3.21189
18000 3.21189
18100 3.21322
18200 3.21454
18300 3.21584
18400 3.21712
18426 3.21745
18426 3.21745
18432 3.21202
18432 3.21202
18434 3.20284
18434 3.20284
18434 3.20284
18434 3.20284
18500 3.20382
18600 3.20528
18700 3.20672
18800 3.20813
18900 3.20953
19000 3.2109
19000 3.2109
19100 3.21225
19200 3.21359
19300 3.2149
19400 3.21619
19500 3.21746
19600 3.21871
19700 3.21995
19800 3.22116
19900 3.22236
20000 3.22354
20000 3.22354
20082 3.2245
20082 3.2245
20082 3.2245
20082 3.2245
20082 3.2245
20086 3.18216
20086 3.18216
20087 3.18201
20087 3.18201
20088 3.17755
20088 3.17755
20088 3.17755
20088 3.17755
20100 3.17777
20200 3.17963
20300 3.18145
20400 3.18325
20474 3.18458
20474 3.18458
20480 3.17923
20480 3.17923
20482 3.16891
20482 3.16891
20482 3.16891
20482 3.16891
20500 3.16927
20600 3.17125
20700 3.17321
20800 3.17513
20900 3.17703
21000 3.17889
21000 3.17889
21100 3.18073
21200 3.18254
21300 3.18433
21400 3.18608
21500 3.18781
21600 3.18952
21700 3.19119
21800 3.19285
21900 3.19447
22000 3.19608
22000 3.19608
22100 3.19765
22200 3.19921
22300 3.20074
22400 3.20225
22500 3.20373
22522 3.20406
22522 3.20406
22528 3.19867
22528 3.19867
22600 3.19978
22700 3.2013
22800 3.2028
22900 3.20427
23000 3.20573
23000 3.20573
23100 3.20716
23200 3.20857
23300 3.20996
23400 3.21132
23500 3.21267
23600 3.214
23700 3.2153
23800 3.21659
23900 3.21785
24000 3.2191
24000 3.2191
24100 3.22033
24200 3.22154
24300 3.22273
24400 3.2239
24500 3.22506
24570 3.22586
24570 3.22586
24576 3.22041
24576 3.22041
24578 3.21048
24578 3.21048
24578 3.21048
24578 3.21048
24600 3.21078
24700 3.21214
24800 3.21347
24900 3.21478
25000 3.21608
25000 3.21608
25100 3.21735
25200 3.21861
25300 3.21984
25400 3.22106
25500 3.22226
25600 3.22344
25700 3.2246
25800 3.22574
25900 3.22687
26000 3.22798
26000 3.22798
26100 3.22908
26200 3.23015
26300 3.23121
26400 3.23226
26500 3.23329
26600 3.2343
26618 3.23448
26618 3.23448
26624 3.22901
26624 3.22901
26626 3.21978
26626 3.21978
26626 3.21978
26626 3.21978
26700 3.22068
26800 3.22188
26900 3.22307
27000 3.22424
27000 3.22424
27100 3.22539
27200 3.22652
27300 3.22764
27400 3.22873
27500 3.22982
27600 3.23088
27700 3.23193
27800 3.23296
27900 3.23398
28000 3.23498
28000 3.23498
28100 3.23597
28200 3.23694
28300 3.2379
28400 3.23884
28500 3.23977
28600 3.24069
28666 3.24129
28666 3.24129
28672 3.2358
28672 3.2358
28674 3.22581
28674 3.22581
28674 3.22581
28674 3.22581
28700 3.22611
28800 3.22723
28900 3.22833
29000 3.22942
29000 3.22942
29100 3.23049
29200 3.23155
29300 3.23259
29400 3.23361
29500 3.23462
29600 3.23561
29700 3.23659
29800 3.23755
29900 3.2385
30000 3.23943
30000 3.23943
30082 3.24019
30082 3.24019
30082 3.24019
30082 3.24019
30082 3.24019
30086 3.19764
30086 3.19764
30087 3.19748
30087 3.19748
30088 3.193
30088 3.193
30088 3.193
30088 3.193
30100 3.19319
30200 3.19482
30300 3.19641
30400 3.19799
30500 3.19953
30600 3.20106
30700 3.20256
30714 3.20278
30714 3.20278
30720 3.19739
30720 3.19739
30722 3.18825
30722 3.18825
30722 3.18825
30722 3.18825
30800 3.18958
30900 3.19125
31000 3.1929
31000 3.1929
31100 3.19453
31200 3.19613
31300 3.19771
31400 3.19926
31500 3.20079
31600 3.2023
31700 3.20378
31800 3.20524
31900 3.20668
32000 3.2081
32000 3.2081
32100 3.20949
32200 3.21087
32300 3.21222
32400 3.21355
32500 3.21487
32600 3.21616
32700 3.21743
32762 3.21822
32762 3.21822
32768 3.21279
32768 3.21279
32770 3.20234
32770 3.20234
32770 3.20234
32770 3.20234
32800 3.20279
32900 3.20426
33000 3.20572
33000 3.20572
33100 3.20715
33200 3.20856
33300 3.20995
33400 3.21131
33500 3.21266
33600 3.21399
33700 3.21529
33800 3.21658
33900 3.21784
34000 3.21909
34000 3.21909
34100 3.22032
34200 3.22153
34300 3.22272
34400 3.22389
34500 3.22505
34600 3.22619
34700 3.22731
34800 3.22841
34810 3.22853
34810 3.22853
34816 3.22307
34816 3.22307
34900 3.22405
35000 3.22521
35000 3.22521
35100 3.22634
35200 3.22746
35300 3.22856
35400 3.22965
35500 3.23071
35600 3.23177
35700 3.2328
35800 3.23382
35900 3.23483
36000 3.23582
36000 3.23582
36100 3.23679
36200 3.23775
36300 3.2387
36400 3.23963
36500 3.24054
36600 3.24144
36700 3.24233
36800 3.24321
36858 3.24371
36858 3.24371
36864 3.23822
36864 3.23822
36866 3.22823
36866 3.22823
36866 3.22823
36866 3.22823
36900 3.2286
37000 3.22968
37000 3.22968
37100 3.23075
37200 3.2318
37300 3.23284
37400 3.23386
37500 3.23486
37600 3.23585
37700 3.23682
37800 3.23778
37900 3.23873
38000 3.23966
38000 3.23966
38100 3.24057
38200 3.24148
38300 3.24236
38400 3.24324
38500 3.2441
38600 3.24495
38700 3.24578
38800 3.24661
38900 3.24742
38906 3.24747
38906 3.24747
38912 3.24197
38912 3.24197
38914 3.23269
38914 3.23269
38914 3.23269
38914 3.23269
39000 3.23357
39000 3.23357
39100 3.23458
39200 3.23557
39300 3.23655
39400 3.23751
39500 3.23846
39600 3.23939
39700 3.24031
39800 3.24122
39900 3.24211
40000 3.24299
40000 3.24299
40082 3.24371
40082 3.24371
40082 3.24371
40082 3.24371
40082 3.24371
40086 3.2011
40086 3.2011
40087 3.20095
40087 3.20095
40088 3.19646
40088 3.19646
40088 3.19646
40088 3.19646
40100 3.19665
40200 3.19822
40300 3.19976
40400 3.20128
40500 3.20278
40600 3.20426
40700 3.20571
40800 3.20714
40900 3.20855
40954 3.20931
40954 3.20931
40960 3.20391
40960 3.20391
40962 3.19349
40962 3.19349
40962 3.19349
40962 3.19349
41000 3.19411
41000 3.19411
41100 3.19571
41200 3.1973
41300 3.19886
41400 3.20039
41500 3.20191
41600 3.20339
41700 3.20486
41800 3.20631
41900 3.20773
42000 3.20913
42000 3.20913
42100 3.21051
42200 3.21187
42300 3.21321
42400 3.21452
42500 3.21582
42600 3.2171
42700 3.21836
42800 3.2196
42900 3.22082
43000 3.22202
43000 3.22202
43002 3.22205
43002 3.22205
43008 3.21661
43008 3.21661
43100 3.21778
43200 3.21903
43300 3.22026
43400 3.22147
43500 3.22266
43600 3.22383
43700 3.22499
43800 3.22613
43900 3.22725
