0 3.03099
0 3.03099
0 3.03099
2 3.03099
2 3.03099
100 3.03099
200 3.03099
300 3.03099
400 3.03099
500 3.03099
600 3.03099
700 3.03099
800 3.03099
900 3.03099
1000 3.03099
1000 3.03099
1100 3.03099
1200 3.03099
1300 3.03099
1400 3.03099
1500 3.03099
1600 3.03099
1700 3.03099
1800 3.03099
1900 3.03099
2000 3.03099
2000 3.03099
2048 3.03099
2048 3.03099
2050 3.03099
2050 3.03099
2100 3.03099
2200 3.03099
2300 3.03099
2400 3.03099
2500 3.03099
2600 3.03099
2700 3.03099
2800 3.03099
2900 3.03099
3000 3.03099
3000 3.03099
3100 3.03099
3200 3.03099
3300 3.03099
3400 3.03099
3500 3.03099
3600 3.03099
3700 3.03099
3800 3.03099
3900 3.03099
4000 3.03099
4000 3.03099
4096 3.03099
4096 3.03099
4098 3.03099
4098 3.03099
4100 3.03099
4200 3.03099
4300 3.03099
4400 3.03099
4500 3.03099
4502 3.03099
4502 3.03099
4504 3.03099
4504 3.03099
4504 3.03099
4504 3.03099
4505 3.03099
4505 3.03099
4505 3.03099
4505 3.03099
4506 3.03099
4506 3.03099
4506 3.03099
4506 3.03099
4507 3.03099
4507 3.03099
4600 3.03099
4700 3.03099
4800 3.03099
4900 3.03099
5000 3.03099
5000 3.03099
5100 3.03099
5200 3.03099
5300 3.03099
5400 3.03099
5500 3.03099
5600 3.03099
5700 3.03099
5800 3.03099
5900 3.03099
6000 3.03099
6000 3.03099
6100 3.03099
6144 3.03099
6144 3.03099
6146 3.02314
6146 3.02314
6146 3.02314
6146 3.02314
6200 3.04509
6300 3.08126
6400 3.1123
6500 3.13894
6600 3.16179
6700 3.18141
6800 3.19824
6900 3.21268
7000 3.22507
7000 3.22507
7100 3.2357
7200 3.24483
7300 3.25265
7400 3.25937
7500 3.26514
7600 3.27008
7700 3.27433
7800 3.27797
7900 3.2811
8000 3.28378
8000 3.28378
8100 3.28608
8186 3.2878
8186 3.2878
8192 3.28231
8192 3.28231
8194 3.27224
8194 3.27224
8194 3.27224
8194 3.27224
8200 3.27248
8300 3.27639
8400 3.27974
8500 3.28261
8600 3.28508
8700 3.2872
8800 3.28901
8900 3.29057
9000 3.29191
9000 3.29191
9100 3.29306
9200 3.29404
9300 3.29489
9400 3.29561
9500 3.29623
9600 3.29677
9700 3.29723
9800 3.29762
9900 3.29796
10000 3.29825
10000 3.29825
10082 3.29845
10082 3.29845
10082 3.29845
10082 3.29845
10082 3.29845
10086 3.25523
10086 3.25523
10087 3.25508
10087 3.25508
10088 3.25057
10088 3.25057
10088 3.25057
10088 3.25057
10100 3.25147
10200 3.25835
10234 3.26049
10234 3.26049
10240 3.25528
10240 3.25528
10242 3.24609
10242 3.24609
10242 3.24609
10242 3.24609
10300 3.25067
10400 3.25767
10500 3.26368
10600 3.26883
10700 3.27325
10800 3.27705
10900 3.28031
11000 3.2831
11000 3.2831
11100 3.2855
11200 3.28755
11300 3.28932
11400 3.29084
11500 3.29214
11600 3.29325
11700 3.29421
11800 3.29503
11900 3.29573
12000 3.29634
12000 3.29634
12100 3.29686
12200 3.2973
12282 3.29762
12282 3.29762
12288 3.29203
12288 3.29203
12290 3.28134
12290 3.28134
12290 3.28134
12290 3.28134
12300 3.28162
12400 3.28423
12500 3.28646
12600 3.28838
12700 3.29003
12800 3.29145
12900 3.29266
13000 3.2937
13000 3.2937
13100 3.29459
13200 3.29536
13300 3.29602
13400 3.29658
13500 3.29707
13600 3.29748
13700 3.29784
13800 3.29815
13900 3.29841
14000 3.29863
14000 3.29863
14100 3.29883
14200 3.29899
14300 3.29914
14330 3.29917
14330 3.29917
14336 3.29357
14336 3.29357
14400 3.29417
14500 3.295
14600 3.29571
14700 3.29631
14800 3.29684
14900 3.29729
15000 3.29767
15000 3.29767
15100 3.298
15200 3.29828
15300 3.29853
15400 3.29874
15500 3.29891
15600 3.29907
15700 3.2992
15800 3.29931
15900 3.29941
16000 3.29949
16000 3.29949
16100 3.29956
16200 3.29963
16300 3.29968
16378 3.29971
16378 3.29971
16384 3.2941
16384 3.2941
16386 3.28395
16386 3.28395
16386 3.28395
16386 3.28395
16400 3.28429
16500 3.28652
16600 3.28843
16700 3.29007
16800 3.29148
16900 3.29269
17000 3.29373
17000 3.29373
17100 3.29462
17200 3.29538
17300 3.29603
17400 3.2966
17500 3.29708
17600 3.29749
17700 3.29785
17800 3.29815
17900 3.29841
18000 3.29864
18000 3.29864
18100 3.29883
18200 3.299
18300 3.29914
18400 3.29926
18426 3.29929
18426 3.29929
18432 3.29368
18432 3.29368
18434 3.28427
18434 3.28427
18434 3.28427
18434 3.28427
18500 3.28578
18600 3.2878
18700 3.28953
18800 3.29101
18900 3.29229
19000 3.29338
19000 3.29338
19100 3.29432
19200 3.29513
19300 3.29582
19400 3.29641
19500 3.29692
19600 3.29736
19700 3.29773
19800 3.29805
19900 3.29833
20000 3.29857
20000 3.29857
20082 3.29874
20082 3.29874
20082 3.29874
20082 3.29874
20082 3.29874
20086 3.2555
20086 3.2555
20087 3.25535
20087 3.25535
20088 3.25085
20088 3.25085
20088 3.25085
20088 3.25085
20100 3.25173
20200 3.25858
20300 3.26446
20400 3.2695
20474 3.27279
20474 3.27279
20480 3.26745
20480 3.26745
20482 3.25693
20482 3.25693
20482 3.25693
20482 3.25693
20500 3.25808
20600 3.26403
20700 3.26913
20800 3.27351
20900 3.27727
21000 3.28049
21000 3.28049
21100 3.28326
21200 3.28564
21300 3.28767
21400 3.28942
21500 3.29092
21600 3.29221
21700 3.29332
21800 3.29426
21900 3.29508
22000 3.29578
22000 3.29578
22100 3.29637
22200 3.29689
22300 3.29733
22400 3.29771
22500 3.29803
22522 3.2981
22522 3.2981
22528 3.2925
22528 3.2925
22600 3.29329
22700 3.29424
22800 3.29506
22900 3.29576
23000 3.29636
23000 3.29636
23100 3.29687
23200 3.29732
23300 3.2977
23400 3.29802
23500 3.2983
23600 3.29854
23700 3.29875
23800 3.29893
23900 3.29908
24000 3.29921
24000 3.29921
24100 3.29932
24200 3.29942
24300 3.2995
24400 3.29957
24500 3.29963
24570 3.29967
24570 3.29967
24576 3.29406
24576 3.29406
24578 3.28391
24578 3.28391
24578 3.28391
24578 3.28391
24600 3.28443
24700 3.28664
24800 3.28854
24900 3.29016
25000 3.29156
25000 3.29156
25100 3.29276
25200 3.29378
25300 3.29467
25400 3.29542
25500 3.29607
25600 3.29663
25700 3.29711
25800 3.29752
25900 3.29787
26000 3.29817
26000 3.29817
26100 3.29843
26200 3.29865
26300 3.29884
26400 3.29901
26500 3.29915
26600 3.29927
26618 3.29929
26618 3.29929
26624 3.29368
26624 3.29368
26626 3.28427
26626 3.28427
26626 3.28427
26626 3.28427
26700 3.28595
26800 3.28794
26900 3.28965
27000 3.29112
27000 3.29112
27100 3.29238
27200 3.29346
27300 3.29439
27400 3.29519
27500 3.29587
27600 3.29645
27700 3.29696
27800 3.29739
27900 3.29776
28000 3.29808
28000 3.29808
28100 3.29835
28200 3.29858
28300 3.29878
28400 3.29896
28500 3.2991
28600 3.29923
28666 3.2993
28666 3.2993
28672 3.2937
28672 3.2937
28674 3.28355
28674 3.28355
28674 3.28355
28674 3.28355
28700 3.28418
28800 3.28643
28900 3.28835
29000 3.29001
29000 3.29001
29100 3.29142
29200 3.29264
29300 3.29368
29400 3.29458
29500 3.29535
29600 3.29601
29700 3.29657
29800 3.29706
29900 3.29748
30000 3.29783
30000 3.29783
30082 3.29809
30082 3.29809
30082 3.29809
30082 3.29809
30082 3.29809
30086 3.25487
30086 3.25487
30087 3.25472
30087 3.25472
30088 3.25022
30088 3.25022
30088 3.25022
30088 3.25022
30100 3.25112
30200 3.25805
30300 3.26401
30400 3.26911
30500 3.2735
30600 3.27726
30700 3.28048
30714 3.28091
30714 3.28091
30720 3.27549
30720 3.27549
30722 3.26619
30722 3.26619
30722 3.26619
30722 3.26619
30800 3.26999
30900 3.27425
31000 3.2779
31000 3.2779
31100 3.28104
31200 3.28373
31300 3.28604
31400 3.28802
31500 3.28972
31600 3.29118
31700 3.29243
31800 3.2935
31900 3.29442
32000 3.29521
32000 3.29521
32100 3.29589
32200 3.29648
32300 3.29698
32400 3.2974
32500 3.29777
32600 3.29809
32700 3.29836
32762 3.29851
32762 3.29851
32768 3.29291
32768 3.29291
32770 3.28221
32770 3.28221
32770 3.28221
32770 3.28221
32800 3.283
32900 3.28541
33000 3.28748
33000 3.28748
33100 3.28926
33200 3.29078
33300 3.29209
33400 3.29321
33500 3.29418
33600 3.295
33700 3.29571
33800 3.29632
33900 3.29684
34000 3.29729
34000 3.29729
34100 3.29767
34200 3.298
34300 3.29829
34400 3.29853
34500 3.29874
34600 3.29892
34700 3.29907
34800 3.2992
34810 3.29921
34810 3.29921
34816 3.29361
34816 3.29361
34900 3.29438
35000 3.29517
35000 3.29517
35100 3.29586
35200 3.29645
35300 3.29695
35400 3.29738
35500 3.29775
35600 3.29807
35700 3.29834
35800 3.29858
35900 3.29878
36000 3.29895
36000 3.29895
36100 3.2991
36200 3.29923
36300 3.29934
36400 3.29943
36500 3.29951
36600 3.29958
36700 3.29964
36800 3.29969
36858 3.29972
36858 3.29972
36864 3.2941
36864 3.2941
36866 3.28395
36866 3.28395
36866 3.28395
36866 3.28395
36900 3.28476
37000 3.28692
37000 3.28692
37100 3.28878
37200 3.29037
37300 3.29174
37400 3.29291
37500 3.29391
37600 3.29478
37700 3.29552
37800 3.29615
37900 3.2967
38000 3.29717
38000 3.29717
38100 3.29757
38200 3.29791
38300 3.29821
38400 3.29846
38500 3.29868
38600 3.29887
38700 3.29903
38800 3.29917
38900 3.29928
38906 3.29929
38906 3.29929
38912 3.29368
38912 3.29368
38914 3.28427
38914 3.28427
38914 3.28427
38914 3.28427
39000 3.28621
39000 3.28621
39100 3.28817
39200 3.28984
39300 3.29128
39400 3.29252
39500 3.29358
39600 3.29449
39700 3.29527
39800 3.29594
39900 3.29652
40000 3.29701
40000 3.29701
40082 3.29737
40082 3.29737
40082 3.29737
40082 3.29737
40082 3.29737
40086 3.25416
40086 3.25416
40087 3.25401
40087 3.25401
40088 3.24951
40088 3.24951
40088 3.24951
40088 3.24951
40100 3.25042
40200 3.25746
40300 3.26349
40400 3.26867
40500 3.27312
40600 3.27693
40700 3.28021
40800 3.28301
40900 3.28542
40954 3.28659
40954 3.28659
40960 3.28111
40960 3.28111
40962 3.2705
40962 3.2705
40962 3.2705
40962 3.2705
41000 3.27215
41000 3.27215
41100 3.2761
41200 3.27949
41300 3.2824
41400 3.2849
41500 3.28704
41600 3.28888
41700 3.29046
41800 3.29181
41900 3.29297
42000 3.29397
42000 3.29397
42100 3.29482
42200 3.29556
42300 3.29619
42400 3.29673
42500 3.29719
42600 3.29759
42700 3.29793
42800 3.29823
42900 3.29848
43000 3.29869
43000 3.29869
43002 3.2987
43002 3.2987
43008 3.2931
43008 3.2931
43100 3.294
43200 3.29485
43300 3.29558
43400 3.29621
43500 3.29675
43600 3.29721
43700 3.2976
43800 3.29794
43900 3.29823
