0 3.03099
0 3.03099
0 3.03099
2 3.03099
2 3.03099
100 3.03099
200 3.03099
300 3.03099
400 3.03099
500 3.03099
600 3.03099
700 3.03099
800 3.03099
900 3.03099
1000 3.03099
1000 3.03099
1100 3.03099
1200 3.03099
1300 3.03099
1400 3.03099
1500 3.03099
1600 3.03099
1700 3.03099
1800 3.03099
1900 3.03099
2000 3.03099
2000 3.03099
2048 3.03099
2048 3.03099
2050 3.03099
2050 3.03099
2100 3.03099
2200 3.03099
2300 3.03099
2400 3.03099
2500 3.03099
2600 3.03099
2700 3.03099
2800 3.03099
2900 3.03099
3000 3.03099
3000 3.03099
3100 3.03099
3200 3.03099
3300 3.03099
3400 3.03099
3500 3.03099
3600 3.03099
3700 3.03099
3800 3.03099
3900 3.03099
4000 3.03099
4000 3.03099
4096 3.03099
4096 3.03099
4098 3.03099
4098 3.03099
4100 3.03099
4200 3.03099
4300 3.03099
4400 3.03099
4500 3.03099
4502 3.03099
4502 3.03099
4504 3.03099
4504 3.03099
4504 3.03099
4504 3.03099
4505 3.03099
4505 3.03099
4505 3.03099
4505 3.03099
4506 3.03099
4506 3.03099
4506 3.03099
4506 3.03099
4507 3.03099
4507 3.03099
4600 3.03099
4700 3.03099
4800 3.03099
4900 3.03099
5000 3.03099
5000 3.03099
5100 3.03099
5200 3.03099
5300 3.03099
5400 3.03099
5500 3.03099
5600 3.03099
5700 3.03099
5800 3.03099
5900 3.03099
6000 3.03099
6000 3.03099
6100 3.03099
6144 3.03099
6144 3.03099
6146 3.02994
6146 3.02994
6146 3.02994
6146 3.02994
6200 3.03
6300 3.0301
6400 3.0302
6500 3.0303
6600 3.03039
6700 3.03049
6800 3.03059
6900 3.03069
7000 3.03079
7000 3.03079
7100 3.03089
7200 3.03099
7300 3.03109
7400 3.03118
7500 3.03128
7600 3.03138
7700 3.03148
7800 3.03158
7900 3.03168
8000 3.03178
8000 3.03178
8100 3.03187
8186 3.03196
8186 3.03196
8192 3.03134
8192 3.03134
8194 3.03022
8194 3.03022
8194 3.03022
8194 3.03022
8200 3.03022
8300 3.03032
8400 3.03042
8500 3.03052
8600 3.03062
8700 3.03072
8800 3.03082
8900 3.03092
9000 3.03102
9000 3.03102
9100 3.03111
9200 3.03121
9300 3.03131
9400 3.03141
9500 3.03151
9600 3.03161
9700 3.03171
9800 3.0318
9900 3.0319
10000 3.032
10000 3.032
10082 3.03208
10082 3.03208
10082 3.03208
10082 3.03208
10082 3.03208
10086 3.02727
10086 3.02727
10087 3.02726
10087 3.02726
10088 3.02675
10088 3.02675
10088 3.02675
10088 3.02675
10100 3.02676
10200 3.02686
10234 3.02689
10234 3.02689
10240 3.02628
10240 3.02628
10242 3.02524
10242 3.02524
10242 3.02524
10242 3.02524
10300 3.02529
10400 3.0254
10500 3.0255
10600 3.0256
10700 3.0257
10800 3.0258
10900 3.0259
11000 3.026
11000 3.026
11100 3.0261
11200 3.0262
11300 3.0263
11400 3.0264
11500 3.0265
11600 3.0266
11700 3.0267
11800 3.0268
11900 3.0269
12000 3.027
12000 3.027
12100 3.0271
12200 3.0272
12282 3.02729
12282 3.02729
12288 3.02667
12288 3.02667
12290 3.02549
12290 3.02549
12290 3.02549
12290 3.02549
12300 3.0255
12400 3.0256
12500 3.0257
12600 3.0258
12700 3.0259
12800 3.026
12900 3.0261
13000 3.0262
13000 3.0262
13100 3.0263
13200 3.0264
13300 3.0265
13400 3.0266
13500 3.0267
13600 3.0268
13700 3.0269
13800 3.027
13900 3.0271
14000 3.0272
14000 3.0272
14100 3.02731
14200 3.02741
14300 3.02751
14330 3.02754
14330 3.02754
14336 3.02692
14336 3.02692
14400 3.02698
14500 3.02708
14600 3.02718
14700 3.02728
14800 3.02738
14900 3.02748
15000 3.02758
15000 3.02758
15100 3.02768
15200 3.02778
15300 3.02788
15400 3.02798
15500 3.02808
15600 3.02818
15700 3.02828
15800 3.02838
15900 3.02848
16000 3.02858
16000 3.02858
16100 3.02868
16200 3.02878
16300 3.02888
16378 3.02896
16378 3.02896
16384 3.02834
16384 3.02834
16386 3.02722
16386 3.02722
16386 3.02722
16386 3.02722
16400 3.02723
16500 3.02733
16600 3.02743
16700 3.02753
16800 3.02763
16900 3.02773
17000 3.02783
17000 3.02783
17100 3.02793
17200 3.02803
17300 3.02813
17400 3.02823
17500 3.02833
17600 3.02843
17700 3.02853
17800 3.02863
17900 3.02873
18000 3.02883
18000 3.02883
18100 3.02893
18200 3.02903
18300 3.02913
18400 3.02923
18426 3.02926
18426 3.02926
18432 3.02864
18432 3.02864
18434 3.0276
18434 3.0276
18434 3.0276
18434 3.0276
18500 3.02766
18600 3.02776
18700 3.02786
18800 3.02796
18900 3.02806
19000 3.02816
19000 3.02816
19100 3.02826
19200 3.02836
19300 3.02846
19400 3.02856
19500 3.02866
19600 3.02876
19700 3.02886
19800 3.02896
19900 3.02906
20000 3.02916
20000 3.02916
20082 3.02924
20082 3.02924
20082 3.02924
20082 3.02924
20082 3.02924
20086 3.02444
20086 3.02444
20087 3.02442
20087 3.02442
20088 3.02391
20088 3.02391
20088 3.02391
20088 3.02391
20100 3.02392
20200 3.02402
20300 3.02412
20400 3.02423
20474 3.0243
20474 3.0243
20480 3.02369
20480 3.02369
20482 3.0225
20482 3.0225
20482 3.0225
20482 3.0225
20500 3.02252
20600 3.02262
20700 3.02273
20800 3.02283
20900 3.02293
21000 3.02303
21000 3.02303
21100 3.02313
21200 3.02323
21300 3.02334
21400 3.02344
21500 3.02354
21600 3.02364
21700 3.02374
21800 3.02384
21900 3.02394
22000 3.02405
22000 3.02405
22100 3.02415
22200 3.02425
22300 3.02435
22400 3.02445
22500 3.02455
22522 3.02457
22522 3.02457
22528 3.02396
22528 3.02396
22600 3.02403
22700 3.02413
22800 3.02423
22900 3.02434
23000 3.02444
23000 3.02444
23100 3.02454
23200 3.02464
23300 3.02474
23400 3.02484
23500 3.02494
23600 3.02504
23700 3.02514
23800 3.02525
23900 3.02535
24000 3.02545
24000 3.02545
24100 3.02555
24200 3.02565
24300 3.02575
24400 3.02585
24500 3.02595
24570 3.02602
24570 3.02602
24576 3.02541
24576 3.02541
24578 3.02428
24578 3.02428
24578 3.02428
24578 3.02428
24600 3.02431
24700 3.02441
24800 3.02451
24900 3.02461
25000 3.02471
25000 3.02471
25100 3.02481
25200 3.02491
25300 3.02501
25400 3.02511
25500 3.02522
25600 3.02532
25700 3.02542
25800 3.02552
25900 3.02562
26000 3.02572
26000 3.02572
26100 3.02582
26200 3.02592
26300 3.02602
26400 3.02612
26500 3.02622
26600 3.02632
26618 3.02634
26618 3.02634
26624 3.02573
26624 3.02573
26626 3.02469
26626 3.02469
26626 3.02469
26626 3.02469
26700 3.02476
26800 3.02486
26900 3.02496
27000 3.02506
27000 3.02506
27100 3.02516
27200 3.02526
27300 3.02537
27400 3.02547
27500 3.02557
27600 3.02567
27700 3.02577
27800 3.02587
27900 3.02597
28000 3.02607
28000 3.02607
28100 3.02617
28200 3.02627
28300 3.02637
28400 3.02647
28500 3.02657
28600 3.02667
28666 3.02674
28666 3.02674
28672 3.02612
28672 3.02612
28674 3.025
28674 3.025
28674 3.025
28674 3.025
28700 3.02503
28800 3.02513
28900 3.02523
29000 3.02533
29000 3.02533
29100 3.02543
29200 3.02553
29300 3.02563
29400 3.02573
29500 3.02583
29600 3.02593
29700 3.02604
29800 3.02614
29900 3.02624
30000 3.02634
30000 3.02634
30082 3.02642
30082 3.02642
30082 3.02642
30082 3.02642
30082 3.02642
30086 3.02162
30086 3.02162
30087 3.0216
30087 3.0216
30088 3.02109
30088 3.02109
30088 3.02109
30088 3.02109
30100 3.02111
30200 3.02121
30300 3.02131
30400 3.02141
30500 3.02152
30600 3.02162
30700 3.02172
30714 3.02173
30714 3.02173
30720 3.02112
30720 3.02112
30722 3.02008
30722 3.02008
30722 3.02008
30722 3.02008
30800 3.02016
30900 3.02026
31000 3.02037
31000 3.02037
31100 3.02047
31200 3.02057
31300 3.02067
31400 3.02078
31500 3.02088
31600 3.02098
31700 3.02108
31800 3.02119
31900 3.02129
32000 3.02139
32000 3.02139
32100 3.02149
32200 3.0216
32300 3.0217
32400 3.0218
32500 3.0219
32600 3.022
32700 3.02211
32762 3.02217
32762 3.02217
32768 3.02156
32768 3.02156
32770 3.02037
32770 3.02037
32770 3.02037
32770 3.02037
32800 3.0204
32900 3.02051
33000 3.02061
33000 3.02061
33100 3.02071
33200 3.02081
33300 3.02092
33400 3.02102
33500 3.02112
33600 3.02122
33700 3.02133
33800 3.02143
33900 3.02153
34000 3.02163
34000 3.02163
34100 3.02174
34200 3.02184
34300 3.02194
34400 3.02204
34500 3.02214
34600 3.02225
34700 3.02235
34800 3.02245
34810 3.02246
34810 3.02246
34816 3.02185
34816 3.02185
34900 3.02193
35000 3.02203
35000 3.02203
35100 3.02214
35200 3.02224
35300 3.02234
35400 3.02244
35500 3.02254
35600 3.02264
35700 3.02275
35800 3.02285
35900 3.02295
36000 3.02305
36000 3.02305
36100 3.02315
36200 3.02325
36300 3.02336
36400 3.02346
36500 3.02356
36600 3.02366
36700 3.02376
36800 3.02386
36858 3.02392
36858 3.02392
36864 3.02331
36864 3.02331
36866 3.02219
36866 3.02219
36866 3.02219
36866 3.02219
36900 3.02222
37000 3.02232
37000 3.02232
37100 3.02243
37200 3.02253
37300 3.02263
37400 3.02273
37500 3.02283
37600 3.02293
37700 3.02304
37800 3.02314
37900 3.02324
38000 3.02334
38000 3.02334
38100 3.02344
38200 3.02354
38300 3.02365
38400 3.02375
38500 3.02385
38600 3.02395
38700 3.02405
38800 3.02415
38900 3.02425
38906 3.02426
38906 3.02426
38912 3.02364
38912 3.02364
38914 3.0226
38914 3.0226
38914 3.0226
38914 3.0226
39000 3.02269
39000 3.02269
39100 3.02279
39200 3.0229
39300 3.023
39400 3.0231
39500 3.0232
39600 3.0233
39700 3.0234
39800 3.02351
39900 3.02361
40000 3.02371
40000 3.02371
40082 3.02379
40082 3.02379
40082 3.02379
40082 3.02379
40082 3.02379
40086 3.019
40086 3.019
40087 3.01898
40087 3.01898
40088 3.01847
40088 3.01847
40088 3.01847
40088 3.01847
40100 3.01848
40200 3.01859
40300 3.01869
40400 3.01879
40500 3.0189
40600 3.019
40700 3.0191
40800 3.01921
40900 3.01931
40954 3.01936
40954 3.01936
40960 3.01875
40960 3.01875
40962 3.01757
40962 3.01757
40962 3.01757
40962 3.01757
41000 3.01761
41000 3.01761
41100 3.01771
41200 3.01782
41300 3.01792
41400 3.01802
41500 3.01813
41600 3.01823
41700 3.01833
41800 3.01844
41900 3.01854
42000 3.01864
42000 3.01864
42100 3.01875
42200 3.01885
42300 3.01895
42400 3.01906
42500 3.01916
42600 3.01926
42700 3.01937
42800 3.01947
42900 3.01957
43000 3.01967
43000 3.01967
43002 3.01968
43002 3.01968
43008 3.01906
43008 3.01906
43100 3.01916
43200 3.01926
43300 3.01936
43400 3.01947
43500 3.01957
43600 3.01967
43700 3.01978
43800 3.01988
43900 3.01998
