0 3.03099
0 3.03099
0 3.03099
2 3.03099
2 3.03099
100 3.03099
200 3.03099
300 3.03099
400 3.03099
500 3.03099
600 3.03099
700 3.03099
800 3.03099
900 3.03099
1000 3.03099
1000 3.03099
1100 3.03099
1200 3.03099
1300 3.03099
1400 3.03099
1500 3.03099
1600 3.03099
1700 3.03099
1800 3.03099
1900 3.03099
2000 3.03099
2000 3.03099
2048 3.03099
2048 3.03099
2050 3.03099
2050 3.03099
2100 3.03099
2200 3.03099
2300 3.03099
2400 3.03099
2500 3.03099
2600 3.03099
2700 3.03099
2800 3.03099
2900 3.03099
3000 3.03099
3000 3.03099
3100 3.03099
3200 3.03099
3300 3.03099
3400 3.03099
3500 3.03099
3600 3.03099
3700 3.03099
3800 3.03099
3900 3.03099
4000 3.03099
4000 3.03099
4096 3.03099
4096 3.03099
4098 3.03099
4098 3.03099
4100 3.03099
4200 3.03099
4300 3.03099
4400 3.03099
4500 3.03099
4502 3.03099
4502 3.03099
4504 3.03099
4504 3.03099
4504 3.03099
4504 3.03099
4505 3.03099
4505 3.03099
4505 3.03099
4505 3.03099
4506 3.03099
4506 3.03099
4506 3.03099
4506 3.03099
4507 3.03099
4507 3.03099
4600 3.03099
4700 3.03099
4800 3.03099
4900 3.03099
5000 3.03099
5000 3.03099
5100 3.03099
5200 3.03099
5300 3.03099
5400 3.03099
5500 3.03099
5600 3.03099
5700 3.03099
5800 3.03099
5900 3.03099
6000 3.03099
6000 3.03099
6100 3.03099
6144 3.03099
6144 3.03099
6146 3.0223
6146 3.0223
6146 3.0223
6146 3.0223
6200 3.02253
6300 3.02296
6400 3.02338
6500 3.0238
6600 3.02422
6700 3.02464
6800 3.02506
6900 3.02548
7000 3.0259
7000 3.0259
7100 3.02632
7200 3.02674
7300 3.02716
7400 3.02758
7500 3.02799
7600 3.02841
7700 3.02882
7800 3.02924
7900 3.02965
8000 3.03006
8000 3.03006
8100 3.03047
8186 3.03083
8186 3.03083
8192 3.02567
8192 3.02567
8194 3.01633
8194 3.01633
8194 3.01633
8194 3.01633
8200 3.01635
8300 3.01679
8400 3.01722
8500 3.01765
8600 3.01808
8700 3.01851
8800 3.01894
8900 3.01937
9000 3.0198
9000 3.0198
9100 3.02023
9200 3.02066
9300 3.02108
9400 3.02151
9500 3.02193
9600 3.02236
9700 3.02278
9800 3.02321
9900 3.02363
10000 3.02405
10000 3.02405
10082 3.0244
10082 3.0244
10082 3.0244
10082 3.0244
10082 3.0244
10086 2.98465
10086 2.98465
10087 2.9845
10087 2.9845
10088 2.98031
10088 2.98031
10088 2.98031
10088 2.98031
10100 2.98036
10200 2.98085
10234 2.98102
10234 2.98102
10240 2.97595
10240 2.97595
10242 2.96743
10242 2.96743
10242 2.96743
10242 2.96743
10300 2.96772
10400 2.96823
10500 2.96874
10600 2.96924
10700 2.96975
10800 2.97025
10900 2.97076
11000 2.97126
11000 2.97126
11100 2.97176
11200 2.97226
11300 2.97277
11400 2.97327
11500 2.97376
11600 2.97426
11700 2.97476
11800 2.97526
11900 2.97575
12000 2.97625
12000 2.97625
12100 2.97674
12200 2.97724
12282 2.97764
12282 2.97764
12288 2.97258
12288 2.97258
12290 2.9629
12290 2.9629
12290 2.9629
12290 2.9629
12300 2.96295
12400 2.96347
12500 2.96398
12600 2.96449
12700 2.96501
12800 2.96552
12900 2.96603
13000 2.96654
13000 2.96654
13100 2.96705
13200 2.96756
13300 2.96807
13400 2.96857
13500 2.96908
13600 2.96959
13700 2.97009
13800 2.97059
13900 2.9711
14000 2.9716
14000 2.9716
14100 2.9721
14200 2.9726
14300 2.9731
14330 2.97326
14330 2.97326
14336 2.9682
14336 2.9682
14400 2.96853
14500 2.96903
14600 2.96954
14700 2.97004
14800 2.97055
14900 2.97105
15000 2.97155
15000 2.97155
15100 2.97206
15200 2.97256
15300 2.97306
15400 2.97356
15500 2.97406
15600 2.97455
15700 2.97505
15800 2.97555
15900 2.97604
16000 2.97654
16000 2.97654
16100 2.97703
16200 2.97753
16300 2.97802
16378 2.9784
16378 2.9784
16384 2.97334
16384 2.97334
16386 2.96416
16386 2.96416
16386 2.96416
16386 2.96416
16400 2.96423
16500 2.96474
16600 2.96525
16700 2.96577
16800 2.96628
16900 2.96679
17000 2.9673
17000 2.9673
17100 2.9678
17200 2.96831
17300 2.96882
17400 2.96932
17500 2.96983
17600 2.97033
17700 2.97084
17800 2.97134
17900 2.97184
18000 2.97234
18000 2.97234
18100 2.97284
18200 2.97334
18300 2.97384
18400 2.97434
18426 2.97447
18426 2.97447
18432 2.96942
18432 2.96942
18434 2.96091
18434 2.96091
18434 2.96091
18434 2.96091
18500 2.96125
18600 2.96177
18700 2.96229
18800 2.9628
18900 2.96332
19000 2.96383
19000 2.96383
19100 2.96435
19200 2.96486
19300 2.96537
19400 2.96588
19500 2.96639
19600 2.9669
19700 2.96741
19800 2.96792
19900 2.96843
20000 2.96894
20000 2.96894
20082 2.96935
20082 2.96935
20082 2.96935
20082 2.96935
20082 2.96935
20086 2.93033
20086 2.93033
20087 2.93018
20087 2.93018
20088 2.92607
20088 2.92607
20088 2.92607
20088 2.92607
20100 2.92614
20200 2.92671
20300 2.92728
20400 2.92785
20474 2.92827
20474 2.92827
20480 2.9233
20480 2.9233
20482 2.91378
20482 2.91378
20482 2.91378
20482 2.91378
20500 2.91388
20600 2.91447
20700 2.91506
20800 2.91565
20900 2.91624
21000 2.91682
21000 2.91682
21100 2.91741
21200 2.91799
21300 2.91858
21400 2.91916
21500 2.91974
21600 2.92032
21700 2.9209
21800 2.92148
21900 2.92206
22000 2.92264
22000 2.92264
22100 2.92322
22200 2.92379
22300 2.92437
22400 2.92494
22500 2.92551
22522 2.92564
22522 2.92564
22528 2.92068
22528 2.92068
22600 2.92109
22700 2.92167
22800 2.92225
22900 2.92283
23000 2.9234
23000 2.9234
23100 2.92398
23200 2.92455
23300 2.92513
23400 2.9257
23500 2.92627
23600 2.92684
23700 2.92741
23800 2.92798
23900 2.92855
24000 2.92912
24000 2.92912
24100 2.92969
24200 2.93025
24300 2.93082
24400 2.93138
24500 2.93194
24570 2.93234
24570 2.93234
24576 2.92736
24576 2.92736
24578 2.91832
24578 2.91832
24578 2.91832
24578 2.91832
24600 2.91845
24700 2.91903
24800 2.91961
24900 2.92019
25000 2.92077
25000 2.92077
25100 2.92135
25200 2.92193
25300 2.92251
25400 2.92309
25500 2.92366
25600 2.92424
25700 2.92481
25800 2.92539
25900 2.92596
26000 2.92653
26000 2.92653
26100 2.9271
26200 2.92767
26300 2.92824
26400 2.92881
26500 2.92937
26600 2.92994
26618 2.93004
26618 2.93004
26624 2.92507
26624 2.92507
26626 2.91669
26626 2.91669
26626 2.91669
26626 2.91669
26700 2.91713
26800 2.91771
26900 2.91829
27000 2.91888
27000 2.91888
27100 2.91946
27200 2.92004
27300 2.92062
27400 2.9212
27500 2.92178
27600 2.92236
27700 2.92294
27800 2.92351
27900 2.92409
28000 2.92466
28000 2.92466
28100 2.92524
28200 2.92581
28300 2.92638
28400 2.92695
28500 2.92752
28600 2.92809
28666 2.92847
28666 2.92847
28672 2.9235
28672 2.9235
28674 2.91447
28674 2.91447
28674 2.91447
28674 2.91447
28700 2.91462
28800 2.91521
28900 2.9158
29000 2.91638
29000 2.91638
29100 2.91697
29200 2.91755
29300 2.91814
29400 2.91872
29500 2.9193
29600 2.91989
29700 2.92047
29800 2.92105
29900 2.92163
30000 2.9222
30000 2.9222
30082 2.92268
30082 2.92268
30082 2.92268
30082 2.92268
30082 2.92268
30086 2.88427
30086 2.88427
30087 2.88413
30087 2.88413
30088 2.88008
30088 2.88008
30088 2.88008
30088 2.88008
30100 2.88016
30200 2.8808
30300 2.88144
30400 2.88208
30500 2.88272
30600 2.88336
30700 2.88399
30714 2.88408
30714 2.88408
30720 2.87919
30720 2.87919
30722 2.87095
30722 2.87095
30722 2.87095
30722 2.87095
30800 2.87146
30900 2.87211
31000 2.87277
31000 2.87277
31100 2.87342
31200 2.87407
31300 2.87472
31400 2.87537
31500 2.87602
31600 2.87667
31700 2.87732
31800 2.87796
31900 2.87861
32000 2.87925
32000 2.87925
32100 2.87989
32200 2.88054
32300 2.88118
32400 2.88182
32500 2.88246
32600 2.88309
32700 2.88373
32762 2.88413
32762 2.88413
32768 2.87924
32768 2.87924
32770 2.86986
32770 2.86986
32770 2.86986
32770 2.86986
32800 2.87006
32900 2.87071
33000 2.87137
33000 2.87137
33100 2.87202
33200 2.87268
33300 2.87333
33400 2.87398
33500 2.87464
33600 2.87529
33700 2.87593
33800 2.87658
33900 2.87723
34000 2.87788
34000 2.87788
34100 2.87852
34200 2.87916
34300 2.87981
34400 2.88045
34500 2.88109
34600 2.88173
34700 2.88237
34800 2.88301
34810 2.88308
34810 2.88308
34816 2.87818
34816 2.87818
34900 2.87873
35000 2.87937
35000 2.87937
35100 2.88001
35200 2.88065
35300 2.8813
35400 2.88194
35500 2.88257
35600 2.88321
35700 2.88385
35800 2.88449
35900 2.88512
36000 2.88575
36000 2.88575
36100 2.88639
36200 2.88702
36300 2.88765
36400 2.88828
36500 2.88891
36600 2.88954
36700 2.89017
36800 2.89079
36858 2.89116
36858 2.89116
36864 2.88625
36864 2.88625
36866 2.87734
36866 2.87734
36866 2.87734
36866 2.87734
36900 2.87756
37000 2.8782
37000 2.8782
37100 2.87885
37200 2.87949
37300 2.88013
37400 2.88078
37500 2.88142
37600 2.88206
37700 2.8827
37800 2.88333
37900 2.88397
38000 2.88461
38000 2.88461
38100 2.88524
38200 2.88587
38300 2.88651
38400 2.88714
38500 2.88777
38600 2.8884
38700 2.88903
38800 2.88966
38900 2.89028
38906 2.89032
38906 2.89032
38912 2.88542
38912 2.88542
38914 2.87716
38914 2.87716
38914 2.87716
38914 2.87716
39000 2.87771
39000 2.87771
39100 2.87836
39200 2.879
39300 2.87965
39400 2.88029
39500 2.88093
39600 2.88157
39700 2.88221
39800 2.88285
39900 2.88349
40000 2.88412
40000 2.88412
40082 2.88465
40082 2.88465
40082 2.88465
40082 2.88465
40082 2.88465
40086 2.84674
40086 2.84674
40087 2.8466
40087 2.8466
40088 2.8426
40088 2.8426
40088 2.8426
40088 2.8426
40100 2.84269
40200 2.84339
40300 2.84408
40400 2.84478
40500 2.84548
40600 2.84617
40700 2.84687
40800 2.84756
40900 2.84825
40954 2.84863
40954 2.84863
40960 2.8438
40960 2.8438
40962 2.83454
40962 2.83454
40962 2.83454
40962 2.83454
41000 2.83481
41000 2.83481
41100 2.83552
41200 2.83623
41300 2.83694
41400 2.83764
41500 2.83835
41600 2.83906
41700 2.83976
41800 2.84046
41900 2.84117
42000 2.84187
42000 2.84187
42100 2.84257
42200 2.84327
42300 2.84397
42400 2.84466
42500 2.84536
42600 2.84605
42700 2.84675
42800 2.84744
42900 2.84813
43000 2.84882
43000 2.84882
43002 2.84884
43002 2.84884
43008 2.84401
43008 2.84401
43100 2.84465
43200 2.84535
43300 2.84604
43400 2.84673
43500 2.84743
43600 2.84812
43700 2.84881
43800 2.8495
43900 2.85019
