0 3.03099
0 3.03099
0 3.03099
2 3.03099
2 3.03099
100 3.03099
200 3.03099
300 3.03099
400 3.03099
500 3.03099
600 3.03099
700 3.03099
800 3.03099
900 3.03099
1000 3.03099
1000 3.03099
1100 3.03099
1200 3.03099
1300 3.03099
1400 3.03099
1500 3.03099
1600 3.03099
1700 3.03099
1800 3.03099
1900 3.03099
2000 3.03099
2000 3.03099
2048 3.03099
2048 3.03099
2050 3.03099
2050 3.03099
2100 3.03099
2200 3.03099
2300 3.03099
2400 3.03099
2500 3.03099
2600 3.03099
2700 3.03099
2800 3.03099
2900 3.03099
3000 3.03099
3000 3.03099
3100 3.03099
3200 3.03099
3300 3.03099
3400 3.03099
3500 3.03099
3600 3.03099
3700 3.03099
3800 3.03099
3900 3.03099
4000 3.03099
4000 3.03099
4096 3.03099
4096 3.03099
4098 3.03099
4098 3.03099
4100 3.03099
4200 3.03099
4300 3.03099
4400 3.03099
4500 3.03099
4502 3.03099
4502 3.03099
4504 3.03099
4504 3.03099
4504 3.03099
4504 3.03099
4505 3.03099
4505 3.03099
4505 3.03099
4505 3.03099
4506 3.03099
4506 3.03099
4506 3.03099
4506 3.03099
4507 3.03099
4507 3.03099
4600 3.03099
4700 3.03099
4800 3.03099
4900 3.03099
5000 3.03099
5000 3.03099
5100 3.03099
5200 3.03099
5300 3.03099
5400 3.03099
5500 3.03099
5600 3.03099
5700 3.03099
5800 3.03099
5900 3.03099
6000 3.03099
6000 3.03099
6100 3.03099
6144 3.03099
6144 3.03099
6146 3.02843
6146 3.02843
6146 3.02843
6146 3.02843
6200 3.02977
6300 3.03224
6400 3.03469
6500 3.03711
6600 3.03951
6700 3.0419
6800 3.04425
6900 3.04659
7000 3.04891
7000 3.04891
7100 3.0512
7200 3.05348
7300 3.05573
7400 3.05796
7500 3.06018
7600 3.06237
7700 3.06454
7800 3.06669
7900 3.06882
8000 3.07094
8000 3.07094
8100 3.07303
8186 3.07482
8186 3.07482
8192 3.07336
8192 3.07336
8194 3.07055
8194 3.07055
8194 3.07055
8194 3.07055
8200 3.07068
8300 3.07277
8400 3.07485
8500 3.07691
8600 3.07895
8700 3.08097
8800 3.08297
8900 3.08495
9000 3.08692
9000 3.08692
9100 3.08887
9200 3.0908
9300 3.09271
9400 3.0946
9500 3.09648
9600 3.09834
9700 3.10018
9800 3.10201
9900 3.10382
10000 3.10561
10000 3.10561
10082 3.10708
10082 3.10708
10082 3.10708
10082 3.10708
10082 3.10708
10086 3.09484
10086 3.09484
10087 3.0948
10087 3.0948
10088 3.09351
10088 3.09351
10088 3.09351
10088 3.09351
10100 3.09374
10200 3.09563
10234 3.09627
10234 3.09627
10240 3.09479
10240 3.09479
10242 3.09216
10242 3.09216
10242 3.09216
10242 3.09216
10300 3.09326
10400 3.09515
10500 3.09702
10600 3.09888
10700 3.10072
10800 3.10254
10900 3.10434
11000 3.10613
11000 3.10613
11100 3.1079
11200 3.10966
11300 3.1114
11400 3.11312
11500 3.11483
11600 3.11652
11700 3.1182
11800 3.11986
11900 3.12151
12000 3.12314
12000 3.12314
12100 3.12476
12200 3.12636
12282 3.12767
12282 3.12767
12288 3.12615
12288 3.12615
12290 3.12313
12290 3.12313
12290 3.12313
12290 3.12313
12300 3.12329
12400 3.1249
12500 3.1265
12600 3.12809
12700 3.12966
12800 3.13121
12900 3.13276
13000 3.13429
13000 3.13429
13100 3.1358
13200 3.1373
13300 3.13879
13400 3.14026
13500 3.14172
13600 3.14317
13700 3.1446
13800 3.14602
13900 3.14743
14000 3.14882
14000 3.14882
14100 3.15021
14200 3.15157
14300 3.15293
14330 3.15334
14330 3.15334
14336 3.1518
14336 3.1518
14400 3.15267
14500 3.15401
14600 3.15535
14700 3.15667
14800 3.15798
14900 3.15928
15000 3.16056
15000 3.16056
15100 3.16184
15200 3.1631
15300 3.16435
15400 3.16559
15500 3.16682
15600 3.16804
15700 3.16924
15800 3.17044
15900 3.17162
16000 3.1728
16000 3.1728
16100 3.17396
16200 3.17511
16300 3.17625
16378 3.17714
16378 3.17714
16384 3.17557
16384 3.17557
16386 3.17265
16386 3.17265
16386 3.17265
16386 3.17265
16400 3.17281
16500 3.17397
16600 3.17513
16700 3.17627
16800 3.1774
16900 3.17852
17000 3.17963
17000 3.17963
17100 3.18073
17200 3.18182
17300 3.1829
17400 3.18397
17500 3.18503
17600 3.18608
17700 3.18712
17800 3.18815
17900 3.18918
18000 3.19019
18000 3.19019
18100 3.19119
18200 3.19219
18300 3.19317
18400 3.19415
18426 3.1944
18426 3.1944
18432 3.19282
18432 3.19282
18434 3.19009
18434 3.19009
18434 3.19009
18434 3.19009
18500 3.19075
18600 3.19175
18700 3.19274
18800 3.19372
18900 3.19469
19000 3.19566
19000 3.19566
19100 3.19661
19200 3.19755
19300 3.19849
19400 3.19942
19500 3.20034
19600 3.20125
19700 3.20215
19800 3.20305
19900 3.20393
20000 3.20481
20000 3.20481
20082 3.20553
20082 3.20553
20082 3.20553
20082 3.20553
20082 3.20553
20086 3.19286
20086 3.19286
20087 3.19282
20087 3.19282
20088 3.19148
20088 3.19148
20088 3.19148
20088 3.19148
20100 3.1916
20200 3.19259
20300 3.19357
20400 3.19454
20474 3.19526
20474 3.19526
20480 3.19368
20480 3.19368
20482 3.19057
20482 3.19057
20482 3.19057
20482 3.19057
20500 3.19075
20600 3.19175
20700 3.19274
20800 3.19372
20900 3.19469
21000 3.19565
21000 3.19565
21100 3.1966
21200 3.19755
21300 3.19849
21400 3.19941
21500 3.20033
21600 3.20124
21700 3.20215
21800 3.20304
21900 3.20393
22000 3.20481
22000 3.20481
22100 3.20568
22200 3.20654
22300 3.20739
22400 3.20824
22500 3.20908
22522 3.20926
22522 3.20926
22528 3.20766
22528 3.20766
22600 3.20827
22700 3.20911
22800 3.20994
22900 3.21076
23000 3.21158
23000 3.21158
23100 3.21239
23200 3.21319
23300 3.21398
23400 3.21477
23500 3.21555
23600 3.21632
23700 3.21708
23800 3.21784
23900 3.21859
24000 3.21934
24000 3.21934
24100 3.22007
24200 3.2208
24300 3.22153
24400 3.22224
24500 3.22296
24570 3.22345
24570 3.22345
24576 3.22184
24576 3.22184
24578 3.21886
24578 3.21886
24578 3.21886
24578 3.21886
24600 3.21902
24700 3.21976
24800 3.2205
24900 3.22122
25000 3.22194
25000 3.22194
25100 3.22266
25200 3.22336
25300 3.22406
25400 3.22476
25500 3.22545
25600 3.22613
25700 3.2268
25800 3.22747
25900 3.22813
26000 3.22879
26000 3.22879
26100 3.22944
26200 3.23009
26300 3.23073
26400 3.23136
26500 3.23199
26600 3.23261
26618 3.23272
26618 3.23272
26624 3.2311
26624 3.2311
26626 3.22833
26626 3.22833
26626 3.22833
26626 3.22833
26700 3.22881
26800 3.22946
26900 3.23011
27000 3.23075
27000 3.23075
27100 3.23138
27200 3.23201
27300 3.23263
27400 3.23324
27500 3.23385
27600 3.23446
27700 3.23506
27800 3.23565
27900 3.23624
28000 3.23682
28000 3.23682
28100 3.2374
28200 3.23797
28300 3.23854
28400 3.2391
28500 3.23966
28600 3.24021
28666 3.24057
28666 3.24057
28672 3.23894
28672 3.23894
28674 3.23594
28674 3.23594
28674 3.23594
28674 3.23594
28700 3.2361
28800 3.23668
28900 3.23726
29000 3.23783
29000 3.23783
29100 3.2384
29200 3.23896
29300 3.23952
29400 3.24007
29500 3.24062
29600 3.24116
29700 3.2417
29800 3.24223
29900 3.24276
30000 3.24328
30000 3.24328
30082 3.24371
30082 3.24371
30082 3.24371
30082 3.24371
30082 3.24371
30086 3.23088
30086 3.23088
30087 3.23083
30087 3.23083
30088 3.22948
30088 3.22948
30088 3.22948
30088 3.22948
30100 3.22955
30200 3.2302
30300 3.23084
30400 3.23147
30500 3.23209
30600 3.23271
30700 3.23333
30714 3.23342
30714 3.23342
30720 3.23179
30720 3.23179
30722 3.22902
30722 3.22902
30722 3.22902
30722 3.22902
30800 3.22953
30900 3.23017
31000 3.23081
31000 3.23081
31100 3.23144
31200 3.23207
31300 3.23269
31400 3.23331
31500 3.23392
31600 3.23452
31700 3.23512
31800 3.23571
31900 3.2363
32000 3.23688
32000 3.23688
32100 3.23746
32200 3.23803
32300 3.23859
32400 3.23916
32500 3.23971
32600 3.24026
32700 3.24081
32762 3.24115
32762 3.24115
32768 3.23952
32768 3.23952
32770 3.23636
32770 3.23636
32770 3.23636
32770 3.23636
32800 3.23653
32900 3.23711
33000 3.23768
33000 3.23768
33100 3.23825
33200 3.23882
33300 3.23938
33400 3.23993
33500 3.24048
33600 3.24102
33700 3.24156
33800 3.2421
33900 3.24262
34000 3.24315
34000 3.24315
34100 3.24367
34200 3.24418
34300 3.24469
34400 3.2452
34500 3.2457
34600 3.2462
34700 3.24669
34800 3.24717
34810 3.24723
34810 3.24723
34816 3.24559
34816 3.24559
34900 3.24601
35000 3.2465
35000 3.2465
35100 3.24699
35200 3.24747
35300 3.24795
35400 3.24843
35500 3.2489
35600 3.24937
35700 3.24983
35800 3.25029
35900 3.25074
36000 3.25119
36000 3.25119
36100 3.25164
36200 3.25208
36300 3.25252
36400 3.25295
36500 3.25338
36600 3.25381
36700 3.25423
36800 3.25465
36858 3.25489
36858 3.25489
36864 3.25324
36864 3.25324
36866 3.25023
36866 3.25023
36866 3.25023
36866 3.25023
36900 3.25039
37000 3.25084
37000 3.25084
37100 3.25129
37200 3.25173
37300 3.25217
37400 3.25261
37500 3.25304
37600 3.25347
37700 3.2539
37800 3.25432
37900 3.25474
38000 3.25515
38000 3.25515
38100 3.25556
38200 3.25597
38300 3.25637
38400 3.25677
38500 3.25716
38600 3.25755
38700 3.25794
38800 3.25833
38900 3.25871
38906 3.25873
38906 3.25873
38912 3.25708
38912 3.25708
38914 3.25428
38914 3.25428
38914 3.25428
38914 3.25428
39000 3.25464
39000 3.25464
39100 3.25506
39200 3.25547
39300 3.25588
39400 3.25628
39500 3.25668
39600 3.25707
39700 3.25747
39800 3.25786
39900 3.25824
40000 3.25862
40000 3.25862
40082 3.25893
40082 3.25893
40082 3.25893
40082 3.25893
40082 3.25893
40086 3.24604
40086 3.24604
40087 3.24599
40087 3.24599
40088 3.24462
40088 3.24462
40088 3.24462
40088 3.24462
40100 3.24468
40200 3.24519
40300 3.24569
40400 3.24619
40500 3.24668
40600 3.24717
40700 3.24765
40800 3.24813
40900 3.2486
40954 3.24886
40954 3.24886
40960 3.24722
40960 3.24722
40962 3.24405
40962 3.24405
40962 3.24405
40962 3.24405
41000 3.24424
41000 3.24424
41100 3.24475
41200 3.24526
41300 3.24576
41400 3.24625
41500 3.24674
41600 3.24723
41700 3.24771
41800 3.24819
41900 3.24866
42000 3.24913
42000 3.24913
42100 3.2496
42200 3.25006
42300 3.25051
42400 3.25097
42500 3.25141
42600 3.25186
42700 3.2523
42800 3.25273
42900 3.25317
43000 3.25359
43000 3.25359
43002 3.2536
43002 3.2536
43008 3.25196
43008 3.25196
43100 3.25236
43200 3.2528
43300 3.25323
43400 3.25366
43500 3.25408
43600 3.2545
43700 3.25492
43800 3.25533
43900 3.25574
