0 3.03099
0 3.03099
0 3.03099
2 3.03099
2 3.03099
100 3.03099
200 3.03099
300 3.03099
400 3.03099
500 3.03099
600 3.03099
700 3.03099
800 3.03099
900 3.03099
1000 3.03099
1000 3.03099
1100 3.03099
1200 3.03099
1300 3.03099
1400 3.03099
1500 3.03099
1600 3.03099
1700 3.03099
1800 3.03099
1900 3.03099
2000 3.03099
2000 3.03099
2048 3.03099
2048 3.03099
2050 3.03099
2050 3.03099
2100 3.03099
2200 3.03099
2300 3.03099
2400 3.03099
2500 3.03099
2600 3.03099
2700 3.03099
2800 3.03099
2900 3.03099
3000 3.03099
3000 3.03099
3100 3.03099
3200 3.03099
3300 3.03099
3400 3.03099
3500 3.03099
3600 3.03099
3700 3.03099
3800 3.03099
3900 3.03099
4000 3.03099
4000 3.03099
4096 3.03099
4096 3.03099
4098 3.03099
4098 3.03099
4100 3.03099
4200 3.03099
4300 3.03099
4400 3.03099
4500 3.03099
4502 3.03099
4502 3.03099
4504 3.03099
4504 3.03099
4504 3.03099
4504 3.03099
4505 3.03099
4505 3.03099
4505 3.03099
4505 3.03099
4506 3.03099
4506 3.03099
4506 3.03099
4506 3.03099
4507 3.03099
4507 3.03099
4600 3.03099
4700 3.03099
4800 3.03099
4900 3.03099
5000 3.03099
5000 3.03099
5100 3.03099
5200 3.03099
5300 3.03099
5400 3.03099
5500 3.03099
5600 3.03099
5700 3.03099
5800 3.03099
5900 3.03099
6000 3.03099
6000 3.03099
6100 3.03099
6144 3.03099
6144 3.03099
6146 3.02996
6146 3.02996
6146 3.02996
6146 3.02996
6200 3.0305
6300 3.03149
6400 3.03247
6500 3.03345
6600 3.03443
6700 3.0354
6800 3.03637
6900 3.03734
7000 3.0383
7000 3.0383
7100 3.03926
7200 3.04022
7300 3.04117
7400 3.04212
7500 3.04306
7600 3.04401
7700 3.04494
7800 3.04588
7900 3.04681
8000 3.04774
8000 3.04774
8100 3.04866
8186 3.04946
8186 3.04946
8192 3.04889
8192 3.04889
8194 3.04777
8194 3.04777
8194 3.04777
8194 3.04777
8200 3.04783
8300 3.04875
8400 3.04967
8500 3.05059
8600 3.0515
8700 3.05242
8800 3.05332
8900 3.05423
9000 3.05513
9000 3.05513
9100 3.05603
9200 3.05692
9300 3.05781
9400 3.0587
9500 3.05958
9600 3.06047
9700 3.06134
9800 3.06222
9900 3.06309
10000 3.06396
10000 3.06396
10082 3.06467
10082 3.06467
10082 3.06467
10082 3.06467
10082 3.06467
10086 3.05985
10086 3.05985
10087 3.05983
10087 3.05983
10088 3.05932
10088 3.05932
10088 3.05932
10088 3.05932
10100 3.05943
10200 3.06031
10234 3.06061
10234 3.06061
10240 3.06003
10240 3.06003
10242 3.059
10242 3.059
10242 3.059
10242 3.059
10300 3.05951
10400 3.06039
10500 3.06127
10600 3.06214
10700 3.06302
10800 3.06389
10900 3.06475
11000 3.06561
11000 3.06561
11100 3.06647
11200 3.06733
11300 3.06818
11400 3.06903
11500 3.06988
11600 3.07072
11700 3.07156
11800 3.0724
11900 3.07324
12000 3.07407
12000 3.07407
12100 3.07489
12200 3.07572
12282 3.0764
12282 3.0764
12288 3.07581
12288 3.07581
12290 3.07463
12290 3.07463
12290 3.07463
12290 3.07463
12300 3.07471
12400 3.07553
12500 3.07636
12600 3.07718
12700 3.07799
12800 3.07881
12900 3.07962
13000 3.08042
13000 3.08042
13100 3.08123
13200 3.08203
13300 3.08283
13400 3.08363
13500 3.08442
13600 3.08521
13700 3.086
13800 3.08678
13900 3.08756
14000 3.08834
14000 3.08834
14100 3.08912
14200 3.08989
14300 3.09066
14330 3.0909
14330 3.0909
14336 3.0903
14336 3.0903
14400 3.0908
14500 3.09156
14600 3.09233
14700 3.09309
14800 3.09385
14900 3.0946
15000 3.09536
15000 3.09536
15100 3.09611
15200 3.09685
15300 3.0976
15400 3.09834
15500 3.09908
15600 3.09982
15700 3.10055
15800 3.10128
15900 3.10201
16000 3.10274
16000 3.10274
16100 3.10346
16200 3.10418
16300 3.1049
16378 3.10546
16378 3.10546
16384 3.10486
16384 3.10486
16386 3.10372
16386 3.10372
16386 3.10372
16386 3.10372
16400 3.10382
16500 3.10454
16600 3.10526
16700 3.10597
16800 3.10668
16900 3.10739
17000 3.1081
17000 3.1081
17100 3.1088
17200 3.1095
17300 3.1102
17400 3.1109
17500 3.11159
17600 3.11228
17700 3.11297
17800 3.11366
17900 3.11434
18000 3.11502
18000 3.11502
18100 3.1157
18200 3.11637
18300 3.11705
18400 3.11772
18426 3.11789
18426 3.11789
18432 3.11729
18432 3.11729
18434 3.11623
18434 3.11623
18434 3.11623
18434 3.11623
18500 3.11668
18600 3.11735
18700 3.11802
18800 3.11868
18900 3.11935
19000 3.12001
19000 3.12001
19100 3.12067
19200 3.12133
19300 3.12198
19400 3.12264
19500 3.12329
19600 3.12393
19700 3.12458
19800 3.12522
19900 3.12586
20000 3.1265
20000 3.1265
20082 3.12703
20082 3.12703
20082 3.12703
20082 3.12703
20082 3.12703
20086 3.12209
20086 3.12209
20087 3.12207
20087 3.12207
20088 3.12155
20088 3.12155
20088 3.12155
20088 3.12155
20100 3.12163
20200 3.12229
20300 3.12294
20400 3.12359
20474 3.12407
20474 3.12407
20480 3.12346
20480 3.12346
20482 3.12225
20482 3.12225
20482 3.12225
20482 3.12225
20500 3.12237
20600 3.12302
20700 3.12367
20800 3.12432
20900 3.12496
21000 3.1256
21000 3.1256
21100 3.12624
21200 3.12688
21300 3.12751
21400 3.12814
21500 3.12877
21600 3.1294
21700 3.13003
21800 3.13065
21900 3.13127
22000 3.13189
22000 3.13189
22100 3.13251
22200 3.13312
22300 3.13373
22400 3.13434
22500 3.13495
22522 3.13509
22522 3.13509
22528 3.13448
22528 3.13448
22600 3.13491
22700 3.13552
22800 3.13612
22900 3.13672
23000 3.13732
23000 3.13732
23100 3.13792
23200 3.13851
23300 3.1391
23400 3.13969
23500 3.14028
23600 3.14087
23700 3.14145
23800 3.14203
23900 3.14261
24000 3.14319
24000 3.14319
24100 3.14376
24200 3.14433
24300 3.14491
24400 3.14547
24500 3.14604
24570 3.14644
24570 3.14644
24576 3.14582
24576 3.14582
24578 3.14467
24578 3.14467
24578 3.14467
24578 3.14467
24600 3.14479
24700 3.14536
24800 3.14593
24900 3.14649
25000 3.14706
25000 3.14706
25100 3.14762
25200 3.14817
25300 3.14873
25400 3.14929
25500 3.14984
25600 3.15039
25700 3.15094
25800 3.15148
25900 3.15203
26000 3.15257
26000 3.15257
26100 3.15311
26200 3.15365
26300 3.15419
26400 3.15472
26500 3.15525
26600 3.15578
26618 3.15588
26618 3.15588
26624 3.15526
26624 3.15526
26626 3.15419
26626 3.15419
26626 3.15419
26626 3.15419
26700 3.15458
26800 3.15512
26900 3.15565
27000 3.15618
27000 3.15618
27100 3.1567
27200 3.15723
27300 3.15775
27400 3.15827
27500 3.15879
27600 3.15931
27700 3.15983
27800 3.16034
27900 3.16085
28000 3.16136
28000 3.16136
28100 3.16187
28200 3.16238
28300 3.16288
28400 3.16338
28500 3.16388
28600 3.16438
28666 3.16471
28666 3.16471
28672 3.16409
28672 3.16409
28674 3.16293
28674 3.16293
28674 3.16293
28674 3.16293
28700 3.16306
28800 3.16356
28900 3.16406
29000 3.16456
29000 3.16456
29100 3.16505
29200 3.16555
29300 3.16604
29400 3.16653
29500 3.16702
29600 3.16751
29700 3.168
29800 3.16848
29900 3.16896
30000 3.16944
30000 3.16944
30082 3.16984
30082 3.16984
30082 3.16984
30082 3.16984
30082 3.16984
30086 3.16483
30086 3.16483
30087 3.16481
30087 3.16481
30088 3.16428
30088 3.16428
30088 3.16428
30088 3.16428
30100 3.16434
30200 3.16484
30300 3.16533
30400 3.16583
30500 3.16632
30600 3.16681
30700 3.1673
30714 3.16737
30714 3.16737
30720 3.16674
30720 3.16674
30722 3.16566
30722 3.16566
30722 3.16566
30722 3.16566
30800 3.16605
30900 3.16654
31000 3.16703
31000 3.16703
31100 3.16751
31200 3.168
31300 3.16848
31400 3.16897
31500 3.16945
31600 3.16992
31700 3.1704
31800 3.17088
31900 3.17135
32000 3.17182
32000 3.17182
32100 3.17229
32200 3.17276
32300 3.17323
32400 3.17369
32500 3.17415
32600 3.17462
32700 3.17507
32762 3.17536
32762 3.17536
32768 3.17473
32768 3.17473
32770 3.1735
32770 3.1735
32770 3.1735
32770 3.1735
32800 3.17364
32900 3.1741
33000 3.17456
33000 3.17456
33100 3.17502
33200 3.17548
33300 3.17594
33400 3.17639
33500 3.17685
33600 3.1773
33700 3.17775
33800 3.1782
33900 3.17864
34000 3.17909
34000 3.17909
34100 3.17953
34200 3.17997
34300 3.18041
34400 3.18085
34500 3.18129
34600 3.18172
34700 3.18216
34800 3.18259
34810 3.18263
34810 3.18263
34816 3.182
34816 3.182
34900 3.18237
35000 3.1828
35000 3.1828
35100 3.18323
35200 3.18366
35300 3.18408
35400 3.18451
35500 3.18493
35600 3.18535
35700 3.18577
35800 3.18619
35900 3.18661
36000 3.18702
36000 3.18702
36100 3.18744
36200 3.18785
36300 3.18826
36400 3.18867
36500 3.18908
36600 3.18949
36700 3.18989
36800 3.1903
36858 3.19053
36858 3.19053
36864 3.1899
36864 3.1899
36866 3.18872
36866 3.18872
36866 3.18872
36866 3.18872
36900 3.18886
37000 3.18927
37000 3.18927
37100 3.18967
37200 3.19008
37300 3.19048
37400 3.19088
37500 3.19128
37600 3.19168
37700 3.19208
37800 3.19247
37900 3.19287
38000 3.19326
38000 3.19326
38100 3.19365
38200 3.19404
38300 3.19443
38400 3.19482
38500 3.1952
38600 3.19559
38700 3.19597
38800 3.19635
38900 3.19673
38906 3.19676
38906 3.19676
38912 3.19612
38912 3.19612
38914 3.19503
38914 3.19503
38914 3.19503
38914 3.19503
39000 3.19536
39000 3.19536
39100 3.19574
39200 3.19612
39300 3.1965
39400 3.19688
39500 3.19726
39600 3.19764
39700 3.19801
39800 3.19839
39900 3.19876
40000 3.19913
40000 3.19913
40082 3.19944
40082 3.19944
40082 3.19944
40082 3.19944
40082 3.19944
40086 3.19437
40086 3.19437
40087 3.19436
40087 3.19436
40088 3.19382
40088 3.19382
40088 3.19382
40088 3.19382
40100 3.19387
40200 3.19426
40300 3.19464
40400 3.19503
40500 3.19541
40600 3.1958
40700 3.19618
40800 3.19656
40900 3.19694
40954 3.19715
40954 3.19715
40960 3.19651
40960 3.19651
40962 3.19527
40962 3.19527
40962 3.19527
40962 3.19527
41000 3.19541
41000 3.19541
41100 3.1958
41200 3.19618
41300 3.19656
41400 3.19694
41500 3.19731
41600 3.19769
41700 3.19807
41800 3.19844
41900 3.19881
42000 3.19918
42000 3.19918
42100 3.19955
42200 3.19992
42300 3.20029
42400 3.20065
42500 3.20102
42600 3.20138
42700 3.20174
42800 3.2021
42900 3.20246
43000 3.20282
43000 3.20282
43002 3.20283
43002 3.20283
43008 3.20219
43008 3.20219
43100 3.20252
43200 3.20288
43300 3.20323
43400 3.20359
43500 3.20394
43600 3.20429
43700 3.20464
43800 3.20499
43900 3.20534
