0 3.03099
0 3.03099
0 3.03099
2 3.03099
2 3.03099
100 3.03099
200 3.03099
300 3.03099
400 3.03099
500 3.03099
600 3.03099
700 3.03099
800 3.03099
900 3.03099
1000 3.03099
1000 3.03099
1100 3.03099
1200 3.03099
1300 3.03099
1400 3.03099
1500 3.03099
1600 3.03099
1700 3.03099
1800 3.03099
1900 3.03099
2000 3.03099
2000 3.03099
2048 3.03099
2048 3.03099
2050 3.03099
2050 3.03099
2100 3.03099
2200 3.03099
2300 3.03099
2400 3.03099
2500 3.03099
2600 3.03099
2700 3.03099
2800 3.03099
2900 3.03099
3000 3.03099
3000 3.03099
3100 3.03099
3200 3.03099
3300 3.03099
3400 3.03099
3500 3.03099
3600 3.03099
3700 3.03099
3800 3.03099
3900 3.03099
4000 3.03099
4000 3.03099
4096 3.03099
4096 3.03099
4098 3.03099
4098 3.03099
4100 3.03099
4200 3.03099
4300 3.03099
4400 3.03099
4500 3.03099
4502 3.03099
4502 3.03099
4504 3.03099
4504 3.03099
4504 3.03099
4504 3.03099
4505 3.03099
4505 3.03099
4505 3.03099
4505 3.03099
4506 3.03099
4506 3.03099
4506 3.03099
4506 3.03099
4507 3.03099
4507 3.03099
4600 3.03099
4700 3.03099
4800 3.03099
4900 3.03099
5000 3.03099
5000 3.03099
5100 3.03099
5200 3.03099
5300 3.03099
5400 3.03099
5500 3.03099
5600 3.03099
5700 3.03099
5800 3.03099
5900 3.03099
6000 3.03099
6000 3.03099
6100 3.03099
6144 3.03099
6144 3.03099
6146 3.02628
6146 3.02628
6146 3.02628
6146 3.02628
6200 3.03951
6300 3.06236
6400 3.08321
6500 3.10223
6600 3.11958
6700 3.13541
6800 3.14985
6900 3.16303
7000 3.17504
7000 3.17504
7100 3.18601
7200 3.19601
7300 3.20513
7400 3.21345
7500 3.22105
7600 3.22797
7700 3.23429
7800 3.24006
7900 3.24532
8000 3.25011
8000 3.25011
8100 3.25449
8186 3.25796
8186 3.25796
8192 3.25484
8192 3.25484
8194 3.2489
8194 3.2489
8194 3.2489
8194 3.2489
8200 3.24917
8300 3.25363
8400 3.2577
8500 3.26141
8600 3.26479
8700 3.26788
8800 3.2707
8900 3.27327
9000 3.27562
9000 3.27562
9100 3.27775
9200 3.27971
9300 3.28149
9400 3.28311
9500 3.28459
9600 3.28594
9700 3.28718
9800 3.2883
9900 3.28933
10000 3.29026
10000 3.29026
10082 3.29098
10082 3.29098
10082 3.29098
10082 3.29098
10082 3.29098
10086 3.26503
10086 3.26503
10087 3.26493
10087 3.26493
10088 3.26221
10088 3.26221
10088 3.26221
10088 3.26221
10100 3.26262
10200 3.2659
10234 3.26696
10234 3.26696
10240 3.26379
10240 3.26379
10242 3.25824
10242 3.25824
10242 3.25824
10242 3.25824
10300 3.26041
10400 3.26388
10500 3.26705
10600 3.26994
10700 3.27258
10800 3.27498
10900 3.27718
11000 3.27918
11000 3.27918
11100 3.28101
11200 3.28267
11300 3.28419
11400 3.28558
11500 3.28684
11600 3.288
11700 3.28905
11800 3.29001
11900 3.29089
12000 3.29169
12000 3.29169
12100 3.29242
12200 3.29308
12282 3.29358
12282 3.29358
12288 3.29025
12288 3.29025
12290 3.28383
12290 3.28383
12290 3.28383
12290 3.28383
12300 3.28398
12400 3.28538
12500 3.28666
12600 3.28783
12700 3.2889
12800 3.28987
12900 3.29076
13000 3.29157
13000 3.29157
13100 3.29231
13200 3.29299
13300 3.2936
13400 3.29416
13500 3.29467
13600 3.29514
13700 3.29557
13800 3.29596
13900 3.29631
14000 3.29663
14000 3.29663
14100 3.29693
14200 3.2972
14300 3.29744
14330 3.29751
14330 3.29751
14336 3.29415
14336 3.29415
14400 3.29449
14500 3.29497
14600 3.29541
14700 3.29581
14800 3.29618
14900 3.29652
15000 3.29682
15000 3.29682
15100 3.2971
15200 3.29735
15300 3.29759
15400 3.2978
15500 3.29799
15600 3.29817
15700 3.29833
15800 3.29847
15900 3.29861
16000 3.29873
16000 3.29873
16100 3.29884
16200 3.29894
16300 3.29903
16378 3.2991
16378 3.2991
16384 3.29573
16384 3.29573
16386 3.28963
16386 3.28963
16386 3.28963
16386 3.28963
16400 3.28976
16500 3.29065
16600 3.29147
16700 3.29222
16800 3.2929
16900 3.29353
17000 3.29409
17000 3.29409
17100 3.29461
17200 3.29508
17300 3.29552
17400 3.29591
17500 3.29627
17600 3.29659
17700 3.29689
17800 3.29717
17900 3.29741
18000 3.29764
18000 3.29764
18100 3.29785
18200 3.29804
18300 3.29821
18400 3.29836
18426 3.2984
18426 3.2984
18432 3.29504
18432 3.29504
18434 3.28938
18434 3.28938
18434 3.28938
18434 3.28938
18500 3.29
18600 3.29088
18700 3.29168
18800 3.29241
18900 3.29307
19000 3.29368
19000 3.29368
19100 3.29424
19200 3.29474
19300 3.2952
19400 3.29562
19500 3.29601
19600 3.29636
19700 3.29668
19800 3.29697
19900 3.29723
20000 3.29748
20000 3.29748
20082 3.29766
20082 3.29766
20082 3.29766
20082 3.29766
20082 3.29766
20086 3.27163
20086 3.27163
20087 3.27154
20087 3.27154
20088 3.2688
20088 3.2688
20088 3.2688
20088 3.2688
20100 3.26914
20200 3.27185
20300 3.27432
20400 3.27657
20474 3.27812
20474 3.27812
20480 3.27488
20480 3.27488
20482 3.26853
20482 3.26853
20482 3.26853
20482 3.26853
20500 3.26903
20600 3.27175
20700 3.27423
20800 3.27649
20900 3.27855
21000 3.28043
21000 3.28043
21100 3.28215
21200 3.28372
21300 3.28514
21400 3.28645
21500 3.28764
21600 3.28872
21700 3.28971
21800 3.29061
21900 3.29144
22000 3.29219
22000 3.29219
22100 3.29287
22200 3.2935
22300 3.29407
22400 3.29459
22500 3.29506
22522 3.29516
22522 3.29516
22528 3.29182
22528 3.29182
22600 3.29234
22700 3.29301
22800 3.29362
22900 3.29418
23000 3.29469
23000 3.29469
23100 3.29516
23200 3.29558
23300 3.29597
23400 3.29632
23500 3.29665
23600 3.29694
23700 3.29721
23800 3.29745
23900 3.29768
24000 3.29788
24000 3.29788
24100 3.29807
24200 3.29823
24300 3.29839
24400 3.29853
24500 3.29866
24570 3.29874
24570 3.29874
24576 3.29537
24576 3.29537
24578 3.28927
24578 3.28927
24578 3.28927
24578 3.28927
24600 3.28948
24700 3.29041
24800 3.29125
24900 3.29202
25000 3.29272
25000 3.29272
25100 3.29335
25200 3.29394
25300 3.29447
25400 3.29495
25500 3.2954
25600 3.2958
25700 3.29617
25800 3.2965
25900 3.29681
26000 3.29709
26000 3.29709
26100 3.29735
26200 3.29758
26300 3.29779
26400 3.29798
26500 3.29816
26600 3.29832
26618 3.29835
26618 3.29835
26624 3.29498
26624 3.29498
26626 3.28932
26626 3.28932
26626 3.28932
26626 3.28932
26700 3.29003
26800 3.2909
26900 3.2917
27000 3.29243
27000 3.29243
27100 3.29309
27200 3.2937
27300 3.29425
27400 3.29475
27500 3.29521
27600 3.29563
27700 3.29602
27800 3.29637
27900 3.29668
28000 3.29697
28000 3.29697
28100 3.29724
28200 3.29748
28300 3.2977
28400 3.2979
28500 3.29809
28600 3.29825
28666 3.29836
28666 3.29836
28672 3.29499
28672 3.29499
28674 3.28889
28674 3.28889
28674 3.28889
28674 3.28889
28700 3.28915
28800 3.2901
28900 3.29097
29000 3.29176
29000 3.29176
29100 3.29248
29200 3.29314
29300 3.29374
29400 3.29429
29500 3.29479
29600 3.29525
29700 3.29567
29800 3.29605
29900 3.29639
30000 3.29671
30000 3.29671
30082 3.29695
30082 3.29695
30082 3.29695
30082 3.29695
30082 3.29695
30086 3.27093
30086 3.27093
30087 3.27084
30087 3.27084
30088 3.2681
30088 3.2681
30088 3.2681
30088 3.2681
30100 3.26845
30200 3.27122
30300 3.27374
30400 3.27605
30500 3.27815
30600 3.28006
30700 3.28181
30714 3.28205
30714 3.28205
30720 3.27879
30720 3.27879
30722 3.27319
30722 3.27319
30722 3.27319
30722 3.27319
30800 3.27504
30900 3.27723
31000 3.27923
31000 3.27923
31100 3.28105
31200 3.28271
31300 3.28423
31400 3.28561
31500 3.28687
31600 3.28802
31700 3.28907
31800 3.29003
31900 3.29091
32000 3.2917
32000 3.2917
32100 3.29243
32200 3.2931
32300 3.2937
32400 3.29425
32500 3.29476
32600 3.29522
32700 3.29564
32762 3.29588
32762 3.29588
32768 3.29253
32768 3.29253
32770 3.2861
32770 3.2861
32770 3.2861
32770 3.2861
32800 3.28648
32900 3.28766
33000 3.28875
33000 3.28875
33100 3.28973
33200 3.29063
33300 3.29146
33400 3.2922
33500 3.29289
33600 3.29351
33700 3.29408
33800 3.2946
33900 3.29507
34000 3.29551
34000 3.29551
34100 3.2959
34200 3.29626
34300 3.29659
34400 3.29689
34500 3.29716
34600 3.29741
34700 3.29764
34800 3.29784
34810 3.29786
34810 3.29786
34816 3.2945
34816 3.2945
34900 3.29491
35000 3.29535
35000 3.29535
35100 3.29576
35200 3.29613
35300 3.29647
35400 3.29678
35500 3.29706
35600 3.29732
35700 3.29756
35800 3.29777
35900 3.29797
36000 3.29814
36000 3.29814
36100 3.29831
36200 3.29845
36300 3.29859
36400 3.29871
36500 3.29883
36600 3.29893
36700 3.29902
36800 3.29911
36858 3.29915
36858 3.29915
36864 3.29578
36864 3.29578
36866 3.28968
36866 3.28968
36866 3.28968
36866 3.28968
36900 3.28999
37000 3.29087
37000 3.29087
37100 3.29167
37200 3.2924
37300 3.29307
37400 3.29368
37500 3.29423
37600 3.29474
37700 3.2952
37800 3.29562
37900 3.296
38000 3.29635
38000 3.29635
38100 3.29667
38200 3.29697
38300 3.29723
38400 3.29747
38500 3.2977
38600 3.2979
38700 3.29808
38800 3.29825
38900 3.2984
38906 3.29841
38906 3.29841
38912 3.29505
38912 3.29505
38914 3.28939
38914 3.28939
38914 3.28939
38914 3.28939
39000 3.29019
39000 3.29019
39100 3.29105
39200 3.29184
39300 3.29255
39400 3.29321
39500 3.2938
39600 3.29435
39700 3.29484
39800 3.29529
39900 3.29571
40000 3.29608
40000 3.29608
40082 3.29637
40082 3.29637
40082 3.29637
40082 3.29637
40082 3.29637
40086 3.27036
40086 3.27036
40087 3.27026
40087 3.27026
40088 3.26753
40088 3.26753
40088 3.26753
40088 3.26753
40100 3.26788
40200 3.2707
40300 3.27327
40400 3.27562
40500 3.27776
40600 3.27971
40700 3.28149
40800 3.28311
40900 3.28459
40954 3.28534
40954 3.28534
40960 3.28206
40960 3.28206
40962 3.27568
40962 3.27568
40962 3.27568
40962 3.27568
41000 3.2765
41000 3.2765
41100 3.27856
41200 3.28044
41300 3.28216
41400 3.28373
41500 3.28515
41600 3.28646
41700 3.28764
41800 3.28873
41900 3.28972
42000 3.29062
42000 3.29062
42100 3.29144
42200 3.29219
42300 3.29288
42400 3.2935
42500 3.29407
42600 3.29459
42700 3.29507
42800 3.2955
42900 3.29589
43000 3.29625
43000 3.29625
43002 3.29626
43002 3.29626
43008 3.29291
43008 3.29291
43100 3.29348
43200 3.29405
43300 3.29458
43400 3.29505
43500 3.29548
43600 3.29588
43700 3.29624
43800 3.29657
43900 3.29687
