0 3.03099
0 3.03099
0 3.03099
2 3.03099
2 3.03099
100 3.03099
200 3.03099
300 3.03099
400 3.03099
500 3.03099
600 3.03099
700 3.03099
800 3.03099
900 3.03099
1000 3.03099
1000 3.03099
1100 3.03099
1200 3.03099
1300 3.03099
1400 3.03099
1500 3.03099
1600 3.03099
1700 3.03099
1800 3.03099
1900 3.03099
2000 3.03099
2000 3.03099
2048 3.03099
2048 3.03099
2050 3.03099
2050 3.03099
2100 3.03099
2200 3.03099
2300 3.03099
2400 3.03099
2500 3.03099
2600 3.03099
2700 3.03099
2800 3.03099
2900 3.03099
3000 3.03099
3000 3.03099
3100 3.03099
3200 3.03099
3300 3.03099
3400 3.03099
3500 3.03099
3600 3.03099
3700 3.03099
3800 3.03099
3900 3.03099
4000 3.03099
4000 3.03099
4096 3.03099
4096 3.03099
4098 3.03099
4098 3.03099
4100 3.03099
4200 3.03099
4300 3.03099
4400 3.03099
4500 3.03099
4502 3.03099
4502 3.03099
4504 3.03099
4504 3.03099
4504 3.03099
4504 3.03099
4505 3.03099
4505 3.03099
4505 3.03099
4505 3.03099
4506 3.03099
4506 3.03099
4506 3.03099
4506 3.03099
4507 3.03099
4507 3.03099
4600 3.03099
4700 3.03099
4800 3.03099
4900 3.03099
5000 3.03099
5000 3.03099
5100 3.03099
5200 3.03099
5300 3.03099
5400 3.03099
5500 3.03099
5600 3.03099
5700 3.03099
5800 3.03099
5900 3.03099
6000 3.03099
6000 3.03099
6100 3.03099
6144 3.03099
6144 3.03099
6146 3.0223
6146 3.0223
6146 3.0223
6146 3.0223
6200 3.02241
6300 3.02262
6400 3.02284
6500 3.02305
6600 3.02326
6700 3.02347
6800 3.02368
6900 3.02389
7000 3.0241
7000 3.0241
7100 3.02431
7200 3.02452
7300 3.02473
7400 3.02494
7500 3.02515
7600 3.02536
7700 3.02557
7800 3.02578
7900 3.02599
8000 3.0262
8000 3.0262
8100 3.02641
8186 3.02659
8186 3.02659
8192 3.02143
8192 3.02143
8194 3.01209
8194 3.01209
8194 3.01209
8194 3.01209
8200 3.0121
8300 3.01232
8400 3.01254
8500 3.01276
8600 3.01298
8700 3.0132
8800 3.01342
8900 3.01364
9000 3.01386
9000 3.01386
9100 3.01408
9200 3.01429
9300 3.01451
9400 3.01473
9500 3.01495
9600 3.01517
9700 3.01538
9800 3.0156
9900 3.01582
10000 3.01603
10000 3.01603
10082 3.01621
10082 3.01621
10082 3.01621
10082 3.01621
10082 3.01621
10086 2.97656
10086 2.97656
10087 2.97641
10087 2.97641
10088 2.97223
10088 2.97223
10088 2.97223
10088 2.97223
10100 2.97226
10200 2.97251
10234 2.97259
10234 2.97259
10240 2.96753
10240 2.96753
10242 2.95902
10242 2.95902
10242 2.95902
10242 2.95902
10300 2.95917
10400 2.95943
10500 2.95969
10600 2.95995
10700 2.96021
10800 2.96047
10900 2.96073
11000 2.96099
11000 2.96099
11100 2.96125
11200 2.96151
11300 2.96177
11400 2.96202
11500 2.96228
11600 2.96254
11700 2.9628
11800 2.96306
11900 2.96331
12000 2.96357
12000 2.96357
12100 2.96383
12200 2.96408
12282 2.9643
12282 2.9643
12288 2.95924
12288 2.95924
12290 2.9496
12290 2.9496
12290 2.9496
12290 2.9496
12300 2.94963
12400 2.94989
12500 2.95016
12600 2.95043
12700 2.95069
12800 2.95096
12900 2.95123
13000 2.95149
13000 2.95149
13100 2.95176
13200 2.95203
13300 2.95229
13400 2.95256
13500 2.95282
13600 2.95309
13700 2.95335
13800 2.95362
13900 2.95388
14000 2.95415
14000 2.95415
14100 2.95441
14200 2.95467
14300 2.95494
14330 2.95502
14330 2.95502
14336 2.94998
14336 2.94998
14400 2.95015
14500 2.95042
14600 2.95069
14700 2.95096
14800 2.95122
14900 2.95149
15000 2.95175
15000 2.95175
15100 2.95202
15200 2.95229
15300 2.95255
15400 2.95282
15500 2.95308
15600 2.95335
15700 2.95361
15800 2.95388
15900 2.95414
16000 2.95441
16000 2.95441
16100 2.95467
16200 2.95493
16300 2.9552
16378 2.9554
16378 2.9554
16384 2.95037
16384 2.95037
16386 2.94125
16386 2.94125
16386 2.94125
16386 2.94125
16400 2.94129
16500 2.94156
16600 2.94183
16700 2.94211
16800 2.94238
16900 2.94265
17000 2.94293
17000 2.94293
17100 2.9432
17200 2.94347
17300 2.94374
17400 2.94402
17500 2.94429
17600 2.94456
17700 2.94483
17800 2.9451
17900 2.94537
18000 2.94564
18000 2.94564
18100 2.94592
18200 2.94619
18300 2.94646
18400 2.94673
18426 2.9468
18426 2.9468
18432 2.94178
18432 2.94178
18434 2.93334
18434 2.93334
18434 2.93334
18434 2.93334
18500 2.93353
18600 2.93381
18700 2.93409
18800 2.93437
18900 2.93465
19000 2.93493
19000 2.93493
19100 2.93521
19200 2.93548
19300 2.93576
19400 2.93604
19500 2.93632
19600 2.9366
19700 2.93687
19800 2.93715
19900 2.93743
20000 2.93771
20000 2.93771
20082 2.93793
20082 2.93793
20082 2.93793
20082 2.93793
20082 2.93793
20086 2.89931
20086 2.89931
20087 2.89917
20087 2.89917
20088 2.89509
20088 2.89509
20088 2.89509
20088 2.89509
20100 2.89513
20200 2.89544
20300 2.89575
20400 2.89606
20474 2.89629
20474 2.89629
20480 2.89135
20480 2.89135
20482 2.88193
20482 2.88193
20482 2.88193
20482 2.88193
20500 2.88199
20600 2.88231
20700 2.88263
20800 2.88295
20900 2.88327
21000 2.88358
21000 2.88358
21100 2.8839
21200 2.88422
21300 2.88454
21400 2.88485
21500 2.88517
21600 2.88549
21700 2.88581
21800 2.88612
21900 2.88644
22000 2.88675
22000 2.88675
22100 2.88707
22200 2.88738
22300 2.8877
22400 2.88801
22500 2.88833
22522 2.8884
22522 2.8884
22528 2.88348
22528 2.88348
22600 2.88371
22700 2.88403
22800 2.88435
22900 2.88466
23000 2.88498
23000 2.88498
23100 2.8853
23200 2.88562
23300 2.88593
23400 2.88625
23500 2.88656
23600 2.88688
23700 2.8872
23800 2.88751
23900 2.88783
24000 2.88814
24000 2.88814
24100 2.88846
24200 2.88877
24300 2.88908
24400 2.8894
24500 2.88971
24570 2.88993
24570 2.88993
24576 2.88501
24576 2.88501
24578 2.8761
24578 2.8761
24578 2.8761
24578 2.8761
24600 2.87617
24700 2.87649
24800 2.87681
24900 2.87714
25000 2.87746
25000 2.87746
25100 2.87778
25200 2.87811
25300 2.87843
25400 2.87875
25500 2.87907
25600 2.87939
25700 2.87971
25800 2.88004
25900 2.88036
26000 2.88068
26000 2.88068
26100 2.881
26200 2.88132
26300 2.88164
26400 2.88196
26500 2.88228
26600 2.8826
26618 2.88265
26618 2.88265
26624 2.87775
26624 2.87775
26626 2.8695
26626 2.8695
26626 2.8695
26626 2.8695
26700 2.86974
26800 2.87007
26900 2.8704
27000 2.87073
27000 2.87073
27100 2.87106
27200 2.87138
27300 2.87171
27400 2.87204
27500 2.87236
27600 2.87269
27700 2.87302
27800 2.87334
27900 2.87367
28000 2.874
28000 2.874
28100 2.87432
28200 2.87465
28300 2.87497
28400 2.8753
28500 2.87562
28600 2.87594
28666 2.87616
28666 2.87616
28672 2.87126
28672 2.87126
28674 2.86239
28674 2.86239
28674 2.86239
28674 2.86239
28700 2.86248
28800 2.86281
28900 2.86314
29000 2.86348
29000 2.86348
29100 2.86381
29200 2.86414
29300 2.86448
29400 2.86481
29500 2.86514
29600 2.86548
29700 2.86581
29800 2.86614
29900 2.86647
30000 2.8668
30000 2.8668
30082 2.86708
30082 2.86708
30082 2.86708
30082 2.86708
30082 2.86708
30086 2.82939
30086 2.82939
30087 2.82925
30087 2.82925
30088 2.82527
30088 2.82527
30088 2.82527
30088 2.82527
30100 2.82531
30200 2.82568
30300 2.82604
30400 2.8264
30500 2.82676
30600 2.82712
30700 2.82749
30714 2.82754
30714 2.82754
30720 2.82273
30720 2.82273
30722 2.81464
30722 2.81464
30722 2.81464
30722 2.81464
30800 2.81493
30900 2.8153
31000 2.81567
31000 2.81567
31100 2.81604
31200 2.81641
31300 2.81678
31400 2.81715
31500 2.81752
31600 2.81788
31700 2.81825
31800 2.81862
31900 2.81899
32000 2.81936
32000 2.81936
32100 2.81972
32200 2.82009
32300 2.82046
32400 2.82082
32500 2.82119
32600 2.82156
32700 2.82192
32762 2.82215
32762 2.82215
32768 2.81735
32768 2.81735
32770 2.80817
32770 2.80817
32770 2.80817
32770 2.80817
32800 2.80828
32900 2.80865
33000 2.80903
33000 2.80903
33100 2.80941
33200 2.80978
33300 2.81015
33400 2.81053
33500 2.8109
33600 2.81128
33700 2.81165
33800 2.81202
33900 2.8124
34000 2.81277
34000 2.81277
34100 2.81314
34200 2.81351
34300 2.81388
34400 2.81426
34500 2.81463
34600 2.815
34700 2.81537
34800 2.81574
34810 2.81578
34810 2.81578
34816 2.81099
34816 2.81099
34900 2.8113
35000 2.81167
35000 2.81167
35100 2.81205
35200 2.81242
35300 2.81279
35400 2.81316
35500 2.81354
35600 2.81391
35700 2.81428
35800 2.81465
35900 2.81502
36000 2.81539
36000 2.81539
36100 2.81576
36200 2.81613
36300 2.8165
36400 2.81687
36500 2.81724
36600 2.81761
36700 2.81798
36800 2.81835
36858 2.81856
36858 2.81856
36864 2.81377
36864 2.81377
36866 2.80507
36866 2.80507
36866 2.80507
36866 2.80507
36900 2.8052
37000 2.80558
37000 2.80558
37100 2.80596
37200 2.80633
37300 2.80671
37400 2.80709
37500 2.80746
37600 2.80784
37700 2.80822
37800 2.80859
37900 2.80897
38000 2.80934
38000 2.80934
38100 2.80972
38200 2.81009
38300 2.81047
38400 2.81084
38500 2.81121
38600 2.81159
38700 2.81196
38800 2.81233
38900 2.81271
38906 2.81273
38906 2.81273
38912 2.80794
38912 2.80794
38914 2.7999
38914 2.7999
38914 2.7999
38914 2.7999
39000 2.80023
39000 2.80023
39100 2.80061
39200 2.80099
39300 2.80137
39400 2.80175
39500 2.80213
39600 2.80251
39700 2.80289
39800 2.80327
39900 2.80365
40000 2.80403
40000 2.80403
40082 2.80435
40082 2.80435
40082 2.80435
40082 2.80435
40082 2.80435
40086 2.76748
40086 2.76748
40087 2.76735
40087 2.76735
40088 2.76346
40088 2.76346
40088 2.76346
40088 2.76346
40100 2.76351
40200 2.76392
40300 2.76433
40400 2.76474
40500 2.76515
40600 2.76555
40700 2.76596
40800 2.76637
40900 2.76678
40954 2.767
40954 2.767
40960 2.7623
40960 2.7623
40962 2.7533
40962 2.7533
40962 2.7533
40962 2.7533
41000 2.75345
41000 2.75345
41100 2.75387
41200 2.75429
41300 2.75471
41400 2.75512
41500 2.75554
41600 2.75596
41700 2.75637
41800 2.75679
41900 2.7572
42000 2.75762
42000 2.75762
42100 2.75803
42200 2.75844
42300 2.75886
42400 2.75927
42500 2.75969
42600 2.7601
42700 2.76051
42800 2.76092
42900 2.76134
43000 2.76175
43000 2.76175
43002 2.76176
43002 2.76176
43008 2.75706
43008 2.75706
43100 2.75744
43200 2.75786
43300 2.75827
43400 2.75869
43500 2.7591
43600 2.75951
43700 2.75993
43800 2.76034
43900 2.76075
