0 3.03099
0 3.03099
0 3.03099
2 3.03099
2 3.03099
100 3.03099
200 3.03099
300 3.03099
400 3.03099
500 3.03099
600 3.03099
700 3.03099
800 3.03099
900 3.03099
1000 3.03099
1000 3.03099
1100 3.03099
1200 3.03099
1300 3.03099
1400 3.03099
1500 3.03099
1600 3.03099
1700 3.03099
1800 3.03099
1900 3.03099
2000 3.03099
2000 3.03099
2048 3.03099
2048 3.03099
2050 3.03099
2050 3.03099
2100 3.03099
2200 3.03099
2300 3.03099
2400 3.03099
2500 3.03099
2600 3.03099
2700 3.03099
2800 3.03099
2900 3.03099
3000 3.03099
3000 3.03099
3100 3.03099
3200 3.03099
3300 3.03099
3400 3.03099
3500 3.03099
3600 3.03099
3700 3.03099
3800 3.03099
3900 3.03099
4000 3.03099
4000 3.03099
4096 3.03099
4096 3.03099
4098 3.03099
4098 3.03099
4100 3.03099
4200 3.03099
4300 3.03099
4400 3.03099
4500 3.03099
4502 3.03099
4502 3.03099
4504 3.03099
4504 3.03099
4504 3.03099
4504 3.03099
4505 3.03099
4505 3.03099
4505 3.03099
4505 3.03099
4506 3.03099
4506 3.03099
4506 3.03099
4506 3.03099
4507 3.03099
4507 3.03099
4600 3.03099
4700 3.03099
4800 3.03099
4900 3.03099
5000 3.03099
5000 3.03099
5100 3.03099
5200 3.03099
5300 3.03099
5400 3.03099
5500 3.03099
5600 3.03099
5700 3.03099
5800 3.03099
5900 3.03099
6000 3.03099
6000 3.03099
6100 3.03099
6144 3.03099
6144 3.03099
6146 3.02577
6146 3.02577
6146 3.02577
6146 3.02577
6200 3.02584
6300 3.02596
6400 3.02609
6500 3.02622
6600 3.02634
6700 3.02647
6800 3.02659
6900 3.02672
7000 3.02684
7000 3.02684
7100 3.02697
7200 3.02709
7300 3.02722
7400 3.02734
7500 3.02747
7600 3.02759
7700 3.02772
7800 3.02784
7900 3.02797
8000 3.02809
8000 3.02809
8100 3.02821
8186 3.02832
8186 3.02832
8192 3.02522
8192 3.02522
8194 3.01961
8194 3.01961
8194 3.01961
8194 3.01961
8200 3.01962
8300 3.01974
8400 3.01987
8500 3.02
8600 3.02013
8700 3.02026
8800 3.02039
8900 3.02051
9000 3.02064
9000 3.02064
9100 3.02077
9200 3.0209
9300 3.02103
9400 3.02115
9500 3.02128
9600 3.02141
9700 3.02154
9800 3.02166
9900 3.02179
10000 3.02192
10000 3.02192
10082 3.02202
10082 3.02202
10082 3.02202
10082 3.02202
10082 3.02202
10086 2.99812
10086 2.99812
10087 2.99803
10087 2.99803
10088 2.9955
10088 2.9955
10088 2.9955
10088 2.9955
10100 2.99552
10200 2.99566
10234 2.99571
10234 2.99571
10240 2.99264
10240 2.99264
10242 2.98749
10242 2.98749
10242 2.98749
10242 2.98749
10300 2.98758
10400 2.98772
10500 2.98786
10600 2.98801
10700 2.98815
10800 2.98829
10900 2.98843
11000 2.98858
11000 2.98858
11100 2.98872
11200 2.98886
11300 2.989
11400 2.98915
11500 2.98929
11600 2.98943
11700 2.98957
11800 2.98972
11900 2.98986
12000 2.99
12000 2.99
12100 2.99014
12200 2.99028
12282 2.9904
12282 2.9904
12288 2.98734
12288 2.98734
12290 2.9815
12290 2.9815
12290 2.9815
12290 2.9815
12300 2.98151
12400 2.98166
12500 2.9818
12600 2.98195
12700 2.98209
12800 2.98224
12900 2.98239
13000 2.98253
13000 2.98253
13100 2.98268
13200 2.98282
13300 2.98297
13400 2.98311
13500 2.98326
13600 2.9834
13700 2.98355
13800 2.98369
13900 2.98384
14000 2.98398
14000 2.98398
14100 2.98413
14200 2.98427
14300 2.98442
14330 2.98446
14330 2.98446
14336 2.98141
14336 2.98141
14400 2.9815
14500 2.98165
14600 2.98179
14700 2.98194
14800 2.98208
14900 2.98223
15000 2.98238
15000 2.98238
15100 2.98252
15200 2.98267
15300 2.98281
15400 2.98296
15500 2.9831
15600 2.98325
15700 2.98339
15800 2.98354
15900 2.98368
16000 2.98383
16000 2.98383
16100 2.98397
16200 2.98412
16300 2.98426
16378 2.98438
16378 2.98438
16384 2.98132
16384 2.98132
16386 2.97579
16386 2.97579
16386 2.97579
16386 2.97579
16400 2.97581
16500 2.97596
16600 2.97611
16700 2.97626
16800 2.9764
16900 2.97655
17000 2.9767
17000 2.9767
17100 2.97685
17200 2.977
17300 2.97715
17400 2.97729
17500 2.97744
17600 2.97759
17700 2.97774
17800 2.97788
17900 2.97803
18000 2.97818
18000 2.97818
18100 2.97833
18200 2.97847
18300 2.97862
18400 2.97877
18426 2.97881
18426 2.97881
18432 2.97576
18432 2.97576
18434 2.97064
18434 2.97064
18434 2.97064
18434 2.97064
18500 2.97074
18600 2.97089
18700 2.97104
18800 2.97119
18900 2.97134
19000 2.97149
19000 2.97149
19100 2.97164
19200 2.97179
19300 2.97194
19400 2.9721
19500 2.97225
19600 2.9724
19700 2.97255
19800 2.9727
19900 2.97285
20000 2.973
20000 2.973
20082 2.97312
20082 2.97312
20082 2.97312
20082 2.97312
20082 2.97312
20086 2.9496
20086 2.9496
20087 2.94952
20087 2.94952
20088 2.94703
20088 2.94703
20088 2.94703
20088 2.94703
20100 2.94705
20200 2.94721
20300 2.94737
20400 2.94753
20474 2.94765
20474 2.94765
20480 2.94464
20480 2.94464
20482 2.93888
20482 2.93888
20482 2.93888
20482 2.93888
20500 2.93891
20600 2.93907
20700 2.93924
20800 2.9394
20900 2.93957
21000 2.93973
21000 2.93973
21100 2.9399
21200 2.94006
21300 2.94023
21400 2.94039
21500 2.94056
21600 2.94072
21700 2.94089
21800 2.94105
21900 2.94122
22000 2.94138
22000 2.94138
22100 2.94155
22200 2.94171
22300 2.94187
22400 2.94204
22500 2.9422
22522 2.94224
22522 2.94224
22528 2.93923
22528 2.93923
22600 2.93935
22700 2.93952
22800 2.93968
22900 2.93985
23000 2.94001
23000 2.94001
23100 2.94018
23200 2.94034
23300 2.94051
23400 2.94067
23500 2.94083
23600 2.941
23700 2.94116
23800 2.94133
23900 2.94149
24000 2.94166
24000 2.94166
24100 2.94182
24200 2.94199
24300 2.94215
24400 2.94231
24500 2.94248
24570 2.94259
24570 2.94259
24576 2.93958
24576 2.93958
24578 2.93413
24578 2.93413
24578 2.93413
24578 2.93413
24600 2.93417
24700 2.93433
24800 2.9345
24900 2.93467
25000 2.93484
25000 2.93484
25100 2.935
25200 2.93517
25300 2.93534
25400 2.93551
25500 2.93567
25600 2.93584
25700 2.93601
25800 2.93617
25900 2.93634
26000 2.93651
26000 2.93651
26100 2.93667
26200 2.93684
26300 2.93701
26400 2.93717
26500 2.93734
26600 2.9375
26618 2.93754
26618 2.93754
26624 2.93453
26624 2.93453
26626 2.92948
26626 2.92948
26626 2.92948
26626 2.92948
26700 2.92961
26800 2.92978
26900 2.92995
27000 2.93012
27000 2.93012
27100 2.93029
27200 2.93046
27300 2.93063
27400 2.93079
27500 2.93096
27600 2.93113
27700 2.9313
27800 2.93147
27900 2.93164
28000 2.93181
28000 2.93181
28100 2.93198
28200 2.93215
28300 2.93231
28400 2.93248
28500 2.93265
28600 2.93282
28666 2.93293
28666 2.93293
28672 2.92993
28672 2.92993
28674 2.9245
28674 2.9245
28674 2.9245
28674 2.9245
28700 2.92454
28800 2.92471
28900 2.92488
29000 2.92506
29000 2.92506
29100 2.92523
29200 2.9254
29300 2.92557
29400 2.92574
29500 2.92592
29600 2.92609
29700 2.92626
29800 2.92643
29900 2.9266
30000 2.92677
30000 2.92677
30082 2.92691
30082 2.92691
30082 2.92691
30082 2.92691
30082 2.92691
30086 2.90377
30086 2.90377
30087 2.90368
30087 2.90368
30088 2.90123
30088 2.90123
30088 2.90123
30088 2.90123
30100 2.90125
30200 2.90143
30300 2.90162
30400 2.9018
30500 2.90198
30600 2.90216
30700 2.90235
30714 2.90237
30714 2.90237
30720 2.89941
30720 2.89941
30722 2.89442
30722 2.89442
30722 2.89442
30722 2.89442
30800 2.89456
30900 2.89475
31000 2.89493
31000 2.89493
31100 2.89512
31200 2.89531
31300 2.89549
31400 2.89568
31500 2.89586
31600 2.89605
31700 2.89623
31800 2.89642
31900 2.8966
32000 2.89679
32000 2.89679
32100 2.89697
32200 2.89716
32300 2.89734
32400 2.89753
32500 2.89771
32600 2.8979
32700 2.89808
32762 2.89819
32762 2.89819
32768 2.89523
32768 2.89523
32770 2.88957
32770 2.88957
32770 2.88957
32770 2.88957
32800 2.88962
32900 2.88981
33000 2.89
33000 2.89
33100 2.89019
33200 2.89038
33300 2.89056
33400 2.89075
33500 2.89094
33600 2.89113
33700 2.89131
33800 2.8915
33900 2.89169
34000 2.89188
34000 2.89188
34100 2.89206
34200 2.89225
34300 2.89244
34400 2.89262
34500 2.89281
34600 2.893
34700 2.89318
34800 2.89337
34810 2.89339
34810 2.89339
34816 2.89043
34816 2.89043
34900 2.89059
35000 2.89078
35000 2.89078
35100 2.89096
35200 2.89115
35300 2.89134
35400 2.89153
35500 2.89171
35600 2.8919
35700 2.89209
35800 2.89228
35900 2.89246
36000 2.89265
36000 2.89265
36100 2.89284
36200 2.89302
36300 2.89321
36400 2.8934
36500 2.89358
36600 2.89377
36700 2.89395
36800 2.89414
36858 2.89425
36858 2.89425
36864 2.89129
36864 2.89129
36866 2.88593
36866 2.88593
36866 2.88593
36866 2.88593
36900 2.88599
37000 2.88618
37000 2.88618
37100 2.88637
37200 2.88656
37300 2.88675
37400 2.88694
37500 2.88713
37600 2.88732
37700 2.88751
37800 2.8877
37900 2.88789
38000 2.88807
38000 2.88807
38100 2.88826
38200 2.88845
38300 2.88864
38400 2.88883
38500 2.88902
38600 2.88921
38700 2.88939
38800 2.88958
38900 2.88977
38906 2.88978
38906 2.88978
38912 2.88683
38912 2.88683
38914 2.88186
38914 2.88186
38914 2.88186
38914 2.88186
39000 2.88203
39000 2.88203
39100 2.88222
39200 2.88241
39300 2.8826
39400 2.88279
39500 2.88298
39600 2.88318
39700 2.88337
39800 2.88356
39900 2.88375
40000 2.88394
40000 2.88394
40082 2.8841
40082 2.8841
40082 2.8841
40082 2.8841
40082 2.8841
40086 2.86129
40086 2.86129
40087 2.8612
40087 2.8612
40088 2.85879
40088 2.85879
40088 2.85879
40088 2.85879
40100 2.85881
40200 2.85902
40300 2.85922
40400 2.85942
40500 2.85962
40600 2.85982
40700 2.86003
40800 2.86023
40900 2.86043
40954 2.86054
40954 2.86054
40960 2.85762
40960 2.85762
40962 2.85203
40962 2.85203
40962 2.85203
40962 2.85203
41000 2.8521
41000 2.8521
41100 2.85231
41200 2.85251
41300 2.85272
41400 2.85292
41500 2.85313
41600 2.85333
41700 2.85354
41800 2.85374
41900 2.85395
42000 2.85415
42000 2.85415
42100 2.85436
42200 2.85456
42300 2.85477
42400 2.85497
42500 2.85517
42600 2.85538
42700 2.85558
42800 2.85579
42900 2.85599
43000 2.85619
43000 2.85619
43002 2.8562
43002 2.8562
43008 2.85328
43008 2.85328
43100 2.85347
43200 2.85367
43300 2.85388
43400 2.85408
43500 2.85429
43600 2.85449
43700 2.8547
43800 2.8549
43900 2.8551
