0 3.03099
0 3.03099
0 3.03099
2 3.03099
2 3.03099
100 3.03099
200 3.03099
300 3.03099
400 3.03099
500 3.03099
600 3.03099
700 3.03099
800 3.03099
900 3.03099
1000 3.03099
1000 3.03099
1100 3.03099
1200 3.03099
1300 3.03099
1400 3.03099
1500 3.03099
1600 3.03099
1700 3.03099
1800 3.03099
1900 3.03099
2000 3.03099
2000 3.03099
2048 3.03099
2048 3.03099
2050 3.03099
2050 3.03099
2100 3.03099
2200 3.03099
2300 3.03099
2400 3.03099
2500 3.03099
2600 3.03099
2700 3.03099
2800 3.03099
2900 3.03099
3000 3.03099
3000 3.03099
3100 3.03099
3200 3.03099
3300 3.03099
3400 3.03099
3500 3.03099
3600 3.03099
3700 3.03099
3800 3.03099
3900 3.03099
4000 3.03099
4000 3.03099
4096 3.03099
4096 3.03099
4098 3.03099
4098 3.03099
4100 3.03099
4200 3.03099
4300 3.03099
4400 3.03099
4500 3.03099
4502 3.03099
4502 3.03099
4504 3.03099
4504 3.03099
4504 3.03099
4504 3.03099
4505 3.03099
4505 3.03099
4505 3.03099
4505 3.03099
4506 3.03099
4506 3.03099
4506 3.03099
4506 3.03099
4507 3.03099
4507 3.03099
4600 3.03099
4700 3.03099
4800 3.03099
4900 3.03099
5000 3.03099
5000 3.03099
5100 3.03099
5200 3.03099
5300 3.03099
5400 3.03099
5500 3.03099
5600 3.03099
5700 3.03099
5800 3.03099
5900 3.03099
6000 3.03099
6000 3.03099
6100 3.03099
6144 3.03099
6144 3.03099
6146 3.02229
6146 3.02229
6146 3.02229
6146 3.02229
6200 3.02229
6300 3.02229
6400 3.02229
6500 3.02229
6600 3.02229
6700 3.02229
6800 3.02229
6900 3.02229
7000 3.02229
7000 3.02229
7100 3.02229
7200 3.02229
7300 3.02229
7400 3.02229
7500 3.02229
7600 3.02229
7700 3.02229
7800 3.02229
7900 3.02229
8000 3.02229
8000 3.02229
8100 3.02228
8186 3.02228
8186 3.02228
8192 3.01712
8192 3.01712
8194 3.00779
8194 3.00779
8194 3.00779
8194 3.00779
8200 3.00779
8300 3.00779
8400 3.00779
8500 3.00779
8600 3.00779
8700 3.00779
8800 3.00779
8900 3.00779
9000 3.00779
9000 3.00779
9100 3.00778
9200 3.00778
9300 3.00778
9400 3.00778
9500 3.00778
9600 3.00778
9700 3.00778
9800 3.00778
9900 3.00778
10000 3.00778
10000 3.00778
10082 3.00778
10082 3.00778
10082 3.00778
10082 3.00778
10082 3.00778
10086 2.96823
10086 2.96823
10087 2.96808
10087 2.96808
10088 2.9639
10088 2.9639
10088 2.9639
10088 2.9639
10100 2.9639
10200 2.9639
10234 2.9639
10234 2.9639
10240 2.95884
10240 2.95884
10242 2.95035
10242 2.95035
10242 2.95035
10242 2.95035
10300 2.95035
10400 2.95035
10500 2.95035
10600 2.95035
10700 2.95035
10800 2.95035
10900 2.95035
11000 2.95035
11000 2.95035
11100 2.95035
11200 2.95035
11300 2.95035
11400 2.95035
11500 2.95035
11600 2.95035
11700 2.95035
11800 2.95035
11900 2.95035
12000 2.95034
12000 2.95034
12100 2.95034
12200 2.95034
12282 2.95034
12282 2.95034
12288 2.9453
12288 2.9453
12290 2.9357
12290 2.9357
12290 2.9357
12290 2.9357
12300 2.9357
12400 2.9357
12500 2.9357
12600 2.9357
12700 2.9357
12800 2.93569
12900 2.93569
13000 2.93569
13000 2.93569
13100 2.93569
13200 2.93569
13300 2.93569
13400 2.93569
13500 2.93569
13600 2.93569
13700 2.93569
13800 2.93569
13900 2.93569
14000 2.93569
14000 2.93569
14100 2.93569
14200 2.93569
14300 2.93569
14330 2.93569
14330 2.93569
14336 2.93067
14336 2.93067
14400 2.93067
14500 2.93067
14600 2.93067
14700 2.93067
14800 2.93067
14900 2.93067
15000 2.93067
15000 2.93067
15100 2.93067
15200 2.93067
15300 2.93067
15400 2.93067
15500 2.93067
15600 2.93067
15700 2.93067
15800 2.93066
15900 2.93066
16000 2.93066
16000 2.93066
16100 2.93066
16200 2.93066
16300 2.93066
16378 2.93066
16378 2.93066
16384 2.92565
16384 2.92565
16386 2.91661
16386 2.91661
16386 2.91661
16386 2.91661
16400 2.91661
16500 2.91661
16600 2.9166
16700 2.9166
16800 2.9166
16900 2.9166
17000 2.9166
17000 2.9166
17100 2.9166
17200 2.9166
17300 2.9166
17400 2.9166
17500 2.9166
17600 2.9166
17700 2.9166
17800 2.9166
17900 2.9166
18000 2.9166
18000 2.9166
18100 2.9166
18200 2.9166
18300 2.9166
18400 2.9166
18426 2.9166
18426 2.9166
18432 2.91161
18432 2.91161
18434 2.90326
18434 2.90326
18434 2.90326
18434 2.90326
18500 2.90326
18600 2.90326
18700 2.90326
18800 2.90326
18900 2.90326
19000 2.90326
19000 2.90326
19100 2.90326
19200 2.90326
19300 2.90326
19400 2.90326
19500 2.90326
19600 2.90326
19700 2.90326
19800 2.90326
19900 2.90326
20000 2.90326
20000 2.90326
20082 2.90325
20082 2.90325
20082 2.90325
20082 2.90325
20082 2.90325
20086 2.86508
20086 2.86508
20087 2.86493
20087 2.86493
20088 2.8609
20088 2.8609
20088 2.8609
20088 2.8609
20100 2.8609
20200 2.8609
20300 2.8609
20400 2.8609
20474 2.8609
20474 2.8609
20480 2.85601
20480 2.85601
20482 2.8467
20482 2.8467
20482 2.8467
20482 2.8467
20500 2.8467
20600 2.8467
20700 2.8467
20800 2.8467
20900 2.8467
21000 2.8467
21000 2.8467
21100 2.8467
21200 2.8467
21300 2.8467
21400 2.8467
21500 2.8467
21600 2.84669
21700 2.84669
21800 2.84669
21900 2.84669
22000 2.84669
22000 2.84669
22100 2.84669
22200 2.84669
22300 2.84669
22400 2.84669
22500 2.84669
22522 2.84669
22522 2.84669
22528 2.84183
22528 2.84183
22600 2.84183
22700 2.84183
22800 2.84183
22900 2.84182
23000 2.84182
23000 2.84182
23100 2.84182
23200 2.84182
23300 2.84182
23400 2.84182
23500 2.84182
23600 2.84182
23700 2.84182
23800 2.84182
23900 2.84182
24000 2.84182
24000 2.84182
24100 2.84182
24200 2.84182
24300 2.84182
24400 2.84182
24500 2.84182
24570 2.84182
24570 2.84182
24576 2.83696
24576 2.83696
24578 2.82819
24578 2.82819
24578 2.82819
24578 2.82819
24600 2.82819
24700 2.82819
24800 2.82819
24900 2.82819
25000 2.82819
25000 2.82819
25100 2.82819
25200 2.82818
25300 2.82818
25400 2.82818
25500 2.82818
25600 2.82818
25700 2.82818
25800 2.82818
25900 2.82818
26000 2.82818
26000 2.82818
26100 2.82818
26200 2.82818
26300 2.82818
26400 2.82818
26500 2.82818
26600 2.82818
26618 2.82818
26618 2.82818
26624 2.82335
26624 2.82335
26626 2.81525
26626 2.81525
26626 2.81525
26626 2.81525
26700 2.81525
26800 2.81525
26900 2.81525
27000 2.81525
27000 2.81525
27100 2.81525
27200 2.81525
27300 2.81525
27400 2.81524
27500 2.81524
27600 2.81524
27700 2.81524
27800 2.81524
27900 2.81524
28000 2.81524
28000 2.81524
28100 2.81524
28200 2.81524
28300 2.81524
28400 2.81524
28500 2.81524
28600 2.81524
28666 2.81524
28666 2.81524
28672 2.81043
28672 2.81043
28674 2.80174
28674 2.80174
28674 2.80174
28674 2.80174
28700 2.80174
28800 2.80174
28900 2.80174
29000 2.80174
29000 2.80174
29100 2.80173
29200 2.80173
29300 2.80173
29400 2.80173
29500 2.80173
29600 2.80173
29700 2.80173
29800 2.80173
29900 2.80173
30000 2.80173
30000 2.80173
30082 2.80173
30082 2.80173
30082 2.80173
30082 2.80173
30082 2.80173
30086 2.76489
30086 2.76489
30087 2.76475
30087 2.76475
30088 2.76086
30088 2.76086
30088 2.76086
30088 2.76086
30100 2.76086
30200 2.76086
30300 2.76086
30400 2.76086
30500 2.76086
30600 2.76086
30700 2.76086
30714 2.76086
30714 2.76086
30720 2.75614
30720 2.75614
30722 2.74824
30722 2.74824
30722 2.74824
30722 2.74824
30800 2.74823
30900 2.74823
31000 2.74823
31000 2.74823
31100 2.74823
31200 2.74823
31300 2.74823
31400 2.74823
31500 2.74823
31600 2.74823
31700 2.74823
31800 2.74823
31900 2.74823
32000 2.74823
32000 2.74823
32100 2.74823
32200 2.74823
32300 2.74823
32400 2.74823
32500 2.74823
32600 2.74823
32700 2.74823
32762 2.74823
32762 2.74823
32768 2.74353
32768 2.74353
32770 2.73458
32770 2.73458
32770 2.73458
32770 2.73458
32800 2.73458
32900 2.73458
33000 2.73458
33000 2.73458
33100 2.73458
33200 2.73458
33300 2.73458
33400 2.73458
33500 2.73458
33600 2.73458
33700 2.73458
33800 2.73458
33900 2.73458
34000 2.73458
34000 2.73458
34100 2.73458
34200 2.73458
34300 2.73458
34400 2.73458
34500 2.73458
34600 2.73458
34700 2.73458
34800 2.73457
34810 2.73457
34810 2.73457
34816 2.7299
34816 2.7299
34900 2.7299
35000 2.7299
35000 2.7299
35100 2.7299
35200 2.7299
35300 2.7299
35400 2.7299
35500 2.7299
35600 2.7299
35700 2.7299
35800 2.7299
35900 2.7299
36000 2.7299
36000 2.7299
36100 2.7299
36200 2.7299
36300 2.7299
36400 2.7299
36500 2.7299
36600 2.72989
36700 2.72989
36800 2.72989
36858 2.72989
36858 2.72989
36864 2.72523
36864 2.72523
36866 2.7168
36866 2.7168
36866 2.7168
36866 2.7168
36900 2.7168
37000 2.7168
37000 2.7168
37100 2.7168
37200 2.7168
37300 2.7168
37400 2.7168
37500 2.7168
37600 2.7168
37700 2.7168
37800 2.7168
37900 2.7168
38000 2.7168
38000 2.7168
38100 2.7168
38200 2.71679
38300 2.71679
38400 2.71679
38500 2.71679
38600 2.71679
38700 2.71679
38800 2.71679
38900 2.71679
38906 2.71679
38906 2.71679
38912 2.71215
38912 2.71215
38914 2.70437
38914 2.70437
38914 2.70437
38914 2.70437
39000 2.70437
39000 2.70437
39100 2.70437
39200 2.70437
39300 2.70437
39400 2.70437
39500 2.70437
39600 2.70437
39700 2.70437
39800 2.70437
39900 2.70437
40000 2.70437
40000 2.70437
40082 2.70437
40082 2.70437
40082 2.70437
40082 2.70437
40082 2.70437
40086 2.6688
40086 2.6688
40087 2.66867
40087 2.66867
40088 2.66492
40088 2.66492
40088 2.66492
40088 2.66492
40100 2.66492
40200 2.66492
40300 2.66492
40400 2.66491
40500 2.66491
40600 2.66491
40700 2.66491
40800 2.66491
40900 2.66491
40954 2.66491
40954 2.66491
40960 2.66036
40960 2.66036
40962 2.65168
40962 2.65168
40962 2.65168
40962 2.65168
41000 2.65168
41000 2.65168
41100 2.65168
41200 2.65168
41300 2.65168
41400 2.65168
41500 2.65168
41600 2.65168
41700 2.65168
41800 2.65168
41900 2.65168
42000 2.65168
42000 2.65168
42100 2.65168
42200 2.65168
42300 2.65168
42400 2.65168
42500 2.65168
42600 2.65168
42700 2.65168
42800 2.65168
42900 2.65168
43000 2.65167
43000 2.65167
43002 2.65167
43002 2.65167
43008 2.64714
43008 2.64714
43100 2.64714
43200 2.64714
43300 2.64714
43400 2.64714
43500 2.64714
43600 2.64714
43700 2.64714
43800 2.64714
43900 2.64714
