0 3.03099
0 3.03099
0 3.03099
2 3.03099
2 3.03099
100 3.03099
200 3.03099
300 3.03099
400 3.03099
500 3.03099
600 3.03099
700 3.03099
800 3.03099
900 3.03099
1000 3.03099
1000 3.03099
1100 3.03099
1200 3.03099
1300 3.03099
1400 3.03099
1500 3.03099
1600 3.03099
1700 3.03099
1800 3.03099
1900 3.03099
2000 3.03099
2000 3.03099
2048 3.03099
2048 3.03099
2050 3.03099
2050 3.03099
2100 3.03099
2200 3.03099
2300 3.03099
2400 3.03099
2500 3.03099
2600 3.03099
2700 3.03099
2800 3.03099
2900 3.03099
3000 3.03099
3000 3.03099
3100 3.03099
3200 3.03099
3300 3.03099
3400 3.03099
3500 3.03099
3600 3.03099
3700 3.03099
3800 3.03099
3900 3.03099
4000 3.03099
4000 3.03099
4096 3.03099
4096 3.03099
4098 3.03099
4098 3.03099
4100 3.03099
4200 3.03099
4300 3.03099
4400 3.03099
4500 3.03099
4502 3.03099
4502 3.03099
4504 3.03099
4504 3.03099
4504 3.03099
4504 3.03099
4505 3.03099
4505 3.03099
4505 3.03099
4505 3.03099
4506 3.03099
4506 3.03099
4506 3.03099
4506 3.03099
4507 3.03099
4507 3.03099
4600 3.03099
4700 3.03099
4800 3.03099
4900 3.03099
5000 3.03099
5000 3.03099
5100 3.03099
5200 3.03099
5300 3.03099
5400 3.03099
5500 3.03099
5600 3.03099
5700 3.03099
5800 3.03099
5900 3.03099
6000 3.03099
6000 3.03099
6100 3.03099
6144 3.03099
6144 3.03099
6146 3.02838
6146 3.02838
6146 3.02838
6146 3.02838
6200 3.02852
6300 3.02877
6400 3.02901
6500 3.02926
6600 3.02951
6700 3.02976
6800 3.03001
6900 3.03025
7000 3.0305
7000 3.0305
7100 3.03075
7200 3.031
7300 3.03124
7400 3.03149
7500 3.03174
7600 3.03198
7700 3.03223
7800 3.03247
7900 3.03272
8000 3.03296
8000 3.03296
8100 3.03321
8186 3.03342
8186 3.03342
8192 3.03188
8192 3.03188
8194 3.02907
8194 3.02907
8194 3.02907
8194 3.02907
8200 3.02908
8300 3.02933
8400 3.02958
8500 3.02983
8600 3.03007
8700 3.03032
8800 3.03057
8900 3.03082
9000 3.03106
9000 3.03106
9100 3.03131
9200 3.03156
9300 3.0318
9400 3.03205
9500 3.0323
9600 3.03254
9700 3.03279
9800 3.03303
9900 3.03328
10000 3.03352
10000 3.03352
10082 3.03372
10082 3.03372
10082 3.03372
10082 3.03372
10082 3.03372
10086 3.02171
10086 3.02171
10087 3.02167
10087 3.02167
10088 3.02039
10088 3.02039
10088 3.02039
10088 3.02039
10100 3.02042
10200 3.02068
10234 3.02077
10234 3.02077
10240 3.01923
10240 3.01923
10242 3.01664
10242 3.01664
10242 3.01664
10242 3.01664
10300 3.01679
10400 3.01705
10500 3.01731
10600 3.01757
10700 3.01783
10800 3.01808
10900 3.01834
11000 3.0186
11000 3.0186
11100 3.01886
11200 3.01912
11300 3.01937
11400 3.01963
11500 3.01989
11600 3.02015
11700 3.0204
11800 3.02066
11900 3.02092
12000 3.02117
12000 3.02117
12100 3.02143
12200 3.02168
12282 3.02189
12282 3.02189
12288 3.02036
12288 3.02036
12290 3.01741
12290 3.01741
12290 3.01741
12290 3.01741
12300 3.01743
12400 3.01769
12500 3.01795
12600 3.01821
12700 3.01847
12800 3.01872
12900 3.01898
13000 3.01924
13000 3.01924
13100 3.0195
13200 3.01976
13300 3.02001
13400 3.02027
13500 3.02053
13600 3.02078
13700 3.02104
13800 3.02129
13900 3.02155
14000 3.02181
14000 3.02181
14100 3.02206
14200 3.02232
14300 3.02257
14330 3.02265
14330 3.02265
14336 3.02111
14336 3.02111
14400 3.02128
14500 3.02153
14600 3.02179
14700 3.02204
14800 3.0223
14900 3.02255
15000 3.02281
15000 3.02281
15100 3.02306
15200 3.02331
15300 3.02357
15400 3.02382
15500 3.02407
15600 3.02433
15700 3.02458
15800 3.02483
15900 3.02509
16000 3.02534
16000 3.02534
16100 3.02559
16200 3.02584
16300 3.02609
16378 3.02629
16378 3.02629
16384 3.02475
16384 3.02475
16386 3.02195
16386 3.02195
16386 3.02195
16386 3.02195
16400 3.02198
16500 3.02224
16600 3.02249
16700 3.02275
16800 3.023
16900 3.02326
17000 3.02351
17000 3.02351
17100 3.02376
17200 3.02402
17300 3.02427
17400 3.02452
17500 3.02478
17600 3.02503
17700 3.02528
17800 3.02553
17900 3.02578
18000 3.02604
18000 3.02604
18100 3.02629
18200 3.02654
18300 3.02679
18400 3.02704
18426 3.02711
18426 3.02711
18432 3.02557
18432 3.02557
18434 3.02297
18434 3.02297
18434 3.02297
18434 3.02297
18500 3.02313
18600 3.02339
18700 3.02364
18800 3.0239
18900 3.02415
19000 3.0244
19000 3.0244
19100 3.02465
19200 3.02491
19300 3.02516
19400 3.02541
19500 3.02566
19600 3.02592
19700 3.02617
19800 3.02642
19900 3.02667
20000 3.02692
20000 3.02692
20082 3.02713
20082 3.02713
20082 3.02713
20082 3.02713
20082 3.02713
20086 3.01514
20086 3.01514
20087 3.0151
20087 3.0151
20088 3.01383
20088 3.01383
20088 3.01383
20088 3.01383
20100 3.01386
20200 3.01412
20300 3.01438
20400 3.01464
20474 3.01484
20474 3.01484
20480 3.01331
20480 3.01331
20482 3.01036
20482 3.01036
20482 3.01036
20482 3.01036
20500 3.01041
20600 3.01067
20700 3.01094
20800 3.0112
20900 3.01147
21000 3.01173
21000 3.01173
21100 3.012
21200 3.01226
21300 3.01253
21400 3.01279
21500 3.01305
21600 3.01332
21700 3.01358
21800 3.01384
21900 3.01411
22000 3.01437
22000 3.01437
22100 3.01463
22200 3.01489
22300 3.01515
22400 3.01541
22500 3.01568
22522 3.01573
22522 3.01573
22528 3.0142
22528 3.0142
22600 3.01439
22700 3.01465
22800 3.01491
22900 3.01518
23000 3.01544
23000 3.01544
23100 3.0157
23200 3.01596
23300 3.01622
23400 3.01648
23500 3.01674
23600 3.017
23700 3.01726
23800 3.01752
23900 3.01778
24000 3.01804
24000 3.01804
24100 3.0183
24200 3.01855
24300 3.01881
24400 3.01907
24500 3.01933
24570 3.01951
24570 3.01951
24576 3.01797
24576 3.01797
24578 3.01518
24578 3.01518
24578 3.01518
24578 3.01518
24600 3.01523
24700 3.0155
24800 3.01576
24900 3.01602
25000 3.01628
25000 3.01628
25100 3.01654
25200 3.0168
25300 3.01706
25400 3.01732
25500 3.01758
25600 3.01784
25700 3.01809
25800 3.01835
25900 3.01861
26000 3.01887
26000 3.01887
26100 3.01913
26200 3.01938
26300 3.01964
26400 3.0199
26500 3.02016
26600 3.02041
26618 3.02046
26618 3.02046
26624 3.01893
26624 3.01893
26626 3.01633
26626 3.01633
26626 3.01633
26626 3.01633
26700 3.01652
26800 3.01678
26900 3.01704
27000 3.0173
27000 3.0173
27100 3.01756
27200 3.01782
27300 3.01808
27400 3.01834
27500 3.0186
27600 3.01885
27700 3.01911
27800 3.01937
27900 3.01963
28000 3.01989
28000 3.01989
28100 3.02014
28200 3.0204
28300 3.02066
28400 3.02091
28500 3.02117
28600 3.02142
28666 3.02159
28666 3.02159
28672 3.02006
28672 3.02006
28674 3.01726
28674 3.01726
28674 3.01726
28674 3.01726
28700 3.01733
28800 3.01758
28900 3.01784
29000 3.0181
29000 3.0181
29100 3.01836
29200 3.01862
29300 3.01888
29400 3.01914
29500 3.01939
29600 3.01965
29700 3.01991
29800 3.02016
29900 3.02042
30000 3.02068
30000 3.02068
30082 3.02089
30082 3.02089
30082 3.02089
30082 3.02089
30082 3.02089
30086 3.00893
30086 3.00893
30087 3.00888
30087 3.00888
30088 3.00762
30088 3.00762
30088 3.00762
30088 3.00762
30100 3.00765
30200 3.00792
30300 3.00818
30400 3.00845
30500 3.00872
30600 3.00899
30700 3.00925
30714 3.00929
30714 3.00929
30720 3.00776
30720 3.00776
30722 3.00518
30722 3.00518
30722 3.00518
30722 3.00518
30800 3.00539
30900 3.00566
31000 3.00593
31000 3.00593
31100 3.0062
31200 3.00647
31300 3.00674
31400 3.00701
31500 3.00728
31600 3.00754
31700 3.00781
31800 3.00808
31900 3.00835
32000 3.00862
32000 3.00862
32100 3.00888
32200 3.00915
32300 3.00942
32400 3.00968
32500 3.00995
32600 3.01022
32700 3.01048
32762 3.01065
32762 3.01065
32768 3.00912
32768 3.00912
32770 3.00618
32770 3.00618
32770 3.00618
32770 3.00618
32800 3.00626
32900 3.00653
33000 3.0068
33000 3.0068
33100 3.00706
33200 3.00733
33300 3.0076
33400 3.00787
33500 3.00814
33600 3.00841
33700 3.00867
33800 3.00894
33900 3.00921
34000 3.00947
34000 3.00947
34100 3.00974
34200 3.01001
34300 3.01027
34400 3.01054
34500 3.0108
34600 3.01107
34700 3.01133
34800 3.0116
34810 3.01163
34810 3.01163
34816 3.0101
34816 3.0101
34900 3.01032
35000 3.01059
35000 3.01059
35100 3.01085
35200 3.01112
35300 3.01138
35400 3.01165
35500 3.01191
35600 3.01218
35700 3.01244
35800 3.0127
35900 3.01297
36000 3.01323
36000 3.01323
36100 3.01349
36200 3.01376
36300 3.01402
36400 3.01428
36500 3.01454
36600 3.01481
36700 3.01507
36800 3.01533
36858 3.01548
36858 3.01548
36864 3.01395
36864 3.01395
36866 3.01116
36866 3.01116
36866 3.01116
36866 3.01116
36900 3.01124
37000 3.01151
37000 3.01151
37100 3.01177
37200 3.01204
37300 3.0123
37400 3.01257
37500 3.01283
37600 3.01309
37700 3.01336
37800 3.01362
37900 3.01388
38000 3.01415
38000 3.01415
38100 3.01441
38200 3.01467
38300 3.01493
38400 3.01519
38500 3.01545
38600 3.01572
38700 3.01598
38800 3.01624
38900 3.0165
38906 3.01651
38906 3.01651
38912 3.01498
38912 3.01498
38914 3.01239
38914 3.01239
38914 3.01239
38914 3.01239
39000 3.01262
39000 3.01262
39100 3.01288
39200 3.01314
39300 3.01341
39400 3.01367
39500 3.01393
39600 3.01419
39700 3.01446
39800 3.01472
39900 3.01498
40000 3.01524
40000 3.01524
40082 3.01546
40082 3.01546
40082 3.01546
40082 3.01546
40082 3.01546
40086 3.00352
40086 3.00352
40087 3.00347
40087 3.00347
40088 3.00221
40088 3.00221
40088 3.00221
40088 3.00221
40100 3.00224
40200 3.00251
40300 3.00279
40400 3.00306
40500 3.00333
40600 3.0036
40700 3.00388
40800 3.00415
40900 3.00442
40954 3.00457
40954 3.00457
40960 3.00304
40960 3.00304
40962 3.00011
40962 3.00011
40962 3.00011
40962 3.00011
41000 3.00021
41000 3.00021
41100 3.00048
41200 3.00076
41300 3.00103
41400 3.00131
41500 3.00158
41600 3.00186
41700 3.00213
41800 3.0024
41900 3.00268
42000 3.00295
42000 3.00295
42100 3.00322
42200 3.00349
42300 3.00376
42400 3.00404
42500 3.00431
42600 3.00458
42700 3.00485
42800 3.00512
42900 3.00539
43000 3.00566
43000 3.00566
43002 3.00567
43002 3.00567
43008 3.00414
43008 3.00414
43100 3.00439
43200 3.00466
43300 3.00493
43400 3.0052
43500 3.00547
43600 3.00574
43700 3.00601
43800 3.00628
43900 3.00655
