0 3.03099
0 3.03099
0 3.03099
2 3.03099
2 3.03099
100 3.03099
200 3.03099
300 3.03099
400 3.03099
500 3.03099
600 3.03099
700 3.03099
800 3.03099
900 3.03099
1000 3.03099
1000 3.03099
1100 3.03099
1200 3.03099
1300 3.03099
1400 3.03099
1500 3.03099
1600 3.03099
1700 3.03099
1800 3.03099
1900 3.03099
2000 3.03099
2000 3.03099
2048 3.03099
2048 3.03099
2050 3.03099
2050 3.03099
2100 3.03099
2200 3.03099
2300 3.03099
2400 3.03099
2500 3.03099
2600 3.03099
2700 3.03099
2800 3.03099
2900 3.03099
3000 3.03099
3000 3.03099
3100 3.03099
3200 3.03099
3300 3.03099
3400 3.03099
3500 3.03099
3600 3.03099
3700 3.03099
3800 3.03099
3900 3.03099
4000 3.03099
4000 3.03099
4096 3.03099
4096 3.03099
4098 3.03099
4098 3.03099
4100 3.03099
4200 3.03099
4300 3.03099
4400 3.03099
4500 3.03099
4502 3.03099
4502 3.03099
4504 3.03099
4504 3.03099
4504 3.03099
4504 3.03099
4505 3.03099
4505 3.03099
4505 3.03099
4505 3.03099
4506 3.03099
4506 3.03099
4506 3.03099
4506 3.03099
4507 3.03099
4507 3.03099
4600 3.03099
4700 3.03099
4800 3.03099
4900 3.03099
5000 3.03099
5000 3.03099
5100 3.03099
5200 3.03099
5300 3.03099
5400 3.03099
5500 3.03099
5600 3.03099
5700 3.03099
5800 3.03099
5900 3.03099
6000 3.03099
6000 3.03099
6100 3.03099
6144 3.03099
6144 3.03099
6146 3.01363
6146 3.01363
6146 3.01363
6146 3.01363
6200 3.01362
6300 3.01362
6400 3.01362
6500 3.01362
6600 3.01362
6700 3.01362
6800 3.01362
6900 3.01362
7000 3.01362
7000 3.01362
7100 3.01362
7200 3.01362
7300 3.01361
7400 3.01361
7500 3.01361
7600 3.01361
7700 3.01361
7800 3.01361
7900 3.01361
8000 3.01361
8000 3.01361
8100 3.01361
8186 3.01361
8186 3.01361
8192 3.00332
8192 3.00332
8194 2.98477
8194 2.98477
8194 2.98477
8194 2.98477
8200 2.98477
8300 2.98477
8400 2.98477
8500 2.98477
8600 2.98476
8700 2.98476
8800 2.98476
8900 2.98476
9000 2.98476
9000 2.98476
9100 2.98476
9200 2.98476
9300 2.98476
9400 2.98476
9500 2.98476
9600 2.98476
9700 2.98475
9800 2.98475
9900 2.98475
10000 2.98475
10000 2.98475
10082 2.98475
10082 2.98475
10082 2.98475
10082 2.98475
10082 2.98475
10086 2.90676
10086 2.90676
10087 2.90648
10087 2.90648
10088 2.89831
10088 2.89831
10088 2.89831
10088 2.89831
10100 2.89831
10200 2.89831
10234 2.89831
10234 2.89831
10240 2.88841
10240 2.88841
10242 2.87186
10242 2.87186
10242 2.87186
10242 2.87186
10300 2.87186
10400 2.87186
10500 2.87186
10600 2.87186
10700 2.87186
10800 2.87186
10900 2.87186
11000 2.87186
11000 2.87186
11100 2.87186
11200 2.87186
11300 2.87185
11400 2.87185
11500 2.87185
11600 2.87185
11700 2.87185
11800 2.87185
11900 2.87185
12000 2.87185
12000 2.87185
12100 2.87185
12200 2.87185
12282 2.87185
12282 2.87185
12288 2.86204
12288 2.86204
12290 2.8434
12290 2.8434
12290 2.8434
12290 2.8434
12300 2.8434
12400 2.8434
12500 2.8434
12600 2.8434
12700 2.8434
12800 2.8434
12900 2.8434
13000 2.8434
13000 2.8434
13100 2.8434
13200 2.84339
13300 2.84339
13400 2.84339
13500 2.84339
13600 2.84339
13700 2.84339
13800 2.84339
13900 2.84339
14000 2.84339
14000 2.84339
14100 2.84339
14200 2.84339
14300 2.84339
14330 2.84338
14330 2.84338
14336 2.83368
14336 2.83368
14400 2.83367
14500 2.83367
14600 2.83367
14700 2.83367
14800 2.83367
14900 2.83367
15000 2.83367
15000 2.83367
15100 2.83367
15200 2.83367
15300 2.83367
15400 2.83367
15500 2.83367
15600 2.83366
15700 2.83366
15800 2.83366
15900 2.83366
16000 2.83366
16000 2.83366
16100 2.83366
16200 2.83366
16300 2.83366
16378 2.83366
16378 2.83366
16384 2.82398
16384 2.82398
16386 2.80654
16386 2.80654
16386 2.80654
16386 2.80654
16400 2.80654
16500 2.80654
16600 2.80654
16700 2.80654
16800 2.80654
16900 2.80654
17000 2.80654
17000 2.80654
17100 2.80653
17200 2.80653
17300 2.80653
17400 2.80653
17500 2.80653
17600 2.80653
17700 2.80653
17800 2.80653
17900 2.80653
18000 2.80653
18000 2.80653
18100 2.80653
18200 2.80653
18300 2.80652
18400 2.80652
18426 2.80652
18426 2.80652
18432 2.79694
18432 2.79694
18434 2.78092
18434 2.78092
18434 2.78092
18434 2.78092
18500 2.78092
18600 2.78092
18700 2.78092
18800 2.78092
18900 2.78092
19000 2.78091
19000 2.78091
19100 2.78091
19200 2.78091
19300 2.78091
19400 2.78091
19500 2.78091
19600 2.78091
19700 2.78091
19800 2.78091
19900 2.78091
20000 2.78091
20000 2.78091
20082 2.78091
20082 2.78091
20082 2.78091
20082 2.78091
20082 2.78091
20086 2.70825
20086 2.70825
20087 2.70798
20087 2.70798
20088 2.70036
20088 2.70036
20088 2.70036
20088 2.70036
20100 2.70036
20200 2.70036
20300 2.70036
20400 2.70036
20474 2.70036
20474 2.70036
20480 2.69114
20480 2.69114
20482 2.67362
20482 2.67362
20482 2.67362
20482 2.67362
20500 2.67362
20600 2.67362
20700 2.67361
20800 2.67361
20900 2.67361
21000 2.67361
21000 2.67361
21100 2.67361
21200 2.67361
21300 2.67361
21400 2.67361
21500 2.67361
21600 2.67361
21700 2.67361
21800 2.67361
21900 2.67361
22000 2.6736
22000 2.6736
22100 2.6736
22200 2.6736
22300 2.6736
22400 2.6736
22500 2.6736
22522 2.6736
22522 2.6736
22528 2.66447
22528 2.66447
22600 2.66447
22700 2.66447
22800 2.66447
22900 2.66447
23000 2.66447
23000 2.66447
23100 2.66447
23200 2.66447
23300 2.66446
23400 2.66446
23500 2.66446
23600 2.66446
23700 2.66446
23800 2.66446
23900 2.66446
24000 2.66446
24000 2.66446
24100 2.66446
24200 2.66446
24300 2.66446
24400 2.66446
24500 2.66445
24570 2.66445
24570 2.66445
24576 2.65536
24576 2.65536
24578 2.63896
24578 2.63896
24578 2.63896
24578 2.63896
24600 2.63896
24700 2.63896
24800 2.63895
24900 2.63895
25000 2.63895
25000 2.63895
25100 2.63895
25200 2.63895
25300 2.63895
25400 2.63895
25500 2.63895
25600 2.63895
25700 2.63895
25800 2.63895
25900 2.63895
26000 2.63895
26000 2.63895
26100 2.63894
26200 2.63894
26300 2.63894
26400 2.63894
26500 2.63894
26600 2.63894
26618 2.63894
26618 2.63894
26624 2.62993
26624 2.62993
26626 2.61486
26626 2.61486
26626 2.61486
26626 2.61486
26700 2.61486
26800 2.61486
26900 2.61486
27000 2.61486
27000 2.61486
27100 2.61486
27200 2.61486
27300 2.61486
27400 2.61486
27500 2.61486
27600 2.61486
27700 2.61486
27800 2.61486
27900 2.61485
28000 2.61485
28000 2.61485
28100 2.61485
28200 2.61485
28300 2.61485
28400 2.61485
28500 2.61485
28600 2.61485
28666 2.61485
28666 2.61485
28672 2.60592
28672 2.60592
28674 2.58983
28674 2.58983
28674 2.58983
28674 2.58983
28700 2.58983
28800 2.58982
28900 2.58982
29000 2.58982
29000 2.58982
29100 2.58982
29200 2.58982
29300 2.58982
29400 2.58982
29500 2.58982
29600 2.58982
29700 2.58982
29800 2.58982
29900 2.58982
30000 2.58982
30000 2.58982
30082 2.58981
30082 2.58981
30082 2.58981
30082 2.58981
30082 2.58981
30086 2.52215
30086 2.52215
30087 2.5219
30087 2.5219
30088 2.51481
30088 2.51481
30088 2.51481
30088 2.51481
30100 2.51481
30200 2.51481
30300 2.51481
30400 2.51481
30500 2.51481
30600 2.5148
30700 2.5148
30714 2.5148
30714 2.5148
30720 2.50622
30720 2.50622
30722 2.49186
30722 2.49186
30722 2.49186
30722 2.49186
30800 2.49186
30900 2.49186
31000 2.49186
31000 2.49186
31100 2.49186
31200 2.49186
31300 2.49186
31400 2.49186
31500 2.49185
31600 2.49185
31700 2.49185
31800 2.49185
31900 2.49185
32000 2.49185
32000 2.49185
32100 2.49185
32200 2.49185
32300 2.49185
32400 2.49185
32500 2.49185
32600 2.49185
32700 2.49185
32762 2.49185
32762 2.49185
32768 2.48334
32768 2.48334
32770 2.46717
32770 2.46717
32770 2.46717
32770 2.46717
32800 2.46717
32900 2.46716
33000 2.46716
33000 2.46716
33100 2.46716
33200 2.46716
33300 2.46716
33400 2.46716
33500 2.46716
33600 2.46716
33700 2.46716
33800 2.46716
33900 2.46716
34000 2.46716
34000 2.46716
34100 2.46716
34200 2.46715
34300 2.46715
34400 2.46715
34500 2.46715
34600 2.46715
34700 2.46715
34800 2.46715
34810 2.46715
34810 2.46715
34816 2.45873
34816 2.45873
34900 2.45872
35000 2.45872
35000 2.45872
35100 2.45872
35200 2.45872
35300 2.45872
35400 2.45872
35500 2.45872
35600 2.45872
35700 2.45872
35800 2.45872
35900 2.45872
36000 2.45872
36000 2.45872
36100 2.45872
36200 2.45872
36300 2.45871
36400 2.45871
36500 2.45871
36600 2.45871
36700 2.45871
36800 2.45871
36858 2.45871
36858 2.45871
36864 2.45031
36864 2.45031
36866 2.43518
36866 2.43518
36866 2.43518
36866 2.43518
36900 2.43518
37000 2.43518
37000 2.43518
37100 2.43518
37200 2.43518
37300 2.43518
37400 2.43518
37500 2.43518
37600 2.43518
37700 2.43518
37800 2.43517
37900 2.43517
38000 2.43517
38000 2.43517
38100 2.43517
38200 2.43517
38300 2.43517
38400 2.43517
38500 2.43517
38600 2.43517
38700 2.43517
38800 2.43517
38900 2.43517
38906 2.43517
38906 2.43517
38912 2.42685
38912 2.42685
38914 2.41295
38914 2.41295
38914 2.41295
38914 2.41295
39000 2.41295
39000 2.41295
39100 2.41295
39200 2.41295
39300 2.41295
39400 2.41295
39500 2.41295
39600 2.41294
39700 2.41294
39800 2.41294
39900 2.41294
40000 2.41294
40000 2.41294
40082 2.41294
40082 2.41294
40082 2.41294
40082 2.41294
40082 2.41294
40086 2.3499
40086 2.3499
40087 2.34967
40087 2.34967
40088 2.34306
40088 2.34306
40088 2.34306
40088 2.34306
40100 2.34306
40200 2.34306
40300 2.34306
40400 2.34306
40500 2.34305
40600 2.34305
40700 2.34305
40800 2.34305
40900 2.34305
40954 2.34305
40954 2.34305
40960 2.33505
40960 2.33505
40962 2.31985
40962 2.31985
40962 2.31985
40962 2.31985
41000 2.31985
41000 2.31985
41100 2.31984
41200 2.31984
41300 2.31984
41400 2.31984
41500 2.31984
41600 2.31984
41700 2.31984
41800 2.31984
41900 2.31984
42000 2.31984
42000 2.31984
42100 2.31984
42200 2.31984
42300 2.31984
42400 2.31984
42500 2.31983
42600 2.31983
42700 2.31983
42800 2.31983
42900 2.31983
43000 2.31983
43000 2.31983
43002 2.31983
43002 2.31983
43008 2.31191
43008 2.31191
43100 2.31191
43200 2.31191
43300 2.31191
43400 2.31191
43500 2.31191
43600 2.31191
43700 2.3119
43800 2.3119
43900 2.3119
