0 3.03099
0 3.03099
0 3.03099
2 3.03099
2 3.03099
100 3.03099
200 3.03099
300 3.03099
400 3.03099
500 3.03099
600 3.03099
700 3.03099
800 3.03099
900 3.03099
1000 3.03099
1000 3.03099
1100 3.03099
1200 3.03099
1300 3.03099
1400 3.03099
1500 3.03099
1600 3.03099
1700 3.03099
1800 3.03099
1900 3.03099
2000 3.03099
2000 3.03099
2048 3.03099
2048 3.03099
2050 3.03099
2050 3.03099
2100 3.03099
2200 3.03099
2300 3.03099
2400 3.03099
2500 3.03099
2600 3.03099
2700 3.03099
2800 3.03099
2900 3.03099
3000 3.03099
3000 3.03099
3100 3.03099
3200 3.03099
3300 3.03099
3400 3.03099
3500 3.03099
3600 3.03099
3700 3.03099
3800 3.03099
3900 3.03099
4000 3.03099
4000 3.03099
4096 3.03099
4096 3.03099
4098 3.03099
4098 3.03099
4100 3.03099
4200 3.03099
4300 3.03099
4400 3.03099
4500 3.03099
4502 3.03099
4502 3.03099
4504 3.03099
4504 3.03099
4504 3.03099
4504 3.03099
4505 3.03099
4505 3.03099
4505 3.03099
4505 3.03099
4506 3.03099
4506 3.03099
4506 3.03099
4506 3.03099
4507 3.03099
4507 3.03099
4600 3.03099
4700 3.03099
4800 3.03099
4900 3.03099
5000 3.03099
5000 3.03099
5100 3.03099
5200 3.03099
5300 3.03099
5400 3.03099
5500 3.03099
5600 3.03099
5700 3.03099
5800 3.03099
5900 3.03099
6000 3.03099
6000 3.03099
6100 3.03099
6144 3.03099
6144 3.03099
6146 3.02578
6146 3.02578
6146 3.02578
6146 3.02578
6200 3.02605
6300 3.02655
6400 3.02705
6500 3.02755
6600 3.02805
6700 3.02855
6800 3.02905
6900 3.02955
7000 3.03004
7000 3.03004
7100 3.03054
7200 3.03103
7300 3.03153
7400 3.03202
7500 3.03251
7600 3.033
7700 3.03349
7800 3.03398
7900 3.03447
8000 3.03495
8000 3.03495
8100 3.03544
8186 3.03586
8186 3.03586
8192 3.03277
8192 3.03277
8194 3.02715
8194 3.02715
8194 3.02715
8194 3.02715
8200 3.02718
8300 3.02768
8400 3.02818
8500 3.02868
8600 3.02918
8700 3.02967
8800 3.03017
8900 3.03066
9000 3.03116
9000 3.03116
9100 3.03165
9200 3.03214
9300 3.03263
9400 3.03312
9500 3.03361
9600 3.0341
9700 3.03459
9800 3.03508
9900 3.03556
10000 3.03605
10000 3.03605
10082 3.03645
10082 3.03645
10082 3.03645
10082 3.03645
10082 3.03645
10086 3.01245
10086 3.01245
10087 3.01236
10087 3.01236
10088 3.00982
10088 3.00982
10088 3.00982
10088 3.00982
10100 3.00988
10200 3.01042
10234 3.0106
10234 3.0106
10240 3.00754
10240 3.00754
10242 3.00237
10242 3.00237
10242 3.00237
10242 3.00237
10300 3.00269
10400 3.00324
10500 3.00378
10600 3.00432
10700 3.00486
10800 3.00541
10900 3.00595
11000 3.00649
11000 3.00649
11100 3.00702
11200 3.00756
11300 3.0081
11400 3.00863
11500 3.00917
11600 3.0097
11700 3.01023
11800 3.01076
11900 3.01129
12000 3.01182
12000 3.01182
12100 3.01235
12200 3.01288
12282 3.01331
12282 3.01331
12288 3.01025
12288 3.01025
12290 3.00437
12290 3.00437
12290 3.00437
12290 3.00437
12300 3.00442
12400 3.00497
12500 3.00551
12600 3.00605
12700 3.00659
12800 3.00712
12900 3.00766
13000 3.0082
13000 3.0082
13100 3.00873
13200 3.00927
13300 3.0098
13400 3.01033
13500 3.01086
13600 3.01139
13700 3.01192
13800 3.01245
13900 3.01298
14000 3.01351
14000 3.01351
14100 3.01403
14200 3.01456
14300 3.01508
14330 3.01524
14330 3.01524
14336 3.01217
14336 3.01217
14400 3.01251
14500 3.01304
14600 3.01357
14700 3.01409
14800 3.01462
14900 3.01514
15000 3.01566
15000 3.01566
15100 3.01618
15200 3.0167
15300 3.01722
15400 3.01774
15500 3.01826
15600 3.01878
15700 3.01929
15800 3.01981
15900 3.02032
16000 3.02083
16000 3.02083
16100 3.02135
16200 3.02186
16300 3.02237
16378 3.02277
16378 3.02277
16384 3.01969
16384 3.01969
16386 3.0141
16386 3.0141
16386 3.0141
16386 3.0141
16400 3.01417
16500 3.01469
16600 3.01522
16700 3.01574
16800 3.01626
16900 3.01678
17000 3.0173
17000 3.0173
17100 3.01782
17200 3.01834
17300 3.01885
17400 3.01937
17500 3.01988
17600 3.0204
17700 3.02091
17800 3.02142
17900 3.02193
18000 3.02244
18000 3.02244
18100 3.02295
18200 3.02346
18300 3.02397
18400 3.02447
18426 3.02461
18426 3.02461
18432 3.02153
18432 3.02153
18434 3.01634
18434 3.01634
18434 3.01634
18434 3.01634
18500 3.01668
18600 3.0172
18700 3.01772
18800 3.01824
18900 3.01876
19000 3.01927
19000 3.01927
19100 3.01979
19200 3.0203
19300 3.02081
19400 3.02133
19500 3.02184
19600 3.02235
19700 3.02286
19800 3.02336
19900 3.02387
20000 3.02438
20000 3.02438
20082 3.0248
20082 3.0248
20082 3.0248
20082 3.0248
20082 3.0248
20086 3.00089
20086 3.00089
20087 3.0008
20087 3.0008
20088 2.99827
20088 2.99827
20088 2.99827
20088 2.99827
20100 2.99834
20200 2.99889
20300 2.99944
20400 3
20474 3.00041
20474 3.00041
20480 2.99736
20480 2.99736
20482 2.9915
20482 2.9915
20482 2.9915
20482 2.9915
20500 2.9916
20600 2.99217
20700 2.99273
20800 2.9933
20900 2.99386
21000 2.99442
21000 2.99442
21100 2.99498
21200 2.99554
21300 2.9961
21400 2.99666
21500 2.99721
21600 2.99777
21700 2.99832
21800 2.99888
21900 2.99943
22000 2.99998
22000 2.99998
22100 3.00053
22200 3.00108
22300 3.00163
22400 3.00217
22500 3.00272
22522 3.00284
22522 3.00284
22528 2.99979
22528 2.99979
22600 3.00019
22700 3.00074
22800 3.00129
22900 3.00184
23000 3.00238
23000 3.00238
23100 3.00293
23200 3.00347
23300 3.00402
23400 3.00456
23500 3.0051
23600 3.00564
23700 3.00618
23800 3.00672
23900 3.00726
24000 3.0078
24000 3.0078
24100 3.00833
24200 3.00887
24300 3.0094
24400 3.00993
24500 3.01047
24570 3.01084
24570 3.01084
24576 3.00778
24576 3.00778
24578 3.00221
24578 3.00221
24578 3.00221
24578 3.00221
24600 3.00233
24700 3.00287
24800 3.00342
24900 3.00396
25000 3.00451
25000 3.00451
25100 3.00505
25200 3.00559
25300 3.00613
25400 3.00667
25500 3.00721
25600 3.00774
25700 3.00828
25800 3.00881
25900 3.00935
26000 3.00988
26000 3.00988
26100 3.01041
26200 3.01094
26300 3.01147
26400 3.012
26500 3.01253
26600 3.01306
26618 3.01315
26618 3.01315
26624 3.01009
26624 3.01009
26626 3.00492
26626 3.00492
26626 3.00492
26626 3.00492
26700 3.00532
26800 3.00586
26900 3.0064
27000 3.00694
27000 3.00694
27100 3.00748
27200 3.00801
27300 3.00855
27400 3.00908
27500 3.00962
27600 3.01015
27700 3.01068
27800 3.01121
27900 3.01174
28000 3.01227
28000 3.01227
28100 3.0128
28200 3.01333
28300 3.01385
28400 3.01438
28500 3.0149
28600 3.01542
28666 3.01577
28666 3.01577
28672 3.01271
28672 3.01271
28674 3.00712
28674 3.00712
28674 3.00712
28674 3.00712
28700 3.00726
28800 3.0078
28900 3.00833
29000 3.00887
29000 3.00887
29100 3.0094
29200 3.00994
29300 3.01047
29400 3.011
29500 3.01153
29600 3.01206
29700 3.01259
29800 3.01311
29900 3.01364
30000 3.01416
30000 3.01416
30082 3.0146
30082 3.0146
30082 3.0146
30082 3.0146
30082 3.0146
30086 2.99077
30086 2.99077
30087 2.99068
30087 2.99068
30088 2.98817
30088 2.98817
30088 2.98817
30088 2.98817
30100 2.98823
30200 2.98881
30300 2.98938
30400 2.98995
30500 2.99051
30600 2.99108
30700 2.99165
30714 2.99173
30714 2.99173
30720 2.98869
30720 2.98869
30722 2.98356
30722 2.98356
30722 2.98356
30722 2.98356
30800 2.98401
30900 2.98459
31000 2.98517
31000 2.98517
31100 2.98575
31200 2.98632
31300 2.9869
31400 2.98747
31500 2.98805
31600 2.98862
31700 2.98919
31800 2.98976
31900 2.99033
32000 2.9909
32000 2.9909
32100 2.99146
32200 2.99203
32300 2.99259
32400 2.99316
32500 2.99372
32600 2.99428
32700 2.99484
32762 2.99519
32762 2.99519
32768 2.99215
32768 2.99215
32770 2.98631
32770 2.98631
32770 2.98631
32770 2.98631
32800 2.98648
32900 2.98705
33000 2.98763
33000 2.98763
33100 2.9882
33200 2.98877
33300 2.98934
33400 2.98991
33500 2.99048
33600 2.99105
33700 2.99161
33800 2.99218
33900 2.99274
34000 2.99331
34000 2.99331
34100 2.99387
34200 2.99443
34300 2.99499
34400 2.99555
34500 2.99611
34600 2.99667
34700 2.99722
34800 2.99778
34810 2.99784
34810 2.99784
34816 2.99479
34816 2.99479
34900 2.99526
35000 2.99582
35000 2.99582
35100 2.99638
35200 2.99694
35300 2.99749
35400 2.99805
35500 2.9986
35600 2.99915
35700 2.99971
35800 3.00026
35900 3.00081
36000 3.00135
36000 3.00135
36100 3.0019
36200 3.00245
36300 3.00299
36400 3.00354
36500 3.00408
36600 3.00463
36700 3.00517
36800 3.00571
36858 3.00602
36858 3.00602
36864 3.00297
36864 3.00297
36866 2.99741
36866 2.99741
36866 2.99741
36866 2.99741
36900 2.99759
37000 2.99815
37000 2.99815
37100 2.9987
37200 2.99926
37300 2.99981
37400 3.00036
37500 3.00091
37600 3.00146
37700 3.002
37800 3.00255
37900 3.00309
38000 3.00364
38000 3.00364
38100 3.00418
38200 3.00473
38300 3.00527
38400 3.00581
38500 3.00635
38600 3.00689
38700 3.00742
38800 3.00796
38900 3.0085
38906 3.00853
38906 3.00853
38912 3.00547
38912 3.00547
38914 3.00031
38914 3.00031
38914 3.00031
38914 3.00031
39000 3.00078
39000 3.00078
39100 3.00133
39200 3.00188
39300 3.00243
39400 3.00297
39500 3.00352
39600 3.00406
39700 3.0046
39800 3.00514
39900 3.00569
40000 3.00622
40000 3.00622
40082 3.00667
40082 3.00667
40082 3.00667
40082 3.00667
40082 3.00667
40086 2.98291
40086 2.98291
40087 2.98282
40087 2.98282
40088 2.98031
40088 2.98031
40088 2.98031
40088 2.98031
40100 2.98038
40200 2.98096
40300 2.98155
40400 2.98213
40500 2.98272
40600 2.9833
40700 2.98388
40800 2.98446
40900 2.98504
40954 2.98535
40954 2.98535
40960 2.98232
40960 2.98232
40962 2.9765
40962 2.9765
40962 2.9765
40962 2.9765
41000 2.97672
41000 2.97672
41100 2.97731
41200 2.97791
41300 2.9785
41400 2.97909
41500 2.97967
41600 2.98026
41700 2.98085
41800 2.98143
41900 2.98202
42000 2.9826
42000 2.9826
42100 2.98318
42200 2.98376
42300 2.98434
42400 2.98492
42500 2.9855
42600 2.98608
42700 2.98665
42800 2.98723
42900 2.9878
43000 2.98837
43000 2.98837
43002 2.98839
43002 2.98839
43008 2.98535
43008 2.98535
43100 2.98589
43200 2.98646
43300 2.98704
43400 2.98761
43500 2.98818
43600 2.98876
43700 2.98933
43800 2.9899
43900 2.99047
