0 3.03099
0 3.03099
0 3.03099
2 3.03099
2 3.03099
100 3.03099
200 3.03099
300 3.03099
400 3.03099
500 3.03099
600 3.03099
700 3.03099
800 3.03099
900 3.03099
1000 3.03099
1000 3.03099
1100 3.03099
1200 3.03099
1300 3.03099
1400 3.03099
1500 3.03099
1600 3.03099
1700 3.03099
1800 3.03099
1900 3.03099
2000 3.03099
2000 3.03099
2048 3.03099
2048 3.03099
2050 3.03099
2050 3.03099
2100 3.03099
2200 3.03099
2300 3.03099
2400 3.03099
2500 3.03099
2600 3.03099
2700 3.03099
2800 3.03099
2900 3.03099
3000 3.03099
3000 3.03099
3100 3.03099
3200 3.03099
3300 3.03099
3400 3.03099
3500 3.03099
3600 3.03099
3700 3.03099
3800 3.03099
3900 3.03099
4000 3.03099
4000 3.03099
4096 3.03099
4096 3.03099
4098 3.03099
4098 3.03099
4100 3.03099
4200 3.03099
4300 3.03099
4400 3.03099
4500 3.03099
4502 3.03099
4502 3.03099
4504 3.03099
4504 3.03099
4504 3.03099
4504 3.03099
4505 3.03099
4505 3.03099
4505 3.03099
4505 3.03099
4506 3.03099
4506 3.03099
4506 3.03099
4506 3.03099
4507 3.03099
4507 3.03099
4600 3.03099
4700 3.03099
4800 3.03099
4900 3.03099
5000 3.03099
5000 3.03099
5100 3.03099
5200 3.03099
5300 3.03099
5400 3.03099
5500 3.03099
5600 3.03099
5700 3.03099
5800 3.03099
5900 3.03099
6000 3.03099
6000 3.03099
6100 3.03099
6144 3.03099
6144 3.03099
6146 3.03004
6146 3.03004
6146 3.03004
6146 3.03004
6200 3.03271
6300 3.03757
6400 3.04235
6500 3.04703
6600 3.05164
6700 3.05616
6800 3.06059
6900 3.06495
7000 3.06923
7000 3.06923
7100 3.07343
7200 3.07755
7300 3.0816
7400 3.08557
7500 3.08948
7600 3.09331
7700 3.09707
7800 3.10076
7900 3.10439
8000 3.10795
8000 3.10795
8100 3.11144
8186 3.11441
8186 3.11441
8192 3.11396
8192 3.11396
8194 3.11288
8194 3.11288
8194 3.11288
8194 3.11288
8200 3.11308
8300 3.11648
8400 3.11982
8500 3.1231
8600 3.12632
8700 3.12948
8800 3.13258
8900 3.13563
9000 3.13862
9000 3.13862
9100 3.14156
9200 3.14444
9300 3.14727
9400 3.15005
9500 3.15278
9600 3.15546
9700 3.15809
9800 3.16067
9900 3.16321
10000 3.16569
10000 3.16569
10082 3.16772
10082 3.16772
10082 3.16772
10082 3.16772
10082 3.16772
10086 3.1628
10086 3.1628
10087 3.16278
10087 3.16278
10088 3.16227
10088 3.16227
10088 3.16227
10088 3.16227
10100 3.16257
10200 3.16507
10234 3.16592
10234 3.16592
10240 3.16541
10240 3.16541
10242 3.16437
10242 3.16437
10242 3.16437
10242 3.16437
10300 3.16581
10400 3.16825
10500 3.17065
10600 3.173
10700 3.17531
10800 3.17758
10900 3.17981
11000 3.182
11000 3.182
11100 3.18414
11200 3.18625
11300 3.18832
11400 3.19035
11500 3.19235
11600 3.19431
11700 3.19623
11800 3.19812
11900 3.19997
12000 3.20179
12000 3.20179
12100 3.20358
12200 3.20534
12282 3.20676
12282 3.20676
12288 3.2062
12288 3.2062
12290 3.20498
12290 3.20498
12290 3.20498
12290 3.20498
12300 3.20515
12400 3.20687
12500 3.20857
12600 3.21023
12700 3.21187
12800 3.21347
12900 3.21504
13000 3.21659
13000 3.21659
13100 3.21811
13200 3.2196
13300 3.22106
13400 3.2225
13500 3.22391
13600 3.22529
13700 3.22665
13800 3.22799
13900 3.2293
14000 3.23058
14000 3.23058
14100 3.23185
14200 3.23309
14300 3.2343
14330 3.23467
14330 3.23467
14336 3.23407
14336 3.23407
14400 3.23484
14500 3.23603
14600 3.23719
14700 3.23834
14800 3.23946
14900 3.24056
15000 3.24164
15000 3.24164
15100 3.2427
15200 3.24375
15300 3.24477
15400 3.24578
15500 3.24676
15600 3.24773
15700 3.24868
15800 3.24962
15900 3.25053
16000 3.25143
16000 3.25143
16100 3.25232
16200 3.25318
16300 3.25404
16378 3.25469
16378 3.25469
16384 3.25407
16384 3.25407
16386 3.25288
16386 3.25288
16386 3.25288
16386 3.25288
16400 3.253
16500 3.25386
16600 3.2547
16700 3.25552
16800 3.25633
16900 3.25712
17000 3.2579
17000 3.2579
17100 3.25867
17200 3.25942
17300 3.26016
17400 3.26089
17500 3.2616
17600 3.2623
17700 3.26298
17800 3.26366
17900 3.26432
18000 3.26497
18000 3.26497
18100 3.2656
18200 3.26623
18300 3.26684
18400 3.26745
18426 3.26761
18426 3.26761
18432 3.26697
18432 3.26697
18434 3.26585
18434 3.26585
18434 3.26585
18434 3.26585
18500 3.26627
18600 3.26688
18700 3.26748
18800 3.26807
18900 3.26866
19000 3.26923
19000 3.26923
19100 3.26979
19200 3.27034
19300 3.27088
19400 3.2714
19500 3.27193
19600 3.27244
19700 3.27294
19800 3.27343
19900 3.27391
20000 3.27439
20000 3.27439
20082 3.27477
20082 3.27477
20082 3.27477
20082 3.27477
20082 3.27477
20086 3.2696
20086 3.2696
20087 3.26958
20087 3.26958
20088 3.26903
20088 3.26903
20088 3.26903
20088 3.26903
20100 3.2691
20200 3.26966
20300 3.27021
20400 3.27076
20474 3.27115
20474 3.27115
20480 3.27051
20480 3.27051
20482 3.26924
20482 3.26924
20482 3.26924
20482 3.26924
20500 3.26934
20600 3.2699
20700 3.27045
20800 3.27099
20900 3.27151
21000 3.27203
21000 3.27203
21100 3.27254
21200 3.27304
21300 3.27353
21400 3.27401
21500 3.27449
21600 3.27495
21700 3.27541
21800 3.27585
21900 3.27629
22000 3.27672
22000 3.27672
22100 3.27715
22200 3.27756
22300 3.27797
22400 3.27837
22500 3.27877
22522 3.27885
22522 3.27885
22528 3.2782
22528 3.2782
22600 3.27849
22700 3.27888
22800 3.27926
22900 3.27964
23000 3.28001
23000 3.28001
23100 3.28038
23200 3.28073
23300 3.28108
23400 3.28143
23500 3.28177
23600 3.2821
23700 3.28242
23800 3.28274
23900 3.28306
24000 3.28337
24000 3.28337
24100 3.28367
24200 3.28396
24300 3.28426
24400 3.28454
24500 3.28482
24570 3.28502
24570 3.28502
24576 3.28436
24576 3.28436
24578 3.28315
24578 3.28315
24578 3.28315
24578 3.28315
24600 3.28321
24700 3.28352
24800 3.28382
24900 3.28411
25000 3.2844
25000 3.2844
25100 3.28469
25200 3.28497
25300 3.28524
25400 3.28551
25500 3.28577
25600 3.28603
25700 3.28628
25800 3.28653
25900 3.28678
26000 3.28702
26000 3.28702
26100 3.28726
26200 3.28749
26300 3.28771
26400 3.28794
26500 3.28816
26600 3.28837
26618 3.28841
26618 3.28841
26624 3.28775
26624 3.28775
26626 3.28662
26626 3.28662
26626 3.28662
26626 3.28662
26700 3.2868
26800 3.28704
26900 3.28728
27000 3.28751
27000 3.28751
27100 3.28774
27200 3.28796
27300 3.28818
27400 3.28839
27500 3.28861
27600 3.28881
27700 3.28902
27800 3.28922
27900 3.28941
28000 3.2896
28000 3.2896
28100 3.28979
28200 3.28998
28300 3.29016
28400 3.29034
28500 3.29052
28600 3.29069
28666 3.2908
28666 3.2908
28672 3.29014
28672 3.29014
28674 3.28892
28674 3.28892
28674 3.28892
28674 3.28892
28700 3.28897
28800 3.28917
28900 3.28937
29000 3.28956
29000 3.28956
29100 3.28975
29200 3.28994
29300 3.29012
29400 3.2903
29500 3.29048
29600 3.29065
29700 3.29082
29800 3.29099
29900 3.29115
30000 3.29131
30000 3.29131
30082 3.29144
30082 3.29144
30082 3.29144
30082 3.29144
30082 3.29144
30086 3.28623
30086 3.28623
30087 3.28621
30087 3.28621
30088 3.28566
30088 3.28566
30088 3.28566
30088 3.28566
30100 3.28569
30200 3.28595
30300 3.2862
30400 3.28645
30500 3.2867
30600 3.28694
30700 3.28718
30714 3.28721
30714 3.28721
30720 3.28655
30720 3.28655
30722 3.28543
30722 3.28543
30722 3.28543
30722 3.28543
30800 3.28563
30900 3.28589
31000 3.28615
31000 3.28615
31100 3.2864
31200 3.28665
31300 3.28689
31400 3.28713
31500 3.28737
31600 3.2876
31700 3.28782
31800 3.28804
31900 3.28826
32000 3.28847
32000 3.28847
32100 3.28868
32200 3.28889
32300 3.28909
32400 3.28929
32500 3.28948
32600 3.28968
32700 3.28986
32762 3.28998
32762 3.28998
32768 3.28931
32768 3.28931
32770 3.28803
32770 3.28803
32770 3.28803
32770 3.28803
32800 3.2881
32900 3.28831
33000 3.28852
33000 3.28852
33100 3.28873
33200 3.28894
33300 3.28914
33400 3.28934
33500 3.28953
33600 3.28972
33700 3.28991
33800 3.29009
33900 3.29027
34000 3.29045
34000 3.29045
34100 3.29062
34200 3.29079
34300 3.29096
34400 3.29113
34500 3.29129
34600 3.29145
34700 3.2916
34800 3.29175
34810 3.29177
34810 3.29177
34816 3.2911
34816 3.2911
34900 3.29124
35000 3.2914
35000 3.2914
35100 3.29156
35200 3.29171
35300 3.29186
35400 3.29201
35500 3.29215
35600 3.2923
35700 3.29244
35800 3.29257
35900 3.29271
36000 3.29284
36000 3.29284
36100 3.29297
36200 3.2931
36300 3.29322
36400 3.29335
36500 3.29347
36600 3.29359
36700 3.2937
36800 3.29382
36858 3.29388
36858 3.29388
36864 3.29322
36864 3.29322
36866 3.29199
36866 3.29199
36866 3.29199
36866 3.29199
36900 3.29204
37000 3.29219
37000 3.29219
37100 3.29233
37200 3.29247
37300 3.29261
37400 3.29274
37500 3.29287
37600 3.293
37700 3.29313
37800 3.29326
37900 3.29338
38000 3.2935
38000 3.2935
38100 3.29362
38200 3.29373
38300 3.29385
38400 3.29396
38500 3.29407
38600 3.29418
38700 3.29428
38800 3.29439
38900 3.29449
38906 3.2945
38906 3.2945
38912 3.29383
38912 3.29383
38914 3.29269
38914 3.29269
38914 3.29269
38914 3.29269
39000 3.29281
39000 3.29281
39100 3.29294
39200 3.29307
39300 3.29319
39400 3.29332
39500 3.29344
39600 3.29356
39700 3.29367
39800 3.29379
39900 3.2939
40000 3.29401
40000 3.29401
40082 3.2941
40082 3.2941
40082 3.2941
40082 3.2941
40082 3.2941
40086 3.28888
40086 3.28888
40087 3.28886
40087 3.28886
40088 3.28831
40088 3.28831
40088 3.28831
40088 3.28831
40100 3.28833
40200 3.28855
40300 3.28876
40400 3.28896
40500 3.28916
40600 3.28936
40700 3.28955
40800 3.28974
40900 3.28993
40954 3.29003
40954 3.29003
40960 3.28936
40960 3.28936
40962 3.28808
40962 3.28808
40962 3.28808
40962 3.28808
41000 3.28816
41000 3.28816
41100 3.28838
41200 3.28859
41300 3.2888
41400 3.289
41500 3.2892
41600 3.2894
41700 3.28959
41800 3.28978
41900 3.28996
42000 3.29015
42000 3.29015
42100 3.29033
42200 3.2905
42300 3.29068
42400 3.29084
42500 3.29101
42600 3.29117
42700 3.29134
42800 3.29149
42900 3.29165
43000 3.2918
43000 3.2918
43002 3.2918
43002 3.2918
43008 3.29114
43008 3.29114
43100 3.29128
43200 3.29144
43300 3.2916
43400 3.29175
43500 3.2919
43600 3.29205
43700 3.29219
43800 3.29234
43900 3.29248
