0 3.03099
0 3.03099
0 3.03099
2 3.03099
2 3.03099
100 3.03099
200 3.03099
300 3.03099
400 3.03099
500 3.03099
600 3.03099
700 3.03099
800 3.03099
900 3.03099
1000 3.03099
1000 3.03099
1100 3.03099
1200 3.03099
1300 3.03099
1400 3.03099
1500 3.03099
1600 3.03099
1700 3.03099
1800 3.03099
1900 3.03099
2000 3.03099
2000 3.03099
2048 3.03099
2048 3.03099
2050 3.03099
2050 3.03099
2100 3.03099
2200 3.03099
2300 3.03099
2400 3.03099
2500 3.03099
2600 3.03099
2700 3.03099
2800 3.03099
2900 3.03099
3000 3.03099
3000 3.03099
3100 3.03099
3200 3.03099
3300 3.03099
3400 3.03099
3500 3.03099
3600 3.03099
3700 3.03099
3800 3.03099
3900 3.03099
4000 3.03099
4000 3.03099
4096 3.03099
4096 3.03099
4098 3.03099
4098 3.03099
4100 3.03099
4200 3.03099
4300 3.03099
4400 3.03099
4500 3.03099
4502 3.03099
4502 3.03099
4504 3.03099
4504 3.03099
4504 3.03099
4504 3.03099
4505 3.03099
4505 3.03099
4505 3.03099
4505 3.03099
4506 3.03099
4506 3.03099
4506 3.03099
4506 3.03099
4507 3.03099
4507 3.03099
4600 3.03099
4700 3.03099
4800 3.03099
4900 3.03099
5000 3.03099
5000 3.03099
5100 3.03099
5200 3.03099
5300 3.03099
5400 3.03099
5500 3.03099
5600 3.03099
5700 3.03099
5800 3.03099
5900 3.03099
6000 3.03099
6000 3.03099
6100 3.03099
6144 3.03099
6144 3.03099
6146 3.02582
6146 3.02582
6146 3.02582
6146 3.02582
6200 3.02717
6300 3.02967
6400 3.03214
6500 3.03459
6600 3.03701
6700 3.03942
6800 3.0418
6900 3.04416
7000 3.0465
7000 3.0465
7100 3.04881
7200 3.05111
7300 3.05338
7400 3.05564
7500 3.05787
7600 3.06008
7700 3.06228
7800 3.06445
7900 3.0666
8000 3.06873
8000 3.06873
8100 3.07085
8186 3.07266
8186 3.07266
8192 3.06963
8192 3.06963
8194 3.06397
8194 3.06397
8194 3.06397
8194 3.06397
8200 3.0641
8300 3.06625
8400 3.06839
8500 3.07051
8600 3.07261
8700 3.07468
8800 3.07674
8900 3.07878
9000 3.0808
9000 3.0808
9100 3.08281
9200 3.08479
9300 3.08676
9400 3.08871
9500 3.09064
9600 3.09255
9700 3.09445
9800 3.09633
9900 3.09819
10000 3.10003
10000 3.10003
10082 3.10155
10082 3.10155
10082 3.10155
10082 3.10155
10082 3.10155
10086 3.07709
10086 3.07709
10087 3.077
10087 3.077
10088 3.07443
10088 3.07443
10088 3.07443
10088 3.07443
10100 3.07467
10200 3.07673
10234 3.07744
10234 3.07744
10240 3.07439
10240 3.07439
10242 3.06914
10242 3.06914
10242 3.06914
10242 3.06914
10300 3.07037
10400 3.07247
10500 3.07455
10600 3.07661
10700 3.07865
10800 3.08067
10900 3.08268
11000 3.08466
11000 3.08466
11100 3.08663
11200 3.08858
11300 3.09051
11400 3.09243
11500 3.09433
11600 3.0962
11700 3.09807
11800 3.09991
11900 3.10174
12000 3.10355
12000 3.10355
12100 3.10535
12200 3.10713
12282 3.10858
12282 3.10858
12288 3.10549
12288 3.10549
12290 3.09945
12290 3.09945
12290 3.09945
12290 3.09945
12300 3.09963
12400 3.10146
12500 3.10328
12600 3.10508
12700 3.10686
12800 3.10862
12900 3.11037
13000 3.1121
13000 3.1121
13100 3.11382
13200 3.11552
13300 3.11721
13400 3.11888
13500 3.12053
13600 3.12218
13700 3.1238
13800 3.12541
13900 3.12701
14000 3.12859
14000 3.12859
14100 3.13015
14200 3.13171
14300 3.13324
14330 3.13371
14330 3.13371
14336 3.13058
14336 3.13058
14400 3.13157
14500 3.13311
14600 3.13464
14700 3.13615
14800 3.13765
14900 3.13913
15000 3.1406
15000 3.1406
15100 3.14206
15200 3.1435
15300 3.14493
15400 3.14635
15500 3.14775
15600 3.14914
15700 3.15052
15800 3.15189
15900 3.15324
16000 3.15458
16000 3.15458
16100 3.15591
16200 3.15723
16300 3.15853
16378 3.15955
16378 3.15955
16384 3.15638
16384 3.15638
16386 3.15055
16386 3.15055
16386 3.15055
16386 3.15055
16400 3.15074
16500 3.1521
16600 3.15345
16700 3.15479
16800 3.15612
16900 3.15744
17000 3.15874
17000 3.15874
17100 3.16003
17200 3.16131
17300 3.16258
17400 3.16383
17500 3.16508
17600 3.16631
17700 3.16753
17800 3.16874
17900 3.16994
18000 3.17113
18000 3.17113
18100 3.17231
18200 3.17347
18300 3.17463
18400 3.17578
18426 3.17608
18426 3.17608
18432 3.17288
18432 3.17288
18434 3.16744
18434 3.16744
18434 3.16744
18434 3.16744
18500 3.16824
18600 3.16945
18700 3.17064
18800 3.17182
18900 3.173
19000 3.17416
19000 3.17416
19100 3.17531
19200 3.17645
19300 3.17757
19400 3.17869
19500 3.1798
19600 3.1809
19700 3.18199
19800 3.18307
19900 3.18414
20000 3.18519
20000 3.18519
20082 3.18606
20082 3.18606
20082 3.18606
20082 3.18606
20082 3.18606
20086 3.16091
20086 3.16091
20087 3.16082
20087 3.16082
20088 3.15816
20088 3.15816
20088 3.15816
20088 3.15816
20100 3.15831
20200 3.15961
20300 3.16089
20400 3.16216
20474 3.1631
20474 3.1631
20480 3.15993
20480 3.15993
20482 3.15377
20482 3.15377
20482 3.15377
20482 3.15377
20500 3.15401
20600 3.15534
20700 3.15667
20800 3.15798
20900 3.15927
21000 3.16056
21000 3.16056
21100 3.16183
21200 3.1631
21300 3.16435
21400 3.16559
21500 3.16682
21600 3.16803
21700 3.16924
21800 3.17043
21900 3.17162
22000 3.17279
22000 3.17279
22100 3.17395
22200 3.1751
22300 3.17625
22400 3.17738
22500 3.1785
22522 3.17875
22522 3.17875
22528 3.17555
22528 3.17555
22600 3.17637
22700 3.1775
22800 3.17862
22900 3.17973
23000 3.18083
23000 3.18083
23100 3.18192
23200 3.183
23300 3.18406
23400 3.18512
23500 3.18617
23600 3.18721
23700 3.18824
23800 3.18927
23900 3.19028
24000 3.19128
24000 3.19128
24100 3.19227
24200 3.19326
24300 3.19423
24400 3.1952
24500 3.19616
24570 3.19683
24570 3.19683
24576 3.1936
24576 3.1936
24578 3.18769
24578 3.18769
24578 3.18769
24578 3.18769
24600 3.18792
24700 3.18894
24800 3.18996
24900 3.19096
25000 3.19196
25000 3.19196
25100 3.19295
25200 3.19393
25300 3.19489
25400 3.19586
25500 3.19681
25600 3.19775
25700 3.19868
25800 3.19961
25900 3.20053
26000 3.20144
26000 3.20144
26100 3.20234
26200 3.20323
26300 3.20411
26400 3.20499
26500 3.20586
26600 3.20672
26618 3.20688
26618 3.20688
26624 3.20364
26624 3.20364
26626 3.19814
26626 3.19814
26626 3.19814
26626 3.19814
26700 3.19883
26800 3.19975
26900 3.20067
27000 3.20157
27000 3.20157
27100 3.20247
27200 3.20337
27300 3.20425
27400 3.20512
27500 3.20599
27600 3.20685
27700 3.2077
27800 3.20854
27900 3.20938
28000 3.21021
28000 3.21021
28100 3.21103
28200 3.21184
28300 3.21265
28400 3.21344
28500 3.21424
28600 3.21502
28666 3.21554
28666 3.21554
28672 3.21228
28672 3.21228
28674 3.20634
28674 3.20634
28674 3.20634
28674 3.20634
28700 3.20656
28800 3.20741
28900 3.20826
29000 3.2091
29000 3.2091
29100 3.20993
29200 3.21075
29300 3.21156
29400 3.21237
29500 3.21317
29600 3.21397
29700 3.21475
29800 3.21553
29900 3.2163
30000 3.21707
30000 3.21707
30082 3.2177
30082 3.2177
30082 3.2177
30082 3.2177
30082 3.2177
30086 3.19228
30086 3.19228
30087 3.19218
30087 3.19218
30088 3.1895
30088 3.1895
30088 3.1895
30088 3.1895
30100 3.18962
30200 3.19063
30300 3.19163
30400 3.19262
30500 3.1936
30600 3.19457
30700 3.19553
30714 3.19567
30714 3.19567
30720 3.19245
30720 3.19245
30722 3.18697
30722 3.18697
30722 3.18697
30722 3.18697
30800 3.18778
30900 3.1888
31000 3.18982
31000 3.18982
31100 3.19083
31200 3.19183
31300 3.19281
31400 3.19379
31500 3.19476
31600 3.19573
31700 3.19668
31800 3.19762
31900 3.19856
32000 3.19948
32000 3.19948
32100 3.2004
32200 3.20131
32300 3.20222
32400 3.20311
32500 3.20399
32600 3.20487
32700 3.20574
32762 3.20628
32762 3.20628
32768 3.20304
32768 3.20304
32770 3.19679
32770 3.19679
32770 3.19679
32770 3.19679
32800 3.19707
32900 3.19801
33000 3.19894
33000 3.19894
33100 3.19987
33200 3.20078
33300 3.20169
33400 3.20259
33500 3.20348
33600 3.20436
33700 3.20523
33800 3.2061
33900 3.20696
34000 3.20781
34000 3.20781
34100 3.20865
34200 3.20948
34300 3.21031
34400 3.21113
34500 3.21194
34600 3.21275
34700 3.21354
34800 3.21433
34810 3.21442
34810 3.21442
34816 3.21116
34816 3.21116
34900 3.21185
35000 3.21265
35000 3.21265
35100 3.21345
35200 3.21424
35300 3.21502
35400 3.2158
35500 3.21657
35600 3.21733
35700 3.21809
35800 3.21884
35900 3.21958
36000 3.22031
36000 3.22031
36100 3.22104
36200 3.22176
36300 3.22248
36400 3.22319
36500 3.22389
36600 3.22458
36700 3.22527
36800 3.22595
36858 3.22635
36858 3.22635
36864 3.22308
36864 3.22308
36866 3.21711
36866 3.21711
36866 3.21711
36866 3.21711
36900 3.21737
37000 3.21812
37000 3.21812
37100 3.21887
37200 3.21961
37300 3.22035
37400 3.22107
37500 3.2218
37600 3.22251
37700 3.22322
37800 3.22392
37900 3.22462
38000 3.2253
38000 3.2253
38100 3.22599
38200 3.22666
38300 3.22733
38400 3.228
38500 3.22865
38600 3.22931
38700 3.22995
38800 3.23059
38900 3.23123
38906 3.23127
38906 3.23127
38912 3.22799
38912 3.22799
38914 3.22244
38914 3.22244
38914 3.22244
38914 3.22244
39000 3.22305
39000 3.22305
39100 3.22376
39200 3.22445
39300 3.22514
39400 3.22583
39500 3.22651
39600 3.22718
39700 3.22784
39800 3.2285
39900 3.22916
40000 3.2298
40000 3.2298
40082 3.23033
40082 3.23033
40082 3.23033
40082 3.23033
40082 3.23033
40086 3.20481
40086 3.20481
40087 3.20472
40087 3.20472
40088 3.20202
40088 3.20202
40088 3.20202
40088 3.20202
40100 3.20213
40200 3.20302
40300 3.20391
40400 3.20478
40500 3.20565
40600 3.20652
40700 3.20737
40800 3.20822
40900 3.20906
40954 3.20951
40954 3.20951
40960 3.20626
40960 3.20626
40962 3.20001
40962 3.20001
40962 3.20001
40962 3.20001
41000 3.20035
41000 3.20035
41100 3.20126
41200 3.20217
41300 3.20306
41400 3.20395
41500 3.20482
41600 3.20569
41700 3.20655
41800 3.20741
41900 3.20825
42000 3.20909
42000 3.20909
42100 3.20992
42200 3.21075
42300 3.21156
42400 3.21237
42500 3.21317
42600 3.21396
42700 3.21475
42800 3.21553
42900 3.2163
43000 3.21707
43000 3.21707
43002 3.21708
43002 3.21708
43008 3.21383
43008 3.21383
43100 3.21455
43200 3.21533
43300 3.21611
43400 3.21687
43500 3.21763
43600 3.21839
43700 3.21913
43800 3.21987
43900 3.2206
