0 3.03099
0 3.03099
0 3.03099
2 3.03099
2 3.03099
100 3.03099
200 3.03099
300 3.03099
400 3.03099
500 3.03099
600 3.03099
700 3.03099
800 3.03099
900 3.03099
1000 3.03099
1000 3.03099
1100 3.03099
1200 3.03099
1300 3.03099
1400 3.03099
1500 3.03099
1600 3.03099
1700 3.03099
1800 3.03099
1900 3.03099
2000 3.03099
2000 3.03099
2048 3.03099
2048 3.03099
2050 3.03099
2050 3.03099
2100 3.03099
2200 3.03099
2300 3.03099
2400 3.03099
2500 3.03099
2600 3.03099
2700 3.03099
2800 3.03099
2900 3.03099
3000 3.03099
3000 3.03099
3100 3.03099
3200 3.03099
3300 3.03099
3400 3.03099
3500 3.03099
3600 3.03099
3700 3.03099
3800 3.03099
3900 3.03099
4000 3.03099
4000 3.03099
4096 3.03099
4096 3.03099
4098 3.03099
4098 3.03099
4100 3.03099
4200 3.03099
4300 3.03099
4400 3.03099
4500 3.03099
4502 3.03099
4502 3.03099
4504 3.03099
4504 3.03099
4504 3.03099
4504 3.03099
4505 3.03099
4505 3.03099
4505 3.03099
4505 3.03099
4506 3.03099
4506 3.03099
4506 3.03099
4506 3.03099
4507 3.03099
4507 3.03099
4600 3.03099
4700 3.03099
4800 3.03099
4900 3.03099
5000 3.03099
5000 3.03099
5100 3.03099
5200 3.03099
5300 3.03099
5400 3.03099
5500 3.03099
5600 3.03099
5700 3.03099
5800 3.03099
5900 3.03099
6000 3.03099
6000 3.03099
6100 3.03099
6144 3.03099
6144 3.03099
6146 3.02246
6146 3.02246
6146 3.02246
6146 3.02246
6200 3.02701
6300 3.03524
6400 3.04322
6500 3.05096
6600 3.05847
6700 3.06575
6800 3.07281
6900 3.07966
7000 3.0863
7000 3.0863
7100 3.09274
7200 3.09899
7300 3.10505
7400 3.11092
7500 3.11662
7600 3.12215
7700 3.12751
7800 3.13271
7900 3.13775
8000 3.14264
8000 3.14264
8100 3.14739
8186 3.15137
8186 3.15137
8192 3.14624
8192 3.14624
8194 3.13662
8194 3.13662
8194 3.13662
8194 3.13662
8200 3.13691
8300 3.14183
8400 3.14659
8500 3.15122
8600 3.1557
8700 3.16005
8800 3.16427
8900 3.16836
9000 3.17233
9000 3.17233
9100 3.17618
9200 3.17991
9300 3.18353
9400 3.18704
9500 3.19044
9600 3.19375
9700 3.19695
9800 3.20005
9900 3.20307
10000 3.20599
10000 3.20599
10082 3.20834
10082 3.20834
10082 3.20834
10082 3.20834
10082 3.20834
10086 3.16629
10086 3.16629
10087 3.16614
10087 3.16614
10088 3.16173
10088 3.16173
10088 3.16173
10088 3.16173
10100 3.16223
10200 3.16639
10234 3.16779
10234 3.16779
10240 3.1626
10240 3.1626
10242 3.15362
10242 3.15362
10242 3.15362
10242 3.15362
10300 3.15619
10400 3.16053
10500 3.16473
10600 3.16881
10700 3.17276
10800 3.1766
10900 3.18032
11000 3.18393
11000 3.18393
11100 3.18743
11200 3.19082
11300 3.19411
11400 3.1973
11500 3.2004
11600 3.2034
11700 3.20631
11800 3.20913
11900 3.21187
12000 3.21453
12000 3.21453
12100 3.2171
12200 3.2196
12282 3.22161
12282 3.22161
12288 3.21624
12288 3.21624
12290 3.20581
12290 3.20581
12290 3.20581
12290 3.20581
12300 3.20609
12400 3.20892
12500 3.21167
12600 3.21433
12700 3.21691
12800 3.21942
12900 3.22184
13000 3.2242
13000 3.2242
13100 3.22648
13200 3.2287
13300 3.23085
13400 3.23293
13500 3.23495
13600 3.23692
13700 3.23882
13800 3.24066
13900 3.24245
14000 3.24418
14000 3.24418
14100 3.24587
14200 3.2475
14300 3.24908
14330 3.24955
14330 3.24955
14336 3.24409
14336 3.24409
14400 3.24517
14500 3.24683
14600 3.24843
14700 3.24998
14800 3.25149
14900 3.25295
15000 3.25437
15000 3.25437
15100 3.25574
15200 3.25708
15300 3.25837
15400 3.25963
15500 3.26084
15600 3.26202
15700 3.26317
15800 3.26428
15900 3.26535
16000 3.2664
16000 3.2664
16100 3.26741
16200 3.26839
16300 3.26934
16378 3.27007
16378 3.27007
16384 3.26454
16384 3.26454
16386 3.25447
16386 3.25447
16386 3.25447
16386 3.25447
16400 3.25466
16500 3.25603
16600 3.25735
16700 3.25864
16800 3.25988
16900 3.26109
17000 3.26226
17000 3.26226
17100 3.2634
17200 3.2645
17300 3.26557
17400 3.26661
17500 3.26762
17600 3.26859
17700 3.26954
17800 3.27046
17900 3.27135
18000 3.27221
18000 3.27221
18100 3.27305
18200 3.27386
18300 3.27465
18400 3.27541
18426 3.27561
18426 3.27561
18432 3.27006
18432 3.27006
18434 3.2607
18434 3.2607
18434 3.2607
18434 3.2607
18500 3.26149
18600 3.26265
18700 3.26377
18800 3.26486
18900 3.26592
19000 3.26695
19000 3.26695
19100 3.26794
19200 3.26891
19300 3.26985
19400 3.27076
19500 3.27164
19600 3.27249
19700 3.27332
19800 3.27412
19900 3.2749
20000 3.27566
20000 3.27566
20082 3.27627
20082 3.27627
20082 3.27627
20082 3.27627
20082 3.27627
20086 3.23324
20086 3.23324
20087 3.23309
20087 3.23309
20088 3.22856
20088 3.22856
20088 3.22856
20088 3.22856
20100 3.22882
20200 3.23096
20300 3.23304
20400 3.23506
20474 3.23652
20474 3.23652
20480 3.23111
20480 3.23111
20482 3.22062
20482 3.22062
20482 3.22062
20482 3.22062
20500 3.22105
20600 3.22343
20700 3.22574
20800 3.22798
20900 3.23015
21000 3.23225
21000 3.23225
21100 3.23429
21200 3.23627
21300 3.23819
21400 3.24006
21500 3.24186
21600 3.24362
21700 3.24531
21800 3.24696
21900 3.24856
22000 3.25011
22000 3.25011
22100 3.25161
22200 3.25307
22300 3.25449
22400 3.25586
22500 3.25719
22522 3.25748
22522 3.25748
22528 3.25199
22528 3.25199
22600 3.25304
22700 3.25445
22800 3.25583
22900 3.25716
23000 3.25845
23000 3.25845
23100 3.2597
23200 3.26091
23300 3.26209
23400 3.26323
23500 3.26434
23600 3.26542
23700 3.26646
23800 3.26747
23900 3.26845
24000 3.2694
24000 3.2694
24100 3.27032
24200 3.27122
24300 3.27208
24400 3.27292
24500 3.27374
24570 3.2743
24570 3.2743
24576 3.26875
24576 3.26875
24578 3.25867
24578 3.25867
24578 3.25867
24578 3.25867
24600 3.25894
24700 3.26018
24800 3.26138
24900 3.26254
25000 3.26367
25000 3.26367
25100 3.26477
25200 3.26583
25300 3.26686
25400 3.26786
25500 3.26883
25600 3.26976
25700 3.27068
25800 3.27156
25900 3.27242
26000 3.27325
26000 3.27325
26100 3.27405
26200 3.27483
26300 3.27559
26400 3.27633
26500 3.27704
26600 3.27773
26618 3.27786
26618 3.27786
26624 3.2723
26624 3.2723
26626 3.26293
26626 3.26293
26626 3.26293
26626 3.26293
26700 3.26376
26800 3.26486
26900 3.26591
27000 3.26694
27000 3.26694
27100 3.26794
27200 3.2689
27300 3.26984
27400 3.27075
27500 3.27163
27600 3.27249
27700 3.27331
27800 3.27412
27900 3.2749
28000 3.27565
28000 3.27565
28100 3.27639
28200 3.2771
28300 3.27779
28400 3.27846
28500 3.27911
28600 3.27974
28666 3.28014
28666 3.28014
28672 3.27458
28672 3.27458
28674 3.26447
28674 3.26447
28674 3.26447
28674 3.26447
28700 3.26475
28800 3.26581
28900 3.26684
29000 3.26784
29000 3.26784
29100 3.26881
29200 3.26975
29300 3.27066
29400 3.27154
29500 3.2724
29600 3.27323
29700 3.27404
29800 3.27482
29900 3.27558
30000 3.27632
30000 3.27632
30082 3.27691
30082 3.27691
30082 3.27691
30082 3.27691
30082 3.27691
30086 3.23387
30086 3.23387
30087 3.23372
30087 3.23372
30088 3.22919
30088 3.22919
30088 3.22919
30088 3.22919
30100 3.22945
30200 3.23157
30300 3.23363
30400 3.23563
30500 3.23757
30600 3.23946
30700 3.24128
30714 3.24154
30714 3.24154
30720 3.2361
30720 3.2361
30722 3.22687
30722 3.22687
30722 3.22687
30722 3.22687
30800 3.22859
30900 3.23074
31000 3.23283
31000 3.23283
31100 3.23485
31200 3.23682
31300 3.23872
31400 3.24057
31500 3.24236
31600 3.2441
31700 3.24578
31800 3.24741
31900 3.249
32000 3.25054
32000 3.25054
32100 3.25203
32200 3.25347
32300 3.25487
32400 3.25623
32500 3.25755
32600 3.25883
32700 3.26007
32762 3.26083
32762 3.26083
32768 3.25533
32768 3.25533
32770 3.24475
32770 3.24475
32770 3.24475
32770 3.24475
32800 3.24525
32900 3.2469
33000 3.2485
33000 3.2485
33100 3.25005
33200 3.25155
33300 3.25301
33400 3.25443
33500 3.2558
33600 3.25714
33700 3.25843
33800 3.25968
33900 3.26089
34000 3.26207
34000 3.26207
34100 3.26322
34200 3.26432
34300 3.2654
34400 3.26644
34500 3.26745
34600 3.26843
34700 3.26938
34800 3.27031
34810 3.2704
34810 3.2704
34816 3.26487
34816 3.26487
34900 3.26576
35000 3.26679
35000 3.26679
35100 3.26779
35200 3.26876
35300 3.2697
35400 3.27062
35500 3.2715
35600 3.27236
35700 3.27319
35800 3.274
35900 3.27478
36000 3.27554
36000 3.27554
36100 3.27628
36200 3.27699
36300 3.27769
36400 3.27836
36500 3.27901
36600 3.27964
36700 3.28026
36800 3.28085
36858 3.28119
36858 3.28119
36864 3.27562
36864 3.27562
36866 3.26551
36866 3.26551
36866 3.26551
36866 3.26551
36900 3.26586
37000 3.26689
37000 3.26689
37100 3.26789
37200 3.26886
37300 3.2698
37400 3.27071
37500 3.27159
37600 3.27245
37700 3.27328
37800 3.27408
37900 3.27486
38000 3.27562
38000 3.27562
38100 3.27635
38200 3.27707
38300 3.27776
38400 3.27843
38500 3.27908
38600 3.27971
38700 3.28032
38800 3.28091
38900 3.28149
38906 3.28152
38906 3.28152
38912 3.27595
38912 3.27595
38914 3.26657
38914 3.26657
38914 3.26657
38914 3.26657
39000 3.26744
39000 3.26744
39100 3.26842
39200 3.26937
39300 3.2703
39400 3.27119
39500 3.27206
39600 3.2729
39700 3.27372
39800 3.27451
39900 3.27528
40000 3.27602
40000 3.27602
40082 3.27662
40082 3.27662
40082 3.27662
40082 3.27662
40082 3.27662
40086 3.23359
40086 3.23359
40087 3.23343
40087 3.23343
40088 3.22891
40088 3.22891
40088 3.22891
40088 3.22891
40100 3.22916
40200 3.2313
40300 3.23337
40400 3.23538
40500 3.23733
40600 3.23921
40700 3.24105
40800 3.24282
40900 3.24455
40954 3.24546
40954 3.24546
40960 3.24001
40960 3.24001
40962 3.22949
40962 3.22949
40962 3.22949
40962 3.22949
41000 3.2303
41000 3.2303
41100 3.2324
41200 3.23444
41300 3.23642
41400 3.23833
41500 3.24019
41600 3.24199
41700 3.24374
41800 3.24544
41900 3.24708
42000 3.24868
42000 3.24868
42100 3.25022
42200 3.25172
42300 3.25318
42400 3.25459
42500 3.25596
42600 3.25728
42700 3.25857
42800 3.25982
42900 3.26103
43000 3.2622
43000 3.2622
43002 3.26223
43002 3.26223
43008 3.25673
43008 3.25673
43100 3.25793
43200 3.2592
43300 3.26043
43400 3.26162
43500 3.26277
43600 3.2639
43700 3.26498
43800 3.26604
43900 3.26706
