0 3.03099
0 3.03099
0 3.03099
2 3.03099
2 3.03099
100 3.03099
200 3.03099
300 3.03099
400 3.03099
500 3.03099
600 3.03099
700 3.03099
800 3.03099
900 3.03099
1000 3.03099
1000 3.03099
1100 3.03099
1200 3.03099
1300 3.03099
1400 3.03099
1500 3.03099
1600 3.03099
1700 3.03099
1800 3.03099
1900 3.03099
2000 3.03099
2000 3.03099
2048 3.03099
2048 3.03099
2050 3.03099
2050 3.03099
2100 3.03099
2200 3.03099
2300 3.03099
2400 3.03099
2500 3.03099
2600 3.03099
2700 3.03099
2800 3.03099
2900 3.03099
3000 3.03099
3000 3.03099
3100 3.03099
3200 3.03099
3300 3.03099
3400 3.03099
3500 3.03099
3600 3.03099
3700 3.03099
3800 3.03099
3900 3.03099
4000 3.03099
4000 3.03099
4096 3.03099
4096 3.03099
4098 3.03099
4098 3.03099
4100 3.03099
4200 3.03099
4300 3.03099
4400 3.03099
4500 3.03099
4502 3.03099
4502 3.03099
4504 3.03099
4504 3.03099
4504 3.03099
4504 3.03099
4505 3.03099
4505 3.03099
4505 3.03099
4505 3.03099
4506 3.03099
4506 3.03099
4506 3.03099
4506 3.03099
4507 3.03099
4507 3.03099
4600 3.03099
4700 3.03099
4800 3.03099
4900 3.03099
5000 3.03099
5000 3.03099
5100 3.03099
5200 3.03099
5300 3.03099
5400 3.03099
5500 3.03099
5600 3.03099
5700 3.03099
5800 3.03099
5900 3.03099
6000 3.03099
6000 3.03099
6100 3.03099
6144 3.03099
6144 3.03099
6146 2.97947
6146 2.97947
6146 2.97947
6146 2.97947
6200 2.98732
6300 3.00134
6400 3.01474
6500 3.02754
6600 3.03977
6700 3.05144
6800 3.06259
6900 3.07324
7000 3.08342
7000 3.08342
7100 3.09313
7200 3.10241
7300 3.11128
7400 3.11974
7500 3.12783
7600 3.13555
7700 3.14293
7800 3.14998
7900 3.15671
8000 3.16313
8000 3.16313
8100 3.16927
8186 3.17436
8186 3.17436
8192 3.14231
8192 3.14231
8194 3.08464
8194 3.08464
8194 3.08464
8194 3.08464
8200 3.08521
8300 3.09484
8400 3.10405
8500 3.11284
8600 3.12124
8700 3.12925
8800 3.13691
8900 3.14423
9000 3.15122
9000 3.15122
9100 3.15789
9200 3.16427
9300 3.17035
9400 3.17617
9500 3.18172
9600 3.18703
9700 3.19209
9800 3.19693
9900 3.20156
10000 3.20597
10000 3.20597
10082 3.20947
10082 3.20947
10082 3.20947
10082 3.20947
10082 3.20947
10086 2.96482
10086 2.96482
10087 2.96397
10087 2.96397
10088 2.9392
10088 2.9392
10088 2.9392
10088 2.9392
10100 2.94117
10200 2.95727
10234 2.96264
10234 2.96264
10240 2.93329
10240 2.93329
10242 2.88354
10242 2.88354
10242 2.88354
10242 2.88354
10300 2.89447
10400 2.91267
10500 2.93005
10600 2.94665
10700 2.9625
10800 2.97764
10900 2.99211
11000 3.00592
11000 3.00592
11100 3.01911
11200 3.03172
11300 3.04375
11400 3.05525
11500 3.06623
11600 3.07672
11700 3.08674
11800 3.0963
11900 3.10544
12000 3.11417
12000 3.11417
12100 3.12251
12200 3.13047
12282 3.13676
12282 3.13676
12288 3.10519
12288 3.10519
12290 3.04517
12290 3.04517
12290 3.04517
12290 3.04517
12300 3.0463
12400 3.05768
12500 3.06855
12600 3.07893
12700 3.08885
12800 3.09832
12900 3.10737
13000 3.11601
13000 3.11601
13100 3.12427
13200 3.13215
13300 3.13968
13400 3.14687
13500 3.15374
13600 3.1603
13700 3.16657
13800 3.17255
13900 3.17827
14000 3.18373
14000 3.18373
14100 3.18894
14200 3.19392
14300 3.19868
14330 3.20009
14330 3.20009
14336 3.16771
14336 3.16771
14400 3.17154
14500 3.1773
14600 3.18281
14700 3.18806
14800 3.19308
14900 3.19788
15000 3.20246
15000 3.20246
15100 3.20683
15200 3.21101
15300 3.215
15400 3.21881
15500 3.22245
15600 3.22593
15700 3.22925
15800 3.23242
15900 3.23545
16000 3.23835
16000 3.23835
16100 3.24111
16200 3.24375
16300 3.24627
16378 3.24817
16378 3.24817
16384 3.21518
16384 3.21518
16386 3.15609
16386 3.15609
16386 3.15609
16386 3.15609
16400 3.157
16500 3.16342
16600 3.16954
16700 3.17539
16800 3.18098
16900 3.18632
17000 3.19142
17000 3.19142
17100 3.19629
17200 3.20094
17300 3.20538
17400 3.20963
17500 3.21368
17600 3.21755
17700 3.22125
17800 3.22478
17900 3.22815
18000 3.23137
18000 3.23137
18100 3.23445
18200 3.23739
18300 3.2402
18400 3.24288
18426 3.24356
18426 3.24356
18432 3.21064
18432 3.21064
18434 3.15589
18434 3.15589
18434 3.15589
18434 3.15589
18500 3.16018
18600 3.16646
18700 3.17245
18800 3.17817
18900 3.18363
19000 3.18885
19000 3.18885
19100 3.19384
19200 3.1986
19300 3.20315
19400 3.20749
19500 3.21164
19600 3.2156
19700 3.21938
19800 3.223
19900 3.22645
20000 3.22975
20000 3.22975
20082 3.23236
20082 3.23236
20082 3.23236
20082 3.23236
20082 3.23236
20086 2.98592
20086 2.98592
20087 2.98507
20087 2.98507
20088 2.96011
20088 2.96011
20088 2.96011
20088 2.96011
20100 2.96196
20200 2.97713
20300 2.99161
20400 3.00545
20474 3.01534
20474 3.01534
20480 2.98532
20480 2.98532
20482 2.92775
20482 2.92775
20482 2.92775
20482 2.92775
20500 2.93075
20600 2.94732
20700 2.96315
20800 2.97826
20900 2.9927
21000 3.00648
21000 3.00648
21100 3.01965
21200 3.03223
21300 3.04424
21400 3.05572
21500 3.06668
21600 3.07715
21700 3.08714
21800 3.09669
21900 3.10581
22000 3.11453
22000 3.11453
22100 3.12285
22200 3.13079
22300 3.13838
22400 3.14563
22500 3.15256
22522 3.15407
22522 3.15407
22528 3.12228
22528 3.12228
22600 3.12806
22700 3.13577
22800 3.14314
22900 3.15017
23000 3.15689
23000 3.15689
23100 3.16331
23200 3.16944
23300 3.1753
23400 3.18089
23500 3.18624
23600 3.19134
23700 3.19621
23800 3.20087
23900 3.20531
24000 3.20956
24000 3.20956
24100 3.21361
24200 3.21749
24300 3.22119
24400 3.22472
24500 3.2281
24570 3.23038
24570 3.23038
24576 3.19762
24576 3.19762
24578 3.13887
24578 3.13887
24578 3.13887
24578 3.13887
24600 3.14048
24700 3.14763
24800 3.15447
24900 3.161
25000 3.16723
25000 3.16723
25100 3.17319
25200 3.17888
25300 3.18431
25400 3.1895
25500 3.19445
25600 3.19919
25700 3.20371
25800 3.20803
25900 3.21215
26000 3.21609
26000 3.21609
26100 3.21985
26200 3.22345
26300 3.22688
26400 3.23016
26500 3.23329
26600 3.23628
26618 3.23682
26618 3.23682
26624 3.20397
26624 3.20397
26626 3.14935
26626 3.14935
26626 3.14935
26626 3.14935
26700 3.15437
26800 3.16091
26900 3.16714
27000 3.1731
27000 3.1731
27100 3.1788
27200 3.18423
27300 3.18942
27400 3.19438
27500 3.19912
27600 3.20364
27700 3.20797
27800 3.21209
27900 3.21603
28000 3.2198
28000 3.2198
28100 3.2234
28200 3.22683
28300 3.23011
28400 3.23325
28500 3.23624
28600 3.2391
28666 3.24092
28666 3.24092
28672 3.20803
28672 3.20803
28674 3.14908
28674 3.14908
28674 3.14908
28674 3.14908
28700 3.15086
28800 3.15755
28900 3.16394
29000 3.17004
29000 3.17004
29100 3.17587
29200 3.18144
29300 3.18675
29400 3.19183
29500 3.19668
29600 3.20132
29700 3.20574
29800 3.20997
29900 3.21401
30000 3.21786
30000 3.21786
30082 3.22092
30082 3.22092
30082 3.22092
30082 3.22092
30082 3.22092
30086 2.97537
30086 2.97537
30087 2.97452
30087 2.97452
30088 2.94965
30088 2.94965
30088 2.94965
30088 2.94965
30100 2.95157
30200 2.9672
30300 2.98213
30400 2.99639
30500 3.01002
30600 3.02303
30700 3.03545
30714 3.0372
30714 3.0372
30720 3.0069
30720 3.0069
30722 2.95582
30722 2.95582
30722 2.95582
30722 2.95582
30800 2.96792
30900 2.98282
31000 2.99705
31000 2.99705
31100 3.01064
31200 3.02362
31300 3.03602
31400 3.04787
31500 3.05918
31600 3.06998
31700 3.0803
31800 3.09016
31900 3.09957
32000 3.10857
32000 3.10857
32100 3.11715
32200 3.12536
32300 3.13319
32400 3.14067
32500 3.14782
32600 3.15465
32700 3.16117
32762 3.16509
32762 3.16509
32768 3.13316
32768 3.13316
32770 3.07256
32770 3.07256
32770 3.07256
32770 3.07256
32800 3.07564
32900 3.0857
33000 3.09532
33000 3.09532
33100 3.1045
33200 3.11327
33300 3.12165
33400 3.12965
33500 3.13729
33600 3.14459
33700 3.15156
33800 3.15822
33900 3.16458
34000 3.17065
34000 3.17065
34100 3.17645
34200 3.18199
34300 3.18729
34400 3.19234
34500 3.19717
34600 3.20178
34700 3.20619
34800 3.21039
34810 3.21082
34810 3.21082
34816 3.17831
34816 3.17831
34900 3.18291
35000 3.18816
35000 3.18816
35100 3.19318
35200 3.19797
35300 3.20255
35400 3.20692
35500 3.21109
35600 3.21508
35700 3.21889
35800 3.22252
35900 3.226
36000 3.22932
36000 3.22932
36100 3.23248
36200 3.23551
36300 3.2384
36400 3.24116
36500 3.2438
36600 3.24632
36700 3.24873
36800 3.25102
36858 3.25232
36858 3.25232
36864 3.21928
36864 3.21928
36866 3.16011
36866 3.16011
36866 3.16011
36866 3.16011
36900 3.16226
37000 3.16844
37000 3.16844
37100 3.17434
37200 3.17998
37300 3.18536
37400 3.1905
37500 3.19542
37600 3.20011
37700 3.20459
37800 3.20886
37900 3.21295
38000 3.21685
38000 3.21685
38100 3.22058
38200 3.22414
38300 3.22755
38400 3.23079
38500 3.2339
38600 3.23686
38700 3.23969
38800 3.24239
38900 3.24498
38906 3.24514
38906 3.24514
38912 3.21219
38912 3.21219
38914 3.15741
38914 3.15741
38914 3.15741
38914 3.15741
39000 3.16293
39000 3.16293
39100 3.16908
39200 3.17495
39300 3.18056
39400 3.18592
39500 3.19103
39600 3.19592
39700 3.20059
39800 3.20505
39900 3.2093
40000 3.21337
40000 3.21337
40082 3.2166
40082 3.2166
40082 3.2166
40082 3.2166
40082 3.2166
40086 2.97139
40086 2.97139
40087 2.97054
40087 2.97054
40088 2.9457
40088 2.9457
40088 2.9457
40088 2.9457
40100 2.94764
40200 2.96345
40300 2.97855
40400 2.99297
40500 3.00675
40600 3.0199
40700 3.03247
40800 3.04447
40900 3.05594
40954 3.06196
40954 3.06196
40960 3.03134
40960 3.03134
40962 2.97283
40962 2.97283
40962 2.97283
40962 2.97283
41000 2.97844
41000 2.97844
41100 2.99286
41200 3.00664
41300 3.01981
41400 3.03238
41500 3.04438
41600 3.05585
41700 3.06681
41800 3.07727
41900 3.08726
42000 3.0968
42000 3.0968
42100 3.10592
42200 3.11463
42300 3.12294
42400 3.13089
42500 3.13847
42600 3.14572
42700 3.15264
42800 3.15925
42900 3.16556
43000 3.17159
43000 3.17159
43002 3.17173
43002 3.17173
43008 3.13972
43008 3.13972
43100 3.14635
43200 3.15324
43300 3.15982
43400 3.16611
43500 3.17212
43600 3.17785
43700 3.18333
43800 3.18856
43900 3.19356
