0 3.03099
0 3.03099
0 3.03099
2 3.03099
2 3.03099
100 3.03099
200 3.03099
300 3.03099
400 3.03099
500 3.03099
600 3.03099
700 3.03099
800 3.03099
900 3.03099
1000 3.03099
1000 3.03099
1100 3.03099
1200 3.03099
1300 3.03099
1400 3.03099
1500 3.03099
1600 3.03099
1700 3.03099
1800 3.03099
1900 3.03099
2000 3.03099
2000 3.03099
2048 3.03099
2048 3.03099
2050 3.03099
2050 3.03099
2100 3.03099
2200 3.03099
2300 3.03099
2400 3.03099
2500 3.03099
2600 3.03099
2700 3.03099
2800 3.03099
2900 3.03099
3000 3.03099
3000 3.03099
3100 3.03099
3200 3.03099
3300 3.03099
3400 3.03099
3500 3.03099
3600 3.03099
3700 3.03099
3800 3.03099
3900 3.03099
4000 3.03099
4000 3.03099
4096 3.03099
4096 3.03099
4098 3.03099
4098 3.03099
4100 3.03099
4200 3.03099
4300 3.03099
4400 3.03099
4500 3.03099
4502 3.03099
4502 3.03099
4504 3.03099
4504 3.03099
4504 3.03099
4504 3.03099
4505 3.03099
4505 3.03099
4505 3.03099
4505 3.03099
4506 3.03099
4506 3.03099
4506 3.03099
4506 3.03099
4507 3.03099
4507 3.03099
4600 3.03099
4700 3.03099
4800 3.03099
4900 3.03099
5000 3.03099
5000 3.03099
5100 3.03099
5200 3.03099
5300 3.03099
5400 3.03099
5500 3.03099
5600 3.03099
5700 3.03099
5800 3.03099
5900 3.03099
6000 3.03099
6000 3.03099
6100 3.03099
6144 3.03099
6144 3.03099
6146 3.01366
6146 3.01366
6146 3.01366
6146 3.01366
6200 3.0146
6300 3.01634
6400 3.01807
6500 3.01979
6600 3.0215
6700 3.0232
6800 3.02489
6900 3.02657
7000 3.02824
7000 3.02824
7100 3.02989
7200 3.03154
7300 3.03318
7400 3.03481
7500 3.03642
7600 3.03803
7700 3.03963
7800 3.04122
7900 3.0428
8000 3.04437
8000 3.04437
8100 3.04593
8186 3.04726
8186 3.04726
8192 3.03695
8192 3.03695
8194 3.01823
8194 3.01823
8194 3.01823
8194 3.01823
8200 3.01833
8300 3.02005
8400 3.02175
8500 3.02345
8600 3.02514
8700 3.02681
8800 3.02848
8900 3.03014
9000 3.03178
9000 3.03178
9100 3.03342
9200 3.03505
9300 3.03666
9400 3.03827
9500 3.03986
9600 3.04145
9700 3.04303
9800 3.0446
9900 3.04615
10000 3.0477
10000 3.0477
10082 3.04897
10082 3.04897
10082 3.04897
10082 3.04897
10082 3.04897
10086 2.96939
10086 2.96939
10087 2.9691
10087 2.9691
10088 2.96077
10088 2.96077
10088 2.96077
10088 2.96077
10100 2.96102
10200 2.96308
10234 2.96379
10234 2.96379
10240 2.95379
10240 2.95379
10242 2.93691
10242 2.93691
10242 2.93691
10242 2.93691
10300 2.9382
10400 2.94041
10500 2.9426
10600 2.94478
10700 2.94695
10800 2.9491
10900 2.95124
11000 2.95337
11000 2.95337
11100 2.95548
11200 2.95759
11300 2.95967
11400 2.96175
11500 2.96381
11600 2.96587
11700 2.9679
11800 2.96993
11900 2.97194
12000 2.97394
12000 2.97394
12100 2.97593
12200 2.97791
12282 2.97953
12282 2.97953
12288 2.96947
12288 2.96947
12290 2.95018
12290 2.95018
12290 2.95018
12290 2.95018
12300 2.95039
12400 2.95252
12500 2.95464
12600 2.95675
12700 2.95884
12800 2.96092
12900 2.96299
13000 2.96505
13000 2.96505
13100 2.96709
13200 2.96912
13300 2.97114
13400 2.97314
13500 2.97514
13600 2.97712
13700 2.97909
13800 2.98105
13900 2.98299
14000 2.98493
14000 2.98493
14100 2.98685
14200 2.98876
14300 2.99066
14330 2.99123
14330 2.99123
14336 2.98113
14336 2.98113
14400 2.98237
14500 2.98431
14600 2.98624
14700 2.98815
14800 2.99005
14900 2.99194
15000 2.99382
15000 2.99382
15100 2.99569
15200 2.99755
15300 2.99939
15400 3.00123
15500 3.00305
15600 3.00486
15700 3.00666
15800 3.00845
15900 3.01023
16000 3.01199
16000 3.01199
16100 3.01375
16200 3.0155
16300 3.01723
16378 3.01859
16378 3.01859
16384 3.00838
16384 3.00838
16386 2.98984
16386 2.98984
16386 2.98984
16386 2.98984
16400 2.9901
16500 2.99199
16600 2.99387
16700 2.99574
16800 2.99759
16900 2.99944
17000 3.00127
17000 3.00127
17100 3.00309
17200 3.0049
17300 3.0067
17400 3.00849
17500 3.01027
17600 3.01204
17700 3.0138
17800 3.01554
17900 3.01728
18000 3.019
18000 3.019
18100 3.02071
18200 3.02242
18300 3.02411
18400 3.02579
18426 3.02624
18426 3.02624
18432 3.016
18432 3.016
18434 2.99876
18434 2.99876
18434 2.99876
18434 2.99876
18500 2.99997
18600 3.0018
18700 3.00362
18800 3.00543
18900 3.00723
19000 3.00901
19000 3.00901
19100 3.01079
19200 3.01255
19300 3.01431
19400 3.01605
19500 3.01778
19600 3.0195
19700 3.02121
19800 3.02291
19900 3.0246
20000 3.02628
20000 3.02628
20082 3.02766
20082 3.02766
20082 3.02766
20082 3.02766
20082 3.02766
20086 2.94864
20086 2.94864
20087 2.94835
20087 2.94835
20088 2.94008
20088 2.94008
20088 2.94008
20088 2.94008
20100 2.94034
20200 2.94254
20300 2.94472
20400 2.94689
20474 2.94849
20474 2.94849
20480 2.93854
20480 2.93854
20482 2.91946
20482 2.91946
20482 2.91946
20482 2.91946
20500 2.91987
20600 2.92219
20700 2.9245
20800 2.92679
20900 2.92907
21000 2.93133
21000 2.93133
21100 2.93358
21200 2.93581
21300 2.93803
21400 2.94024
21500 2.94244
21600 2.94462
21700 2.94679
21800 2.94894
21900 2.95108
22000 2.95321
22000 2.95321
22100 2.95533
22200 2.95743
22300 2.95952
22400 2.9616
22500 2.96366
22522 2.96412
22522 2.96412
22528 2.95412
22528 2.95412
22600 2.95564
22700 2.95774
22800 2.95983
22900 2.9619
23000 2.96396
23000 2.96396
23100 2.96601
23200 2.96805
23300 2.97008
23400 2.97209
23500 2.97409
23600 2.97608
23700 2.97805
23800 2.98002
23900 2.98197
24000 2.98391
24000 2.98391
24100 2.98584
24200 2.98776
24300 2.98966
24400 2.99155
24500 2.99343
24570 2.99475
24570 2.99475
24576 2.98463
24576 2.98463
24578 2.96624
24578 2.96624
24578 2.96624
24578 2.96624
24600 2.96669
24700 2.96872
24800 2.97074
24900 2.97275
25000 2.97475
25000 2.97475
25100 2.97673
25200 2.9787
25300 2.98066
25400 2.98261
25500 2.98455
25600 2.98647
25700 2.98838
25800 2.99029
25900 2.99217
26000 2.99405
26000 2.99405
26100 2.99592
26200 2.99777
26300 2.99962
26400 3.00145
26500 3.00327
26600 3.00508
26618 3.00541
26618 3.00541
26624 2.99525
26624 2.99525
26626 2.97814
26626 2.97814
26626 2.97814
26626 2.97814
26700 2.97959
26800 2.98154
26900 2.98349
27000 2.98542
27000 2.98542
27100 2.98734
27200 2.98924
27300 2.99114
27400 2.99302
27500 2.9949
27600 2.99676
27700 2.99861
27800 3.00044
27900 3.00227
28000 3.00409
28000 3.00409
28100 3.00589
28200 3.00769
28300 3.00947
28400 3.01124
28500 3.013
28600 3.01475
28666 3.01591
28666 3.01591
28672 3.00571
28672 3.00571
28674 2.98719
28674 2.98719
28674 2.98719
28674 2.98719
28700 2.98768
28800 2.98959
28900 2.99148
29000 2.99336
29000 2.99336
29100 2.99523
29200 2.99709
29300 2.99894
29400 3.00078
29500 3.0026
29600 3.00442
29700 3.00622
29800 3.00801
29900 3.00979
30000 3.01156
30000 3.01156
30082 3.01302
30082 3.01302
30082 3.01302
30082 3.01302
30082 3.01302
30086 2.93438
30086 2.93438
30087 2.93409
30087 2.93409
30088 2.92587
30088 2.92587
30088 2.92587
30088 2.92587
30100 2.92614
30200 2.92842
30300 2.93069
30400 2.93294
30500 2.93518
30600 2.9374
30700 2.93962
30714 2.93993
30714 2.93993
30720 2.93002
30720 2.93002
30722 2.91328
30722 2.91328
30722 2.91328
30722 2.91328
30800 2.91512
30900 2.91747
31000 2.91981
31000 2.91981
31100 2.92213
31200 2.92443
31300 2.92672
31400 2.929
31500 2.93126
31600 2.93351
31700 2.93575
31800 2.93797
31900 2.94018
32000 2.94237
32000 2.94237
32100 2.94456
32200 2.94672
32300 2.94888
32400 2.95102
32500 2.95315
32600 2.95527
32700 2.95737
32762 2.95868
32762 2.95868
32768 2.94869
32768 2.94869
32770 2.92954
32770 2.92954
32770 2.92954
32770 2.92954
32800 2.93021
32900 2.93247
33000 2.93471
33000 2.93471
33100 2.93694
33200 2.93915
33300 2.94136
33400 2.94354
33500 2.94572
33600 2.94788
33700 2.95003
33800 2.95216
33900 2.95429
34000 2.95639
34000 2.95639
34100 2.95849
34200 2.96057
34300 2.96264
34400 2.9647
34500 2.96675
34600 2.96878
34700 2.9708
34800 2.97281
34810 2.97302
34810 2.97302
34816 2.96298
34816 2.96298
34900 2.96471
35000 2.96675
35000 2.96675
35100 2.96879
35200 2.97081
35300 2.97281
35400 2.97481
35500 2.97679
35600 2.97877
35700 2.98073
35800 2.98267
35900 2.98461
36000 2.98653
36000 2.98653
36100 2.98845
36200 2.99035
36300 2.99223
36400 2.99411
36500 2.99598
36600 2.99783
36700 2.99968
36800 3.00151
36858 3.00257
36858 3.00257
36864 2.99242
36864 2.99242
36866 2.97398
36866 2.97398
36866 2.97398
36866 2.97398
36900 2.97466
37000 2.97664
37000 2.97664
37100 2.97862
37200 2.98058
37300 2.98252
37400 2.98446
37500 2.98639
37600 2.9883
37700 2.9902
37800 2.99209
37900 2.99397
38000 2.99584
38000 2.99584
38100 2.99769
38200 2.99954
38300 3.00137
38400 3.00319
38500 3.005
38600 3.0068
38700 3.00859
38800 3.01037
38900 3.01213
38906 3.01225
38906 3.01225
38912 3.00206
38912 3.00206
38914 2.9849
38914 2.9849
38914 2.9849
38914 2.9849
39000 2.98656
39000 2.98656
39100 2.98847
39200 2.99037
39300 2.99226
39400 2.99413
39500 2.996
39600 2.99785
39700 2.9997
39800 3.00153
39900 3.00335
40000 3.00516
40000 3.00516
40082 3.00665
40082 3.00665
40082 3.00665
40082 3.00665
40082 3.00665
40086 2.92817
40086 2.92817
40087 2.92789
40087 2.92789
40088 2.91968
40088 2.91968
40088 2.91968
40088 2.91968
40100 2.91996
40200 2.92228
40300 2.92458
40400 2.92687
40500 2.92915
40600 2.93141
40700 2.93366
40800 2.93589
40900 2.93811
40954 2.93932
40954 2.93932
40960 2.92941
40960 2.92941
40962 2.91038
40962 2.91038
40962 2.91038
40962 2.91038
41000 2.91128
41000 2.91128
41100 2.91365
41200 2.91601
41300 2.91835
41400 2.92068
41500 2.923
41600 2.9253
41700 2.92758
41800 2.92985
41900 2.93211
42000 2.93436
42000 2.93436
42100 2.93659
42200 2.9388
42300 2.94101
42400 2.9432
42500 2.94537
42600 2.94754
42700 2.94969
42800 2.95182
42900 2.95395
43000 2.95606
43000 2.95606
43002 2.95611
43002 2.95611
43008 2.94614
43008 2.94614
43100 2.94812
43200 2.95027
43300 2.9524
43400 2.95452
43500 2.95663
43600 2.95873
43700 2.96081
43800 2.96288
43900 2.96493
