0 3.03099
0 3.03099
0 3.03099
2 3.03099
2 3.03099
100 3.03099
200 3.03099
300 3.03099
400 3.03099
500 3.03099
600 3.03099
700 3.03099
800 3.03099
900 3.03099
1000 3.03099
1000 3.03099
1100 3.03099
1200 3.03099
1300 3.03099
1400 3.03099
1500 3.03099
1600 3.03099
1700 3.03099
1800 3.03099
1900 3.03099
2000 3.03099
2000 3.03099
2048 3.03099
2048 3.03099
2050 3.03099
2050 3.03099
2100 3.03099
2200 3.03099
2300 3.03099
2400 3.03099
2500 3.03099
2600 3.03099
2700 3.03099
2800 3.03099
2900 3.03099
3000 3.03099
3000 3.03099
3100 3.03099
3200 3.03099
3300 3.03099
3400 3.03099
3500 3.03099
3600 3.03099
3700 3.03099
3800 3.03099
3900 3.03099
4000 3.03099
4000 3.03099
4096 3.03099
4096 3.03099
4098 3.03099
4098 3.03099
4100 3.03099
4200 3.03099
4300 3.03099
4400 3.03099
4500 3.03099
4502 3.03099
4502 3.03099
4504 3.03099
4504 3.03099
4504 3.03099
4504 3.03099
4505 3.03099
4505 3.03099
4505 3.03099
4505 3.03099
4506 3.03099
4506 3.03099
4506 3.03099
4506 3.03099
4507 3.03099
4507 3.03099
4600 3.03099
4700 3.03099
4800 3.03099
4900 3.03099
5000 3.03099
5000 3.03099
5100 3.03099
5200 3.03099
5300 3.03099
5400 3.03099
5500 3.03099
5600 3.03099
5700 3.03099
5800 3.03099
5900 3.03099
6000 3.03099
6000 3.03099
6100 3.03099
6144 3.03099
6144 3.03099
6146 3.02602
6146 3.02602
6146 3.02602
6146 3.02602
6200 3.03273
6300 3.04472
6400 3.05618
6500 3.06712
6600 3.07757
6700 3.08755
6800 3.09708
6900 3.10619
7000 3.11489
7000 3.11489
7100 3.12319
7200 3.13113
7300 3.1387
7400 3.14594
7500 3.15286
7600 3.15946
7700 3.16577
7800 3.17179
7900 3.17754
8000 3.18304
8000 3.18304
8100 3.18829
8186 3.19263
8186 3.19263
8192 3.18964
8192 3.18964
8194 3.18383
8194 3.18383
8194 3.18383
8194 3.18383
8200 3.18414
8300 3.18934
8400 3.1943
8500 3.19904
8600 3.20357
8700 3.2079
8800 3.21203
8900 3.21598
9000 3.21975
9000 3.21975
9100 3.22335
9200 3.22679
9300 3.23008
9400 3.23321
9500 3.23621
9600 3.23907
9700 3.24181
9800 3.24442
9900 3.24691
10000 3.24929
10000 3.24929
10082 3.25118
10082 3.25118
10082 3.25118
10082 3.25118
10082 3.25118
10086 3.22558
10086 3.22558
10087 3.22549
10087 3.22549
10088 3.2228
10088 3.2228
10088 3.2228
10088 3.2228
10100 3.22322
10200 3.22667
10234 3.22782
10234 3.22782
10240 3.2247
10240 3.2247
10242 3.21922
10242 3.21922
10242 3.21922
10242 3.21922
10300 3.22134
10400 3.22487
10500 3.22824
10600 3.23146
10700 3.23454
10800 3.23747
10900 3.24028
11000 3.24296
11000 3.24296
11100 3.24552
11200 3.24796
11300 3.2503
11400 3.25253
11500 3.25466
11600 3.25669
11700 3.25864
11800 3.26049
11900 3.26226
12000 3.26396
12000 3.26396
12100 3.26557
12200 3.26712
12282 3.26834
12282 3.26834
12288 3.26507
12288 3.26507
12290 3.25872
12290 3.25872
12290 3.25872
12290 3.25872
12300 3.2589
12400 3.26075
12500 3.26251
12600 3.26419
12700 3.2658
12800 3.26733
12900 3.2688
13000 3.2702
13000 3.2702
13100 3.27153
13200 3.27281
13300 3.27403
13400 3.2752
13500 3.27631
13600 3.27737
13700 3.27839
13800 3.27936
13900 3.28028
14000 3.28117
14000 3.28117
14100 3.28201
14200 3.28282
14300 3.28359
14330 3.28382
14330 3.28382
14336 3.2805
14336 3.2805
14400 3.28106
14500 3.28191
14600 3.28272
14700 3.2835
14800 3.28424
14900 3.28494
15000 3.28562
15000 3.28562
15100 3.28626
15200 3.28688
15300 3.28747
15400 3.28803
15500 3.28857
15600 3.28908
15700 3.28957
15800 3.29004
15900 3.29048
16000 3.29091
16000 3.29091
16100 3.29132
16200 3.29171
16300 3.29208
16378 3.29236
16378 3.29236
16384 3.28901
16384 3.28901
16386 3.28291
16386 3.28291
16386 3.28291
16386 3.28291
16400 3.28302
16500 3.28378
16600 3.28451
16700 3.28521
16800 3.28587
16900 3.2865
17000 3.28711
17000 3.28711
17100 3.28769
17200 3.28824
17300 3.28877
17400 3.28927
17500 3.28975
17600 3.29021
17700 3.29065
17800 3.29107
17900 3.29147
18000 3.29185
18000 3.29185
18100 3.29222
18200 3.29257
18300 3.2929
18400 3.29322
18426 3.2933
18426 3.2933
18432 3.28994
18432 3.28994
18434 3.28429
18434 3.28429
18434 3.28429
18434 3.28429
18500 3.28476
18600 3.28544
18700 3.2861
18800 3.28672
18900 3.28732
19000 3.28788
19000 3.28788
19100 3.28843
19200 3.28895
19300 3.28944
19400 3.28992
19500 3.29037
19600 3.2908
19700 3.29121
19800 3.29161
19900 3.29198
20000 3.29234
20000 3.29234
20082 3.29263
20082 3.29263
20082 3.29263
20082 3.29263
20082 3.29263
20086 3.26662
20086 3.26662
20087 3.26652
20087 3.26652
20088 3.26378
20088 3.26378
20088 3.26378
20088 3.26378
20100 3.26398
20200 3.2656
20300 3.26714
20400 3.26861
20474 3.26967
20474 3.26967
20480 3.2664
20480 3.2664
20482 3.26004
20482 3.26004
20482 3.26004
20482 3.26004
20500 3.26036
20600 3.26214
20700 3.26384
20800 3.26546
20900 3.26701
21000 3.26849
21000 3.26849
21100 3.26991
21200 3.27126
21300 3.27255
21400 3.27378
21500 3.27495
21600 3.27608
21700 3.27715
21800 3.27818
21900 3.27915
22000 3.28009
22000 3.28009
22100 3.28098
22200 3.28184
22300 3.28265
22400 3.28343
22500 3.28417
22522 3.28433
22522 3.28433
22528 3.28101
22528 3.28101
22600 3.28163
22700 3.28245
22800 3.28324
22900 3.28399
23000 3.28471
23000 3.28471
23100 3.2854
23200 3.28605
23300 3.28668
23400 3.28727
23500 3.28784
23600 3.28839
23700 3.28891
23800 3.28941
23900 3.28988
24000 3.29034
24000 3.29034
24100 3.29077
24200 3.29118
24300 3.29158
24400 3.29196
24500 3.29232
24570 3.29256
24570 3.29256
24576 3.28921
24576 3.28921
24578 3.28311
24578 3.28311
24578 3.28311
24578 3.28311
24600 3.28328
24700 3.28403
24800 3.28475
24900 3.28543
25000 3.28609
25000 3.28609
25100 3.28671
25200 3.28731
25300 3.28788
25400 3.28842
25500 3.28894
25600 3.28944
25700 3.28991
25800 3.29036
25900 3.29079
26000 3.29121
26000 3.29121
26100 3.2916
26200 3.29198
26300 3.29234
26400 3.29268
26500 3.29301
26600 3.29332
26618 3.29338
26618 3.29338
26624 3.29002
26624 3.29002
26626 3.28437
26626 3.28437
26626 3.28437
26626 3.28437
26700 3.28489
26800 3.28557
26900 3.28622
27000 3.28683
27000 3.28683
27100 3.28742
27200 3.28799
27300 3.28853
27400 3.28904
27500 3.28953
27600 3.29
27700 3.29045
27800 3.29088
27900 3.29129
28000 3.29168
28000 3.29168
28100 3.29205
28200 3.29241
28300 3.29275
28400 3.29307
28500 3.29338
28600 3.29368
28666 3.29387
28666 3.29387
28672 3.29051
28672 3.29051
28674 3.28442
28674 3.28442
28674 3.28442
28674 3.28442
28700 3.2846
28800 3.28529
28900 3.28595
29000 3.28658
29000 3.28658
29100 3.28718
29200 3.28776
29300 3.28831
29400 3.28883
29500 3.28933
29600 3.28981
29700 3.29027
29800 3.2907
29900 3.29112
30000 3.29152
30000 3.29152
30082 3.29183
30082 3.29183
30082 3.29183
30082 3.29183
30082 3.29183
30086 3.26583
30086 3.26583
30087 3.26574
30087 3.26574
30088 3.263
30088 3.263
30088 3.263
30088 3.263
30100 3.2632
30200 3.26485
30300 3.26643
30400 3.26793
30500 3.26937
30600 3.27075
30700 3.27206
30714 3.27224
30714 3.27224
30720 3.26896
30720 3.26896
30722 3.26337
30722 3.26337
30722 3.26337
30722 3.26337
30800 3.26465
30900 3.26624
31000 3.26775
31000 3.26775
31100 3.2692
31200 3.27058
31300 3.2719
31400 3.27316
31500 3.27437
31600 3.27552
31700 3.27662
31800 3.27766
31900 3.27867
32000 3.27962
32000 3.27962
32100 3.28054
32200 3.28141
32300 3.28224
32400 3.28304
32500 3.2838
32600 3.28453
32700 3.28522
32762 3.28564
32762 3.28564
32768 3.28231
32768 3.28231
32770 3.27591
32770 3.27591
32770 3.27591
32770 3.27591
32800 3.27623
32900 3.2773
33000 3.27832
33000 3.27832
33100 3.27929
33200 3.28022
33300 3.28111
33400 3.28195
33500 3.28276
33600 3.28354
33700 3.28428
33800 3.28498
33900 3.28565
34000 3.2863
34000 3.2863
34100 3.28691
34200 3.2875
34300 3.28806
34400 3.2886
34500 3.28911
34600 3.2896
34700 3.29006
34800 3.29051
34810 3.29055
34810 3.29055
34816 3.28721
34816 3.28721
34900 3.28769
35000 3.28824
35000 3.28824
35100 3.28877
35200 3.28927
35300 3.28975
35400 3.29021
35500 3.29065
35600 3.29107
35700 3.29147
35800 3.29185
35900 3.29222
36000 3.29257
36000 3.29257
36100 3.2929
36200 3.29322
36300 3.29352
36400 3.29381
36500 3.29409
36600 3.29436
36700 3.29461
36800 3.29485
36858 3.29499
36858 3.29499
36864 3.29163
36864 3.29163
36866 3.28552
36866 3.28552
36866 3.28552
36866 3.28552
36900 3.28575
37000 3.28639
37000 3.28639
37100 3.287
37200 3.28758
37300 3.28814
37400 3.28867
37500 3.28918
37600 3.28966
37700 3.29013
37800 3.29057
37900 3.29099
38000 3.2914
38000 3.2914
38100 3.29178
38200 3.29215
38300 3.2925
38400 3.29284
38500 3.29316
38600 3.29347
38700 3.29376
38800 3.29404
38900 3.29431
38906 3.29432
38906 3.29432
38912 3.29096
38912 3.29096
38914 3.28531
38914 3.28531
38914 3.28531
38914 3.28531
39000 3.28588
39000 3.28588
39100 3.28651
39200 3.28711
39300 3.28769
39400 3.28824
39500 3.28877
39600 3.28928
39700 3.28976
39800 3.29022
39900 3.29065
40000 3.29107
40000 3.29107
40082 3.29141
40082 3.29141
40082 3.29141
40082 3.29141
40082 3.29141
40086 3.26541
40086 3.26541
40087 3.26532
40087 3.26532
40088 3.26257
40088 3.26257
40088 3.26257
40088 3.26257
40100 3.26278
40200 3.26445
40300 3.26604
40400 3.26757
40500 3.26902
40600 3.27041
40700 3.27174
40800 3.27301
40900 3.27422
40954 3.27485
40954 3.27485
40960 3.27156
40960 3.27156
40962 3.26519
40962 3.26519
40962 3.26519
40962 3.26519
41000 3.26579
41000 3.26579
41100 3.26732
41200 3.26879
41300 3.27019
41400 3.27153
41500 3.27281
41600 3.27403
41700 3.27519
41800 3.2763
41900 3.27737
42000 3.27838
42000 3.27838
42100 3.27935
42200 3.28028
42300 3.28116
42400 3.28201
42500 3.28282
42600 3.28359
42700 3.28432
42800 3.28503
42900 3.2857
43000 3.28634
43000 3.28634
43002 3.28635
43002 3.28635
43008 3.28302
43008 3.28302
43100 3.28372
43200 3.28445
43300 3.28515
43400 3.28582
43500 3.28645
43600 3.28706
43700 3.28764
43800 3.2882
43900 3.28873
