0 3.03099
0 3.03099
0 3.03099
2 3.03099
2 3.03099
100 3.03099
200 3.03099
300 3.03099
400 3.03099
500 3.03099
600 3.03099
700 3.03099
800 3.03099
900 3.03099
1000 3.03099
1000 3.03099
1100 3.03099
1200 3.03099
1300 3.03099
1400 3.03099
1500 3.03099
1600 3.03099
1700 3.03099
1800 3.03099
1900 3.03099
2000 3.03099
2000 3.03099
2048 3.03099
2048 3.03099
2050 3.03099
2050 3.03099
2100 3.03099
2200 3.03099
2300 3.03099
2400 3.03099
2500 3.03099
2600 3.03099
2700 3.03099
2800 3.03099
2900 3.03099
3000 3.03099
3000 3.03099
3100 3.03099
3200 3.03099
3300 3.03099
3400 3.03099
3500 3.03099
3600 3.03099
3700 3.03099
3800 3.03099
3900 3.03099
4000 3.03099
4000 3.03099
4096 3.03099
4096 3.03099
4098 3.03099
4098 3.03099
4100 3.03099
4200 3.03099
4300 3.03099
4400 3.03099
4500 3.03099
4502 3.03099
4502 3.03099
4504 3.03099
4504 3.03099
4504 3.03099
4504 3.03099
4505 3.03099
4505 3.03099
4505 3.03099
4505 3.03099
4506 3.03099
4506 3.03099
4506 3.03099
4506 3.03099
4507 3.03099
4507 3.03099
4600 3.03099
4700 3.03099
4800 3.03099
4900 3.03099
5000 3.03099
5000 3.03099
5100 3.03099
5200 3.03099
5300 3.03099
5400 3.03099
5500 3.03099
5600 3.03099
5700 3.03099
5800 3.03099
5900 3.03099
6000 3.03099
6000 3.03099
6100 3.03099
6144 3.03099
6144 3.03099
6146 2.9792
6146 2.9792
6146 2.9792
6146 2.9792
6200 2.9792
6300 2.9792
6400 2.97919
6500 2.97919
6600 2.97919
6700 2.97918
6800 2.97918
6900 2.97918
7000 2.97918
7000 2.97918
7100 2.97917
7200 2.97917
7300 2.97917
7400 2.97917
7500 2.97916
7600 2.97916
7700 2.97916
7800 2.97915
7900 2.97915
8000 2.97915
8000 2.97915
8100 2.97915
8186 2.97914
8186 2.97914
8192 2.94873
8192 2.94873
8194 2.89443
8194 2.89443
8194 2.89443
8194 2.89443
8200 2.89443
8300 2.89443
8400 2.89443
8500 2.89442
8600 2.89442
8700 2.89442
8800 2.89442
8900 2.89441
9000 2.89441
9000 2.89441
9100 2.89441
9200 2.89441
9300 2.8944
9400 2.8944
9500 2.8944
9600 2.8944
9700 2.89439
9800 2.89439
9900 2.89439
10000 2.89439
10000 2.89439
10082 2.89438
10082 2.89438
10082 2.89438
10082 2.89438
10082 2.89438
10086 2.67338
10086 2.67338
10087 2.6726
10087 2.6726
10088 2.65012
10088 2.65012
10088 2.65012
10088 2.65012
10100 2.65011
10200 2.65011
10234 2.65011
10234 2.65011
10240 2.62306
10240 2.62306
10242 2.57824
10242 2.57824
10242 2.57824
10242 2.57824
10300 2.57824
10400 2.57824
10500 2.57823
10600 2.57823
10700 2.57823
10800 2.57823
10900 2.57822
11000 2.57822
11000 2.57822
11100 2.57822
11200 2.57822
11300 2.57821
11400 2.57821
11500 2.57821
11600 2.57821
11700 2.5782
11800 2.5782
11900 2.5782
12000 2.5782
12000 2.5782
12100 2.5782
12200 2.57819
12282 2.57819
12282 2.57819
12288 2.55187
12288 2.55187
12290 2.50234
12290 2.50234
12290 2.50234
12290 2.50234
12300 2.50234
12400 2.50234
12500 2.50234
12600 2.50234
12700 2.50233
12800 2.50233
12900 2.50233
13000 2.50233
13000 2.50233
13100 2.50232
13200 2.50232
13300 2.50232
13400 2.50232
13500 2.50231
13600 2.50231
13700 2.50231
13800 2.50231
13900 2.50231
14000 2.5023
14000 2.5023
14100 2.5023
14200 2.5023
14300 2.5023
14330 2.5023
14330 2.5023
14336 2.47675
14336 2.47675
14400 2.47675
14500 2.47675
14600 2.47674
14700 2.47674
14800 2.47674
14900 2.47674
15000 2.47673
15000 2.47673
15100 2.47673
15200 2.47673
15300 2.47673
15400 2.47673
15500 2.47672
15600 2.47672
15700 2.47672
15800 2.47672
15900 2.47671
16000 2.47671
16000 2.47671
16100 2.47671
16200 2.47671
16300 2.47671
16378 2.4767
16378 2.4767
16384 2.45142
16384 2.45142
16386 2.40628
16386 2.40628
16386 2.40628
16386 2.40628
16400 2.40628
16500 2.40628
16600 2.40627
16700 2.40627
16800 2.40627
16900 2.40627
17000 2.40627
17000 2.40627
17100 2.40626
17200 2.40626
17300 2.40626
17400 2.40626
17500 2.40625
17600 2.40625
17700 2.40625
17800 2.40625
17900 2.40625
18000 2.40624
18000 2.40624
18100 2.40624
18200 2.40624
18300 2.40624
18400 2.40624
18426 2.40623
18426 2.40623
18432 2.38167
18432 2.38167
18434 2.34098
18434 2.34098
18434 2.34098
18434 2.34098
18500 2.34097
18600 2.34097
18700 2.34097
18800 2.34097
18900 2.34097
19000 2.34096
19000 2.34096
19100 2.34096
19200 2.34096
19300 2.34096
19400 2.34096
19500 2.34095
19600 2.34095
19700 2.34095
19800 2.34095
19900 2.34094
20000 2.34094
20000 2.34094
20082 2.34094
20082 2.34094
20082 2.34094
20082 2.34094
20082 2.34094
20086 2.1622
20086 2.1622
20087 2.16156
20087 2.16156
20088 2.14338
20088 2.14338
20088 2.14338
20088 2.14338
20100 2.14338
20200 2.14338
20300 2.14338
20400 2.14337
20474 2.14337
20474 2.14337
20480 2.12149
20480 2.12149
20482 2.08032
20482 2.08032
20482 2.08032
20482 2.08032
20500 2.08032
20600 2.08031
20700 2.08031
20800 2.08031
20900 2.08031
21000 2.08031
21000 2.08031
21100 2.0803
21200 2.0803
21300 2.0803
21400 2.0803
21500 2.0803
21600 2.08029
21700 2.08029
21800 2.08029
21900 2.08029
22000 2.08029
22000 2.08029
22100 2.08029
22200 2.08028
22300 2.08028
22400 2.08028
22500 2.08028
22522 2.08028
22522 2.08028
22528 2.05904
22528 2.05904
22600 2.05904
22700 2.05904
22800 2.05903
22900 2.05903
23000 2.05903
23000 2.05903
23100 2.05903
23200 2.05903
23300 2.05902
23400 2.05902
23500 2.05902
23600 2.05902
23700 2.05902
23800 2.05902
23900 2.05901
24000 2.05901
24000 2.05901
24100 2.05901
24200 2.05901
24300 2.05901
24400 2.059
24500 2.059
24570 2.059
24570 2.059
24576 2.03798
24576 2.03798
24578 2.00045
24578 2.00045
24578 2.00045
24578 2.00045
24600 2.00045
24700 2.00045
24800 2.00045
24900 2.00045
25000 2.00045
25000 2.00045
25100 2.00044
25200 2.00044
25300 2.00044
25400 2.00044
25500 2.00044
25600 2.00044
25700 2.00043
25800 2.00043
25900 2.00043
26000 2.00043
26000 2.00043
26100 2.00043
26200 2.00042
26300 2.00042
26400 2.00042
26500 2.00042
26600 2.00042
26618 2.00042
26618 2.00042
26624 1.97999
26624 1.97999
26626 1.94616
26626 1.94616
26626 1.94616
26626 1.94616
26700 1.94616
26800 1.94616
26900 1.94616
27000 1.94616
27000 1.94616
27100 1.94616
27200 1.94615
27300 1.94615
27400 1.94615
27500 1.94615
27600 1.94615
27700 1.94614
27800 1.94614
27900 1.94614
28000 1.94614
28000 1.94614
28100 1.94614
28200 1.94614
28300 1.94613
28400 1.94613
28500 1.94613
28600 1.94613
28666 1.94613
28666 1.94613
28672 1.92626
28672 1.92626
28674 1.89079
28674 1.89079
28674 1.89079
28674 1.89079
28700 1.89079
28800 1.89079
28900 1.89079
29000 1.89078
29000 1.89078
29100 1.89078
29200 1.89078
29300 1.89078
29400 1.89078
29500 1.89078
29600 1.89077
29700 1.89077
29800 1.89077
29900 1.89077
30000 1.89077
30000 1.89077
30082 1.89077
30082 1.89077
30082 1.89077
30100 1.83156
30183 1.57011
30183 1.57011
30183 1.57011
30183 1.57011
30200 1.57011
30300 1.57011
30400 1.57011
30500 1.57011
30600 1.57011
30700 1.5701
30800 1.5701
30900 1.5701
31000 1.5701
31000 1.5701
31100 1.5701
31200 1.5701
31300 1.5701
31400 1.57009
31500 1.57009
31600 1.57009
31700 1.57009
31800 1.57009
31900 1.57009
32000 1.57009
32000 1.57009
32100 1.57008
32200 1.57008
32300 1.57008
32400 1.57008
32500 1.57008
32600 1.57008
32700 1.57008
32800 1.57008
32900 1.57007
33000 1.57007
33000 1.57007
33100 1.57007
33200 1.57007
33300 1.57007
33400 1.57007
33500 1.57007
33600 1.57006
33700 1.57006
33800 1.57006
33900 1.57006
34000 1.57006
34000 1.57006
34100 1.57006
34200 1.57006
34300 1.57005
34400 1.57005
34500 1.57005
34600 1.57005
34700 1.57005
34800 1.57005
34900 1.57005
35000 1.57004
35000 1.57004
35100 1.57004
35200 1.57004
35300 1.57004
35400 1.57004
35500 1.57004
35600 1.57004
35700 1.57004
35800 1.57003
35900 1.57003
36000 1.57003
36000 1.57003
36100 1.57003
36200 1.57003
36300 1.57003
36400 1.57003
36500 1.57002
36600 1.57002
36700 1.57002
36800 1.57002
36900 1.57002
37000 1.57002
37000 1.57002
37100 1.57002
37200 1.57001
37300 1.57001
37400 1.57001
37500 1.57001
37600 1.57001
37700 1.57001
37800 1.57001
37900 1.57
38000 1.57
38000 1.57
38100 1.57
38200 1.57
38300 1.57
38400 1.57
38500 1.57
38600 1.57
38700 1.56999
38800 1.56999
38900 1.56999
39000 1.56999
39000 1.56999
39100 1.56999
39200 1.56999
39300 1.56999
39400 1.56998
39500 1.56998
39600 1.56998
39700 1.56998
39800 1.56998
39900 1.56998
40000 1.56998
40000 1.56998
40100 1.56997
40200 1.56997
40300 1.56997
40400 1.56997
40500 1.56997
40600 1.56997
40700 1.56997
40800 1.56996
40900 1.56996
41000 1.56996
41000 1.56996
41100 1.56996
41200 1.56996
41300 1.56996
41400 1.56996
41500 1.56996
41600 1.56995
41700 1.56995
41800 1.56995
41900 1.56995
42000 1.56995
42000 1.56995
42100 1.56995
42200 1.56995
42300 1.56994
42400 1.56994
42500 1.56994
42600 1.56994
42700 1.56994
42800 1.56994
42900 1.56994
43000 1.56993
43000 1.56993
43100 1.56993
43200 1.56993
43300 1.56993
43400 1.56993
43500 1.56993
43600 1.56993
43700 1.56992
43800 1.56992
43900 1.56992
