0 3.03099
0 3.03099
0 3.03099
2 3.03099
2 3.03099
100 3.03099
200 3.03099
300 3.03099
400 3.03099
500 3.03099
600 3.03099
700 3.03099
800 3.03099
900 3.03099
1000 3.03099
1000 3.03099
1100 3.03099
1200 3.03099
1300 3.03099
1400 3.03099
1500 3.03099
1600 3.03099
1700 3.03099
1800 3.03099
1900 3.03099
2000 3.03099
2000 3.03099
2048 3.03099
2048 3.03099
2050 3.03099
2050 3.03099
2100 3.03099
2200 3.03099
2300 3.03099
2400 3.03099
2500 3.03099
2600 3.03099
2700 3.03099
2800 3.03099
2900 3.03099
3000 3.03099
3000 3.03099
3100 3.03099
3200 3.03099
3300 3.03099
3400 3.03099
3500 3.03099
3600 3.03099
3700 3.03099
3800 3.03099
3900 3.03099
4000 3.03099
4000 3.03099
4096 3.03099
4096 3.03099
4098 3.03099
4098 3.03099
4100 3.03099
4200 3.03099
4300 3.03099
4400 3.03099
4500 3.03099
4502 3.03099
4502 3.03099
4504 3.03099
4504 3.03099
4504 3.03099
4504 3.03099
4505 3.03099
4505 3.03099
4505 3.03099
4505 3.03099
4506 3.03099
4506 3.03099
4506 3.03099
4506 3.03099
4507 3.03099
4507 3.03099
4600 3.03099
4700 3.03099
4800 3.03099
4900 3.03099
5000 3.03099
5000 3.03099
5100 3.03099
5200 3.03099
5300 3.03099
5400 3.03099
5500 3.03099
5600 3.03099
5700 3.03099
5800 3.03099
5900 3.03099
6000 3.03099
6000 3.03099
6100 3.03099
6144 3.03099
6144 3.03099
6146 3.02995
6146 3.02995
6146 3.02995
6146 3.02995
6200 3.03008
6300 3.03033
6400 3.03058
6500 3.03082
6600 3.03107
6700 3.03132
6800 3.03156
6900 3.03181
7000 3.03206
7000 3.03206
7100 3.0323
7200 3.03255
7300 3.03279
7400 3.03304
7500 3.03328
7600 3.03353
7700 3.03377
7800 3.03402
7900 3.03426
8000 3.03451
8000 3.03451
8100 3.03475
8186 3.03496
8186 3.03496
8192 3.03435
8192 3.03435
8194 3.03323
8194 3.03323
8194 3.03323
8194 3.03323
8200 3.03324
8300 3.03349
8400 3.03373
8500 3.03398
8600 3.03422
8700 3.03446
8800 3.03471
8900 3.03495
9000 3.03519
9000 3.03519
9100 3.03544
9200 3.03568
9300 3.03592
9400 3.03616
9500 3.03641
9600 3.03665
9700 3.03689
9800 3.03713
9900 3.03737
10000 3.03761
10000 3.03761
10082 3.03781
10082 3.03781
10082 3.03781
10082 3.03781
10082 3.03781
10086 3.033
10086 3.033
10087 3.03298
10087 3.03298
10088 3.03247
10088 3.03247
10088 3.03247
10088 3.03247
10100 3.0325
10200 3.03275
10234 3.03283
10234 3.03283
10240 3.03222
10240 3.03222
10242 3.03118
10242 3.03118
10242 3.03118
10242 3.03118
10300 3.03133
10400 3.03157
10500 3.03182
10600 3.03207
10700 3.03231
10800 3.03256
10900 3.0328
11000 3.03305
11000 3.03305
11100 3.03329
11200 3.03354
11300 3.03378
11400 3.03403
11500 3.03427
11600 3.03452
11700 3.03476
11800 3.035
11900 3.03525
12000 3.03549
12000 3.03549
12100 3.03573
12200 3.03597
12282 3.03617
12282 3.03617
12288 3.03556
12288 3.03556
12290 3.03438
12290 3.03438
12290 3.03438
12290 3.03438
12300 3.0344
12400 3.03465
12500 3.03489
12600 3.03513
12700 3.03538
12800 3.03562
12900 3.03586
13000 3.0361
13000 3.0361
13100 3.03635
13200 3.03659
13300 3.03683
13400 3.03707
13500 3.03731
13600 3.03755
13700 3.0378
13800 3.03804
13900 3.03828
14000 3.03852
14000 3.03852
14100 3.03876
14200 3.039
14300 3.03924
14330 3.03931
14330 3.03931
14336 3.0387
14336 3.0387
14400 3.03885
14500 3.03909
14600 3.03933
14700 3.03957
14800 3.03981
14900 3.04005
15000 3.04029
15000 3.04029
15100 3.04052
15200 3.04076
15300 3.041
15400 3.04124
15500 3.04148
15600 3.04171
15700 3.04195
15800 3.04219
15900 3.04242
16000 3.04266
16000 3.04266
16100 3.0429
16200 3.04313
16300 3.04337
16378 3.04355
16378 3.04355
16384 3.04294
16384 3.04294
16386 3.04181
16386 3.04181
16386 3.04181
16386 3.04181
16400 3.04185
16500 3.04208
16600 3.04232
16700 3.04256
16800 3.04279
16900 3.04303
17000 3.04327
17000 3.04327
17100 3.0435
17200 3.04374
17300 3.04397
17400 3.04421
17500 3.04444
17600 3.04468
17700 3.04491
17800 3.04514
17900 3.04538
18000 3.04561
18000 3.04561
18100 3.04585
18200 3.04608
18300 3.04631
18400 3.04654
18426 3.04661
18426 3.04661
18432 3.04599
18432 3.04599
18434 3.04495
18434 3.04495
18434 3.04495
18434 3.04495
18500 3.0451
18600 3.04534
18700 3.04557
18800 3.0458
18900 3.04604
19000 3.04627
19000 3.04627
19100 3.0465
19200 3.04674
19300 3.04697
19400 3.0472
19500 3.04743
19600 3.04766
19700 3.0479
19800 3.04813
19900 3.04836
20000 3.04859
20000 3.04859
20082 3.04878
20082 3.04878
20082 3.04878
20082 3.04878
20082 3.04878
20086 3.04395
20086 3.04395
20087 3.04393
20087 3.04393
20088 3.04342
20088 3.04342
20088 3.04342
20088 3.04342
20100 3.04345
20200 3.04368
20300 3.04392
20400 3.04415
20474 3.04433
20474 3.04433
20480 3.04372
20480 3.04372
20482 3.04253
20482 3.04253
20482 3.04253
20482 3.04253
20500 3.04257
20600 3.04281
20700 3.04304
20800 3.04328
20900 3.04352
21000 3.04375
21000 3.04375
21100 3.04399
21200 3.04422
21300 3.04446
21400 3.04469
21500 3.04492
21600 3.04516
21700 3.04539
21800 3.04563
21900 3.04586
22000 3.04609
22000 3.04609
22100 3.04633
22200 3.04656
22300 3.04679
22400 3.04702
22500 3.04726
22522 3.04731
22522 3.04731
22528 3.0467
22528 3.0467
22600 3.04686
22700 3.0471
22800 3.04733
22900 3.04756
23000 3.04779
23000 3.04779
23100 3.04802
23200 3.04825
23300 3.04848
23400 3.04872
23500 3.04895
23600 3.04918
23700 3.04941
23800 3.04964
23900 3.04987
24000 3.0501
24000 3.0501
24100 3.05032
24200 3.05055
24300 3.05078
24400 3.05101
24500 3.05124
24570 3.0514
24570 3.0514
24576 3.05079
24576 3.05079
24578 3.04966
24578 3.04966
24578 3.04966
24578 3.04966
24600 3.04971
24700 3.04994
24800 3.05017
24900 3.0504
25000 3.05063
25000 3.05063
25100 3.05085
25200 3.05108
25300 3.05131
25400 3.05154
25500 3.05177
25600 3.052
25700 3.05222
25800 3.05245
25900 3.05268
26000 3.05291
26000 3.05291
26100 3.05313
26200 3.05336
26300 3.05358
26400 3.05381
26500 3.05404
26600 3.05426
26618 3.0543
26618 3.0543
26624 3.05369
26624 3.05369
26626 3.05264
26626 3.05264
26626 3.05264
26626 3.05264
26700 3.05281
26800 3.05304
26900 3.05326
27000 3.05349
27000 3.05349
27100 3.05372
27200 3.05394
27300 3.05417
27400 3.05439
27500 3.05462
27600 3.05484
27700 3.05507
27800 3.05529
27900 3.05552
28000 3.05574
28000 3.05574
28100 3.05597
28200 3.05619
28300 3.05641
28400 3.05664
28500 3.05686
28600 3.05708
28666 3.05723
28666 3.05723
28672 3.05662
28672 3.05662
28674 3.05549
28674 3.05549
28674 3.05549
28674 3.05549
28700 3.05554
28800 3.05577
28900 3.05599
29000 3.05622
29000 3.05622
29100 3.05644
29200 3.05666
29300 3.05689
29400 3.05711
29500 3.05733
29600 3.05756
29700 3.05778
29800 3.058
29900 3.05822
30000 3.05844
30000 3.05844
30082 3.05863
30082 3.05863
30082 3.05863
30082 3.05863
30082 3.05863
30086 3.05378
30086 3.05378
30087 3.05376
30087 3.05376
30088 3.05325
30088 3.05325
30088 3.05325
30088 3.05325
30100 3.05328
30200 3.0535
30300 3.05373
30400 3.05396
30500 3.05418
30600 3.05441
30700 3.05463
30714 3.05467
30714 3.05467
30720 3.05405
30720 3.05405
30722 3.053
30722 3.053
30722 3.053
30722 3.053
30800 3.05318
30900 3.05341
31000 3.05363
31000 3.05363
31100 3.05386
31200 3.05409
31300 3.05431
31400 3.05454
31500 3.05476
31600 3.05499
31700 3.05521
31800 3.05544
31900 3.05566
32000 3.05588
32000 3.05588
32100 3.05611
32200 3.05633
32300 3.05656
32400 3.05678
32500 3.057
32600 3.05723
32700 3.05745
32762 3.05759
32762 3.05759
32768 3.05697
32768 3.05697
32770 3.05578
32770 3.05578
32770 3.05578
32770 3.05578
32800 3.05585
32900 3.05607
33000 3.05629
33000 3.05629
33100 3.05652
33200 3.05674
33300 3.05696
33400 3.05719
33500 3.05741
33600 3.05763
33700 3.05785
33800 3.05808
33900 3.0583
34000 3.05852
34000 3.05852
34100 3.05874
34200 3.05896
34300 3.05919
34400 3.05941
34500 3.05963
34600 3.05985
34700 3.06007
34800 3.06029
34810 3.06031
34810 3.06031
34816 3.0597
34816 3.0597
34900 3.05988
35000 3.0601
35000 3.0601
35100 3.06032
35200 3.06054
35300 3.06076
35400 3.06098
35500 3.0612
35600 3.06142
35700 3.06164
35800 3.06186
35900 3.06207
36000 3.06229
36000 3.06229
36100 3.06251
36200 3.06273
36300 3.06295
36400 3.06316
36500 3.06338
36600 3.0636
36700 3.06382
36800 3.06403
36858 3.06416
36858 3.06416
36864 3.06354
36864 3.06354
36866 3.06241
36866 3.06241
36866 3.06241
36866 3.06241
36900 3.06248
37000 3.0627
37000 3.0627
37100 3.06292
37200 3.06314
37300 3.06335
37400 3.06357
37500 3.06379
37600 3.064
37700 3.06422
37800 3.06444
37900 3.06465
38000 3.06487
38000 3.06487
38100 3.06508
38200 3.0653
38300 3.06552
38400 3.06573
38500 3.06595
38600 3.06616
38700 3.06637
38800 3.06659
38900 3.0668
38906 3.06682
38906 3.06682
38912 3.0662
38912 3.0662
38914 3.06515
38914 3.06515
38914 3.06515
38914 3.06515
39000 3.06533
39000 3.06533
39100 3.06555
39200 3.06576
39300 3.06598
39400 3.06619
39500 3.06641
39600 3.06662
39700 3.06684
39800 3.06705
39900 3.06726
40000 3.06748
40000 3.06748
40082 3.06765
40082 3.06765
40082 3.06765
40082 3.06765
40082 3.06765
40086 3.06279
40086 3.06279
40087 3.06278
40087 3.06278
40088 3.06226
40088 3.06226
40088 3.06226
40088 3.06226
40100 3.06229
40200 3.0625
40300 3.06272
40400 3.06294
40500 3.06316
40600 3.06338
40700 3.06359
40800 3.06381
40900 3.06403
40954 3.06414
40954 3.06414
40960 3.06353
40960 3.06353
40962 3.06233
40962 3.06233
40962 3.06233
40962 3.06233
41000 3.06241
41000 3.06241
41100 3.06263
41200 3.06285
41300 3.06307
41400 3.06328
41500 3.0635
41600 3.06372
41700 3.06394
41800 3.06415
41900 3.06437
42000 3.06459
42000 3.06459
42100 3.0648
42200 3.06502
42300 3.06523
42400 3.06545
42500 3.06566
42600 3.06588
42700 3.06609
42800 3.06631
42900 3.06652
43000 3.06674
43000 3.06674
43002 3.06674
43002 3.06674
43008 3.06612
43008 3.06612
43100 3.06632
43200 3.06654
43300 3.06675
43400 3.06696
43500 3.06718
43600 3.06739
43700 3.06761
43800 3.06782
43900 3.06803
