0 3.03099
0 3.03099
0 3.03099
2 3.03099
2 3.03099
100 3.03099
200 3.03099
300 3.03099
400 3.03099
500 3.03099
600 3.03099
700 3.03099
800 3.03099
900 3.03099
1000 3.03099
1000 3.03099
1100 3.03099
1200 3.03099
1300 3.03099
1400 3.03099
1500 3.03099
1600 3.03099
1700 3.03099
1800 3.03099
1900 3.03099
2000 3.03099
2000 3.03099
2048 3.03099
2048 3.03099
2050 3.03099
2050 3.03099
2100 3.03099
2200 3.03099
2300 3.03099
2400 3.03099
2500 3.03099
2600 3.03099
2700 3.03099
2800 3.03099
2900 3.03099
3000 3.03099
3000 3.03099
3100 3.03099
3200 3.03099
3300 3.03099
3400 3.03099
3500 3.03099
3600 3.03099
3700 3.03099
3800 3.03099
3900 3.03099
4000 3.03099
4000 3.03099
4096 3.03099
4096 3.03099
4098 3.03099
4098 3.03099
4100 3.03099
4200 3.03099
4300 3.03099
4400 3.03099
4500 3.03099
4502 3.03099
4502 3.03099
4504 3.03099
4504 3.03099
4504 3.03099
4504 3.03099
4505 3.03099
4505 3.03099
4505 3.03099
4505 3.03099
4506 3.03099
4506 3.03099
4506 3.03099
4506 3.03099
4507 3.03099
4507 3.03099
4600 3.03099
4700 3.03099
4800 3.03099
4900 3.03099
5000 3.03099
5000 3.03099
5100 3.03099
5200 3.03099
5300 3.03099
5400 3.03099
5500 3.03099
5600 3.03099
5700 3.03099
5800 3.03099
5900 3.03099
6000 3.03099
6000 3.03099
6100 3.03099
6144 3.03099
6144 3.03099
6146 3.01363
6146 3.01363
6146 3.01363
6146 3.01363
6200 3.01387
6300 3.01431
6400 3.01474
6500 3.01518
6600 3.01561
6700 3.01605
6800 3.01648
6900 3.01691
7000 3.01734
7000 3.01734
7100 3.01778
7200 3.01821
7300 3.01864
7400 3.01907
7500 3.01949
7600 3.01992
7700 3.02035
7800 3.02078
7900 3.0212
8000 3.02163
8000 3.02163
8100 3.02205
8186 3.02242
8186 3.02242
8192 3.01212
8192 3.01212
8194 2.99353
8194 2.99353
8194 2.99353
8194 2.99353
8200 2.99356
8300 2.99403
8400 2.99449
8500 2.99496
8600 2.99542
8700 2.99589
8800 2.99635
8900 2.99682
9000 2.99728
9000 2.99728
9100 2.99774
9200 2.9982
9300 2.99866
9400 2.99912
9500 2.99958
9600 3.00004
9700 3.0005
9800 3.00096
9900 3.00141
10000 3.00187
10000 3.00187
10082 3.00224
10082 3.00224
10082 3.00224
10082 3.00224
10082 3.00224
10086 2.92382
10086 2.92382
10087 2.92354
10087 2.92354
10088 2.91532
10088 2.91532
10088 2.91532
10088 2.91532
10100 2.91539
10200 2.91598
10234 2.91618
10234 2.91618
10240 2.90626
10240 2.90626
10242 2.88962
10242 2.88962
10242 2.88962
10242 2.88962
10300 2.88999
10400 2.89061
10500 2.89124
10600 2.89186
10700 2.89248
10800 2.89311
10900 2.89373
11000 2.89435
11000 2.89435
11100 2.89497
11200 2.89559
11300 2.8962
11400 2.89682
11500 2.89744
11600 2.89805
11700 2.89866
11800 2.89928
11900 2.89989
12000 2.9005
12000 2.9005
12100 2.90111
12200 2.90172
12282 2.90222
12282 2.90222
12288 2.89235
12288 2.89235
12290 2.87353
12290 2.87353
12290 2.87353
12290 2.87353
12300 2.87359
12400 2.87424
12500 2.87489
12600 2.87554
12700 2.87619
12800 2.87684
12900 2.87748
13000 2.87813
13000 2.87813
13100 2.87877
13200 2.87941
13300 2.88006
13400 2.8807
13500 2.88134
13600 2.88198
13700 2.88262
13800 2.88325
13900 2.88389
14000 2.88453
14000 2.88453
14100 2.88516
14200 2.88579
14300 2.88643
14330 2.88662
14330 2.88662
14336 2.8768
14336 2.8768
14400 2.87721
14500 2.87786
14600 2.8785
14700 2.87914
14800 2.87979
14900 2.88043
15000 2.88107
15000 2.88107
15100 2.88171
15200 2.88235
15300 2.88299
15400 2.88362
15500 2.88426
15600 2.88489
15700 2.88553
15800 2.88616
15900 2.88679
16000 2.88742
16000 2.88742
16100 2.88805
16200 2.88868
16300 2.88931
16378 2.8898
16378 2.8898
16384 2.87997
16384 2.87997
16386 2.8622
16386 2.8622
16386 2.8622
16386 2.8622
16400 2.86229
16500 2.86296
16600 2.86363
16700 2.86429
16800 2.86496
16900 2.86562
17000 2.86629
17000 2.86629
17100 2.86695
17200 2.86761
17300 2.86827
17400 2.86893
17500 2.86959
17600 2.87025
17700 2.8709
17800 2.87156
17900 2.87221
18000 2.87287
18000 2.87287
18100 2.87352
18200 2.87417
18300 2.87482
18400 2.87547
18426 2.87564
18426 2.87564
18432 2.86586
18432 2.86586
18434 2.84946
18434 2.84946
18434 2.84946
18434 2.84946
18500 2.84991
18600 2.8506
18700 2.85128
18800 2.85197
18900 2.85265
19000 2.85334
19000 2.85334
19100 2.85402
19200 2.8547
19300 2.85538
19400 2.85606
19500 2.85674
19600 2.85741
19700 2.85809
19800 2.85876
19900 2.85944
20000 2.86011
20000 2.86011
20082 2.86067
20082 2.86067
20082 2.86067
20082 2.86067
20082 2.86067
20086 2.78595
20086 2.78595
20087 2.78568
20087 2.78568
20088 2.77786
20088 2.77786
20088 2.77786
20088 2.77786
20100 2.77795
20200 2.77875
20300 2.77955
20400 2.78034
20474 2.78093
20474 2.78093
20480 2.77148
20480 2.77148
20482 2.75345
20482 2.75345
20482 2.75345
20482 2.75345
20500 2.7536
20600 2.75443
20700 2.75527
20800 2.7561
20900 2.75693
21000 2.75776
21000 2.75776
21100 2.75859
21200 2.75942
21300 2.76024
21400 2.76107
21500 2.76189
21600 2.76271
21700 2.76353
21800 2.76435
21900 2.76517
22000 2.76599
22000 2.76599
22100 2.7668
22200 2.76762
22300 2.76843
22400 2.76924
22500 2.77005
22522 2.77024
22522 2.77024
22528 2.76082
22528 2.76082
22600 2.76142
22700 2.76224
22800 2.76306
22900 2.76388
23000 2.7647
23000 2.7647
23100 2.76552
23200 2.76633
23300 2.76715
23400 2.76796
23500 2.76878
23600 2.76959
23700 2.7704
23800 2.77121
23900 2.77201
24000 2.77282
24000 2.77282
24100 2.77363
24200 2.77443
24300 2.77523
24400 2.77603
24500 2.77684
24570 2.7774
24570 2.7774
24576 2.76796
24576 2.76796
24578 2.75088
24578 2.75088
24578 2.75088
24578 2.75088
24600 2.75107
24700 2.7519
24800 2.75274
24900 2.75358
25000 2.75441
25000 2.75441
25100 2.75525
25200 2.75608
25300 2.75691
25400 2.75774
25500 2.75857
25600 2.75939
25700 2.76022
25800 2.76105
25900 2.76187
26000 2.76269
26000 2.76269
26100 2.76351
26200 2.76433
26300 2.76515
26400 2.76597
26500 2.76678
26600 2.7676
26618 2.76775
26618 2.76775
26624 2.75834
26624 2.75834
26626 2.74256
26626 2.74256
26626 2.74256
26626 2.74256
26700 2.74319
26800 2.74404
26900 2.74489
27000 2.74574
27000 2.74574
27100 2.74658
27200 2.74743
27300 2.74827
27400 2.74912
27500 2.74996
27600 2.7508
27700 2.75164
27800 2.75248
27900 2.75331
28000 2.75415
28000 2.75415
28100 2.75498
28200 2.75581
28300 2.75664
28400 2.75747
28500 2.7583
28600 2.75913
28666 2.75968
28666 2.75968
28672 2.7503
28672 2.7503
28674 2.73334
28674 2.73334
28674 2.73334
28674 2.73334
28700 2.73356
28800 2.73443
28900 2.73529
29000 2.73615
29000 2.73615
29100 2.73701
29200 2.73787
29300 2.73873
29400 2.73959
29500 2.74045
29600 2.7413
29700 2.74215
29800 2.74301
29900 2.74386
30000 2.74471
30000 2.74471
30082 2.74541
30082 2.74541
30082 2.74541
30082 2.74541
30082 2.74541
30086 2.67371
30086 2.67371
30087 2.67345
30087 2.67345
30088 2.66595
30088 2.66595
30088 2.66595
30088 2.66595
30100 2.66606
30200 2.66703
30300 2.668
30400 2.66896
30500 2.66993
30600 2.67089
30700 2.67185
30714 2.67199
30714 2.67199
30720 2.66292
30720 2.66292
30722 2.64769
30722 2.64769
30722 2.64769
30722 2.64769
30800 2.64846
30900 2.64946
31000 2.65045
31000 2.65045
31100 2.65145
31200 2.65244
31300 2.65343
31400 2.65441
31500 2.6554
31600 2.65639
31700 2.65737
31800 2.65835
31900 2.65933
32000 2.66031
32000 2.66031
32100 2.66129
32200 2.66226
32300 2.66324
32400 2.66421
32500 2.66518
32600 2.66615
32700 2.66712
32762 2.66772
32762 2.66772
32768 2.65867
32768 2.65867
32770 2.64138
32770 2.64138
32770 2.64138
32770 2.64138
32800 2.64168
32900 2.64269
33000 2.64369
33000 2.64369
33100 2.64469
33200 2.64569
33300 2.64669
33400 2.64769
33500 2.64869
33600 2.64968
33700 2.65068
33800 2.65167
33900 2.65266
34000 2.65365
34000 2.65365
34100 2.65464
34200 2.65562
34300 2.65661
34400 2.65759
34500 2.65857
34600 2.65955
34700 2.66053
34800 2.66151
34810 2.66161
34810 2.66161
34816 2.65258
34816 2.65258
34900 2.65341
35000 2.6544
35000 2.6544
35100 2.65538
35200 2.65637
35300 2.65735
35400 2.65833
35500 2.65931
35600 2.66029
35700 2.66127
35800 2.66225
35900 2.66322
36000 2.66419
36000 2.66419
36100 2.66516
36200 2.66613
36300 2.6671
36400 2.66807
36500 2.66904
36600 2.67
36700 2.67096
36800 2.67192
36858 2.67248
36858 2.67248
36864 2.66341
36864 2.66341
36866 2.64699
36866 2.64699
36866 2.64699
36866 2.64699
36900 2.64732
37000 2.64832
37000 2.64832
37100 2.64932
37200 2.65031
37300 2.6513
37400 2.65229
37500 2.65328
37600 2.65427
37700 2.65526
37800 2.65624
37900 2.65723
38000 2.65821
38000 2.65821
38100 2.65919
38200 2.66017
38300 2.66115
38400 2.66212
38500 2.6631
38600 2.66407
38700 2.66504
38800 2.66601
38900 2.66698
38906 2.66704
38906 2.66704
38912 2.65799
38912 2.65799
38914 2.64279
38914 2.64279
38914 2.64279
38914 2.64279
39000 2.64365
39000 2.64365
39100 2.64465
39200 2.64565
39300 2.64665
39400 2.64765
39500 2.64865
39600 2.64964
39700 2.65064
39800 2.65163
39900 2.65262
40000 2.65361
40000 2.65361
40082 2.65443
40082 2.65443
40082 2.65443
40082 2.65443
40082 2.65443
40086 2.58512
40086 2.58512
40087 2.58486
40087 2.58486
40088 2.57761
40088 2.57761
40088 2.57761
40088 2.57761
40100 2.57774
40200 2.57884
40300 2.57994
40400 2.58104
40500 2.58214
40600 2.58324
40700 2.58434
40800 2.58543
40900 2.58652
40954 2.58711
40954 2.58711
40960 2.57834
40960 2.57834
40962 2.56158
40962 2.56158
40962 2.56158
40962 2.56158
41000 2.562
41000 2.562
41100 2.56313
41200 2.56426
41300 2.56538
41400 2.5665
41500 2.56763
41600 2.56874
41700 2.56986
41800 2.57098
41900 2.57209
42000 2.5732
42000 2.5732
42100 2.57431
42200 2.57542
42300 2.57653
42400 2.57764
42500 2.57874
42600 2.57984
42700 2.58094
42800 2.58204
42900 2.58314
43000 2.58423
43000 2.58423
43002 2.58426
43002 2.58426
43008 2.5755
43008 2.5755
43100 2.57652
43200 2.57762
43300 2.57873
43400 2.57983
43500 2.58093
43600 2.58203
43700 2.58313
43800 2.58422
43900 2.58531
