0 3.03099
0 3.02986
0 3.02986
2 2.97466
2 2.97466
100 2.53279
200 2.18782
300 1.92591
392 1.73974
392 1.73974
392 1.73974
392 1.73974
400 1.75011
500 1.88609
600 2.01014
700 2.12331
800 2.22654
900 2.32073
1000 2.40664
1000 2.40664
1100 2.48502
1200 2.55652
1300 2.62175
1400 2.68126
1500 2.73554
1600 2.78506
1700 2.83024
1800 2.87145
1900 2.90905
2000 2.94335
2000 2.94335
2100 2.97464
2200 3.00318
2200 3.00318
2200 3.00318
2300 2.54495
2400 2.19705
2500 1.93292
2593 1.74397
2593 1.74397
2593 1.74397
2593 1.74397
2600 1.75335
2700 1.88904
2800 2.01284
2900 2.12577
3000 2.22879
3000 2.22879
3100 2.32277
3200 2.40851
3300 2.48673
3400 2.55808
3500 2.62317
3600 2.68255
3700 2.73672
3800 2.78614
3900 2.83122
4000 2.87235
4000 2.87235
4100 2.90987
4200 2.94409
4300 2.97532
4400 3.0038
4400 3.0038
4400 3.0038
4500 2.54542
4600 2.19741
4700 1.93319
4793 1.74413
4793 1.74413
4793 1.74413
4793 1.74413
4800 1.75347
4900 1.88916
5000 2.01294
5000 2.01294
5100 2.12586
5200 2.22888
5300 2.32285
5400 2.40858
5500 2.48679
5600 2.55814
5700 2.62322
5800 2.6826
5900 2.73677
6000 2.78618
6000 2.78618
6100 2.83126
6200 2.87238
6300 2.9099
6400 2.94412
6500 2.97534
6600 3.00383
6600 3.00383
6600 3.00383
6700 2.54544
6800 2.19743
6900 1.9332
6993 1.74413
6993 1.74413
6993 1.74413
6993 1.74413
7000 1.75348
7000 1.75348
7100 1.88916
7200 2.01294
7300 2.12587
7400 2.22888
7500 2.32285
7600 2.40859
7700 2.48679
7800 2.55814
7900 2.62323
8000 2.6826
8000 2.6826
8100 2.73677
8200 2.78618
8300 2.83126
8400 2.87239
8500 2.9099
8600 2.94412
8700 2.97535
8800 3.00383
8800 3.00383
8800 3.00383
8900 2.54544
9000 2.19743
9000 2.19743
9100 1.93321
9193 1.74414
9193 1.74414
9193 1.74414
9193 1.74414
9200 1.75348
9300 1.88916
9400 2.01294
9500 2.12587
9600 2.22888
9700 2.32286
9800 2.40859
9900 2.48679
10000 2.55814
10000 2.55814
10100 2.62323
10200 2.6826
10300 2.73677
10400 2.78618
10500 2.83126
10600 2.87239
10700 2.9099
10800 2.94412
10900 2.97535
11000 3.00383
11000 3.00383
11000 3.00383
11000 3.00383
11100 2.54544
11200 2.19743
11300 1.93321
11393 1.74414
11393 1.74414
11393 1.74414
11393 1.74414
11400 1.75348
11500 1.88916
11600 2.01295
11700 2.12587
11800 2.22888
11900 2.32286
12000 2.40859
12000 2.40859
12100 2.48679
12200 2.55814
12300 2.62323
12400 2.6826
12500 2.73677
12600 2.78618
12700 2.83126
12800 2.87239
12900 2.9099
13000 2.94412
13000 2.94412
13100 2.97535
13200 3.00383
13200 3.00383
13200 3.00383
13300 2.54544
13400 2.19743
13500 1.93321
13593 1.74414
13593 1.74414
13593 1.74414
13593 1.74414
13600 1.75348
13700 1.88916
13800 2.01295
13900 2.12587
14000 2.22888
14000 2.22888
14100 2.32286
14200 2.40859
14300 2.48679
14400 2.55814
14500 2.62323
14600 2.6826
14700 2.73677
14800 2.78618
14900 2.83126
15000 2.87239
15000 2.87239
15100 2.9099
15200 2.94412
15300 2.97535
15400 3.00383
15400 3.00383
15400 3.00383
15500 2.54544
15600 2.19743
15700 1.93321
15793 1.74414
15793 1.74414
15793 1.74414
15793 1.74414
15800 1.75348
15900 1.88916
16000 2.01295
16000 2.01295
16100 2.12587
16200 2.22888
16300 2.32286
16400 2.40859
16500 2.48679
16600 2.55814
16700 2.62323
16800 2.6826
16900 2.73677
17000 2.78618
17000 2.78618
17100 2.83126
17200 2.87239
17300 2.9099
17400 2.94412
17500 2.97535
17600 3.00383
17600 3.00383
17600 3.00383
17700 2.54544
17800 2.19743
17900 1.93321
17993 1.74414
17993 1.74414
17993 1.74414
17993 1.74414
18000 1.75348
18000 1.75348
18100 1.88916
18200 2.01295
18300 2.12587
18400 2.22888
18500 2.32286
18600 2.40859
18700 2.48679
18800 2.55814
18900 2.62323
19000 2.6826
19000 2.6826
19100 2.73677
19200 2.78618
19300 2.83126
19400 2.87239
19500 2.9099
19600 2.94412
19700 2.97535
19800 3.00383
19800 3.00383
19800 3.00383
19900 2.54544
20000 2.19743
20000 2.19743
20100 1.93321
20193 1.74414
20193 1.74414
20193 1.74414
20193 1.74414
20200 1.75348
20300 1.88916
20400 2.01295
20500 2.12587
20600 2.22888
20700 2.32286
20800 2.40859
20900 2.48679
21000 2.55814
21000 2.55814
21100 2.62323
21200 2.6826
21300 2.73677
21400 2.78618
21500 2.83126
21600 2.87239
21700 2.9099
21800 2.94412
21900 2.97535
22000 3.00383
22000 3.00383
22000 3.00383
22000 3.00383
22100 2.54544
22200 2.19743
22300 1.93321
22393 1.74414
22393 1.74414
22393 1.74414
22393 1.74414
22400 1.75348
22500 1.88916
22600 2.01295
22700 2.12587
22800 2.22888
22900 2.32286
23000 2.40859
23000 2.40859
23100 2.48679
23200 2.55814
23300 2.62323
23400 2.6826
23500 2.73677
23600 2.78618
23700 2.83126
23800 2.87239
23900 2.9099
24000 2.94412
24000 2.94412
24100 2.97535
24200 3.00383
24200 3.00383
24200 3.00383
24300 2.54544
24400 2.19743
24500 1.93321
24576 1.77583
24576 1.77583
24578 1.74621
24578 1.74621
24578 1.74621
24578 1.74621
24600 1.77701
24700 1.91063
24800 2.03253
24900 2.14373
25000 2.24518
25000 2.24518
25100 2.33772
25200 2.42215
25300 2.49917
25400 2.56943
25500 2.63352
25600 2.692
25700 2.74534
25800 2.794
25900 2.83839
26000 2.87889
26000 2.87889
26100 2.91584
26200 2.94954
26300 2.98029
26400 3.00833
26400 3.00833
26400 3.00833
26400 3.00833
26400 3.00833
26401 2.99994
26401 2.99994
26401 2.9991
26401 2.9991
26402 2.97416
26402 2.97416
26403 2.9728
26403 2.9728
26404 2.94221
26404 2.94221
26404 2.9414
26404 2.9414
26405 2.88716
26405 2.88716
26500 2.47729
26600 2.14568
26624 2.07879
26624 2.07879
26626 2.04557
26626 2.04557
26626 2.04557
26626 2.04557
26700 2.12794
26800 2.23077
26900 2.32458
27000 2.41016
27000 2.41016
27100 2.48823
27200 2.55945
27300 2.62442
27400 2.68369
27500 2.73776
27600 2.78709
27700 2.83209
27800 2.87314
27900 2.91059
28000 2.94475
28000 2.94475
28100 2.97592
28200 3.00435
28300 3.03029
28400 3.05395
28500 3.07553
28600 3.09522
28666 3.10734
28666 3.10734
28672 3.07668
28672 3.07668
28674 3.02053
28674 3.02053
28674 3.02053
28674 3.02053
28700 3.02707
28800 3.05101
28900 3.07286
29000 3.09278
29000 3.09278
29100 3.11096
29200 3.12754
29300 3.14267
29400 3.15647
29500 3.16906
29600 3.18055
29700 3.19103
29800 3.20058
29900 3.2093
30000 3.21726
30000 3.21726
30100 3.22452
30200 3.23114
30300 3.23717
30400 3.24268
30500 3.24771
30510 3.2482
30510 3.2482
30510 3.2482
30510 3.2482
30510 3.2482
30514 3.00086
30514 3.00086
30514 3.00002
30514 3.00002
30515 2.97506
30515 2.97506
30515 2.97506
30515 2.97506
30600 2.99928
30700 3.02566
30714 3.02927
30714 3.02927
30720 2.9998
30720 2.9998
30722 2.94915
30722 2.94915
30722 2.94915
30722 2.94915
30800 2.97338
30900 3.00204
31000 3.02818
31000 3.02818
31100 3.05202
31200 3.07378
31300 3.09362
31400 3.11173
31500 3.12824
31600 3.14331
31700 3.15706
31800 3.16959
31900 3.18103
32000 3.19147
32000 3.19147
32100 3.20099
32200 3.20967
32300 3.21759
32400 3.22482
32500 3.23141
32600 3.23743
32700 3.24292
32762 3.24609
32762 3.24609
32768 3.21331
32768 3.21331
32770 3.1512
32770 3.1512
32770 3.1512
32770 3.1512
32800 3.1552
32900 3.1679
33000 3.17949
33000 3.17949
33100 3.19006
33200 3.1997
33300 3.2085
33400 3.21652
33500 3.22384
33600 3.23052
33700 3.23662
33800 3.24217
33900 3.24725
34000 3.25187
34000 3.25187
34100 3.25609
34200 3.25994
34300 3.26345
34400 3.26666
34500 3.26958
34600 3.27225
34700 3.27468
34800 3.2769
34810 3.27712
34810 3.27712
34816 3.24386
34816 3.24386
34900 3.24803
35000 3.25258
35000 3.25258
35100 3.25674
35200 3.26053
35300 3.26399
35400 3.26715
35500 3.27003
35600 3.27266
35700 3.27505
35800 3.27724
35900 3.27923
36000 3.28105
36000 3.28105
36100 3.28271
36200 3.28423
36300 3.28561
36400 3.28687
36500 3.28802
36600 3.28906
36700 3.29002
36800 3.29089
36858 3.29137
36858 3.29137
36864 3.2579
36864 3.2579
36866 3.19805
36866 3.19805
36866 3.19805
36866 3.19805
36900 3.20116
37000 3.20983
37000 3.20983
37100 3.21774
37200 3.22496
37300 3.23154
37400 3.23754
37500 3.24302
37600 3.24802
37700 3.25257
37800 3.25673
37900 3.26052
38000 3.26399
38000 3.26399
38100 3.26714
38200 3.27002
38300 3.27265
38400 3.27505
38500 3.27723
38600 3.27923
38700 3.28105
38800 3.28271
38900 3.28422
38906 3.28431
38906 3.28431
38912 3.25095
38912 3.25095
38914 3.19555
38914 3.19555
38914 3.19555
38914 3.19555
39000 3.20347
39000 3.20347
39100 3.21194
39200 3.21966
39300 3.22671
39400 3.23314
39500 3.239
39600 3.24435
39700 3.24923
39800 3.25368
39900 3.25774
40000 3.26145
40000 3.26145
40100 3.26483
40200 3.26791
40300 3.27072
40400 3.27329
40500 3.27563
40510 3.27586
40510 3.27586
40510 3.27586
40510 3.27586
40510 3.27586
40514 3.0263
40514 3.0263
40514 3.02545
40514 3.02545
40515 3.00026
40515 3.00026
40515 3.00026
40515 3.00026
40600 3.0226
40700 3.04693
40800 3.06913
40900 3.08939
40954 3.09965
40954 3.09965
40960 3.06911
40960 3.06911
40962 3.01009
40962 3.01009
40962 3.01009
40962 3.01009
41000 3.01995
41000 3.01995
41100 3.04452
41200 3.06693
41300 3.08738
41400 3.10603
41500 3.12304
41600 3.13857
41700 3.15273
41800 3.16565
41900 3.17743
42000 3.18818
42000 3.18818
42100 3.19799
42200 3.20694
42300 3.2151
42400 3.22255
42500 3.22934
42600 3.23554
42700 3.24119
42800 3.24635
42900 3.25105
43000 3.25534
43000 3.25534
43002 3.25544
43002 3.25544
43008 3.22252
43008 3.22252
43100 3.22879
43200 3.23504
43300 3.24073
43400 3.24593
43500 3.25067
43600 3.255
43700 3.25894
43800 3.26254
43900 3.26583
