0 3.03099
0 3.03087
0 3.03087
2 3.02527
2 3.02527
100 2.97288
200 2.92039
300 2.8691
400 2.81896
500 2.76997
600 2.72209
700 2.67529
800 2.62956
900 2.58487
1000 2.54119
1000 2.54119
1100 2.4985
1200 2.45678
1300 2.416
1400 2.37615
1500 2.33721
1600 2.29915
1700 2.26195
1800 2.2256
1900 2.19007
2000 2.15535
2000 2.15535
2048 2.13896
2048 2.13896
2050 2.13539
2050 2.13539
2100 2.11857
2200 2.08547
2300 2.05312
2400 2.02151
2500 1.99061
2600 1.96041
2700 1.9309
2800 1.90206
2900 1.87388
3000 1.84633
3000 1.84633
3100 1.81941
3200 1.7931
3200 1.7931
3200 1.7931
3300 1.8
3400 1.80688
3500 1.81372
3600 1.82052
3700 1.8273
3800 1.83405
3900 1.84076
4000 1.84745
4000 1.84745
4100 1.8541
4200 1.86072
4300 1.86732
4400 1.87388
4500 1.88041
4600 1.88691
4700 1.89339
4800 1.89983
4900 1.90624
5000 1.91263
5000 1.91263
5100 1.91898
5200 1.92531
5300 1.93161
5400 1.93788
5500 1.94412
5600 1.95033
5700 1.95651
5800 1.96266
5900 1.96879
6000 1.97489
6000 1.97489
6100 1.98096
6200 1.987
6300 1.99301
6400 1.999
6500 2.00496
6600 2.01089
6700 2.0168
6800 2.02267
6900 2.02853
7000 2.03435
7000 2.03435
7100 2.04015
7200 2.04592
7300 2.05166
7400 2.05738
7500 2.06307
7600 2.06874
7700 2.07438
7800 2.07999
7900 2.08558
8000 2.09115
8000 2.09115
8100 2.09668
8200 2.10219
8300 2.10768
8400 2.11314
8500 2.11858
8600 2.12399
8700 2.12938
8800 2.13474
8900 2.14008
9000 2.14539
9000 2.14539
9100 2.15068
9200 2.15594
9300 2.16119
9400 2.1664
9500 2.17159
9600 2.17676
9700 2.18191
9800 2.18703
9900 2.19213
10000 2.1972
10000 2.1972
10100 2.20225
10200 2.20728
10300 2.21229
10400 2.21727
10500 2.22223
10600 2.22717
10700 2.23208
10800 2.23697
10900 2.24184
11000 2.24669
11000 2.24669
11100 2.25151
11200 2.25632
11300 2.2611
11400 2.26586
11500 2.27059
11600 2.27531
11700 2.28
11800 2.28468
11900 2.28933
12000 2.29396
12000 2.29396
12100 2.29856
12200 2.30315
12300 2.30772
12400 2.31226
12500 2.31679
12600 2.32129
12700 2.32577
12800 2.33024
12900 2.33468
13000 2.3391
13000 2.3391
13100 2.3435
13200 2.34788
13300 2.35224
13400 2.35659
13500 2.36091
13600 2.36521
13700 2.36949
13800 2.37375
13900 2.378
14000 2.38222
14000 2.38222
14100 2.38642
14200 2.39061
14300 2.39477
14400 2.39892
14500 2.40305
14600 2.40716
14700 2.41125
14800 2.41532
14900 2.41937
15000 2.4234
15000 2.4234
15100 2.42742
15200 2.43142
15300 2.43539
15400 2.43935
15500 2.4433
15600 2.44722
15700 2.45113
15800 2.45502
15900 2.45889
16000 2.46274
16000 2.46274
16100 2.46657
16200 2.47039
16300 2.47419
16400 2.47797
16500 2.48174
16600 2.48549
16700 2.48922
16800 2.49293
16900 2.49663
17000 2.50031
17000 2.50031
17100 2.50397
17200 2.50762
17300 2.51125
17400 2.51486
17500 2.51846
17600 2.52204
17700 2.5256
17800 2.52915
17900 2.53268
18000 2.53619
18000 2.53619
18100 2.53969
18200 2.54318
18300 2.54664
18400 2.55009
18500 2.55353
18600 2.55695
18700 2.56035
18800 2.56374
18900 2.56711
19000 2.57047
19000 2.57047
19100 2.57381
19200 2.57714
19300 2.58045
19400 2.58374
19500 2.58702
19600 2.59029
19700 2.59354
19800 2.59678
19900 2.6
20000 2.6032
20000 2.6032
20100 2.6064
20200 2.60957
20300 2.61274
20400 2.61588
20500 2.61902
20600 2.62214
20700 2.62524
20800 2.62833
20900 2.63141
21000 2.63447
21000 2.63447
21100 2.63752
21200 2.64055
21300 2.64357
21400 2.64658
21500 2.64957
21600 2.65255
21700 2.65552
21800 2.65847
21900 2.66141
22000 2.66433
22000 2.66433
22100 2.66725
22200 2.67014
22300 2.67303
22400 2.6759
22500 2.67876
22600 2.68161
22700 2.68444
22800 2.68726
22900 2.69006
23000 2.69286
23000 2.69286
23100 2.69564
23200 2.69841
23300 2.70116
23400 2.70391
23500 2.70664
23600 2.70935
23700 2.71206
23800 2.71475
23900 2.71743
24000 2.7201
24000 2.7201
24100 2.72276
24200 2.7254
24300 2.72803
24400 2.73065
24500 2.73326
24600 2.73586
24700 2.73844
24800 2.74101
24900 2.74357
25000 2.74612
25000 2.74612
25100 2.74866
25200 2.75119
25300 2.7537
25400 2.7562
25500 2.75869
25600 2.76117
25700 2.76364
25800 2.7661
25900 2.76854
26000 2.77098
26000 2.77098
26100 2.7734
26200 2.77581
26300 2.77821
26400 2.7806
26500 2.78298
26600 2.78535
26700 2.78771
26800 2.79005
26900 2.79239
27000 2.79471
27000 2.79471
27100 2.79703
27200 2.79933
27300 2.80163
27400 2.80391
27500 2.80618
27600 2.80844
27700 2.81069
27800 2.81293
27900 2.81517
28000 2.81739
28000 2.81739
28100 2.8196
28200 2.8218
28300 2.82399
28400 2.82617
28500 2.82834
28600 2.8305
28700 2.83265
28800 2.83479
28900 2.83692
29000 2.83904
29000 2.83904
29100 2.84115
29200 2.84325
29300 2.84535
29400 2.84743
29500 2.8495
29600 2.85157
29700 2.85362
29800 2.85566
29900 2.8577
30000 2.85972
30000 2.85972
30100 2.86174
30200 2.86375
30300 2.86575
30400 2.86774
30500 2.86972
30600 2.87169
30700 2.87365
30800 2.8756
30900 2.87755
31000 2.87948
31000 2.87948
31100 2.88141
31200 2.88332
31300 2.88523
31400 2.88713
31500 2.88902
31600 2.89091
31700 2.89278
31800 2.89464
31900 2.8965
32000 2.89835
32000 2.89835
32100 2.90019
32200 2.90202
32300 2.90384
32400 2.90566
32500 2.90746
32600 2.90926
32700 2.91105
32800 2.91283
32900 2.91461
33000 2.91637
33000 2.91637
33100 2.91813
33200 2.91988
33300 2.92162
33400 2.92335
33500 2.92508
33600 2.92679
33700 2.9285
33800 2.9302
33900 2.9319
34000 2.93358
34000 2.93358
34100 2.93526
34200 2.93693
34300 2.9386
34400 2.94025
34500 2.9419
34600 2.94354
34700 2.94517
34800 2.9468
34900 2.94841
35000 2.95002
35000 2.95002
35100 2.95163
35200 2.95322
35300 2.95481
35400 2.95639
35500 2.95797
35600 2.95953
35700 2.96109
35800 2.96264
35900 2.96419
36000 2.96573
36000 2.96573
36100 2.96726
36200 2.96878
36300 2.9703
36400 2.97181
36500 2.97331
36600 2.97481
36700 2.9763
36800 2.97778
36900 2.97926
37000 2.98073
37000 2.98073
37100 2.98219
37200 2.98364
37300 2.98509
37400 2.98653
37500 2.98797
37600 2.9894
37700 2.99082
37800 2.99224
37900 2.99365
38000 2.99505
38000 2.99505
38100 2.99645
38200 2.99784
38300 2.99922
38400 3.0006
38400 3.0006
38400 3.0006
38500 2.94748
38600 2.89557
38700 2.84484
38800 2.79526
38900 2.74681
38912 2.74107
38912 2.74107
38914 2.7364
38914 2.7364
39000 2.69583
39000 2.69583
39002 2.6947
39002 2.6947
39004 2.68668
39004 2.68668
39004 2.68661
39004 2.68661
39005 2.68437
39005 2.68437
39005 2.68424
39005 2.68424
39006 2.68147
39006 2.68147
39006 2.68139
39006 2.68139
39007 2.67641
39007 2.67641
39100 2.63419
39200 2.58939
39300 2.54561
39400 2.50282
39500 2.461
39600 2.42013
39700 2.38019
39800 2.34115
39900 2.303
40000 2.26572
40000 2.26572
40100 2.22928
40200 2.19367
40300 2.15887
40400 2.12485
40500 2.09161
40600 2.05912
40700 2.02737
40800 1.99635
40900 1.96602
40960 1.94816
40960 1.94816
40962 1.94468
40962 1.94468
40962 1.94468
40962 1.94468
41000 1.94703
41000 1.94703
41100 1.95322
41200 1.95939
41300 1.96553
41400 1.97165
41500 1.97773
41600 1.98379
41700 1.98982
41800 1.99582
41900 2.00179
42000 2.00774
42000 2.00774
42100 2.01366
42200 2.01955
42300 2.02542
42400 2.03125
42500 2.03707
42600 2.04285
42700 2.04861
42800 2.05434
42900 2.06005
43000 2.06573
43000 2.06573
43002 2.06587
43002 2.06587
43008 2.06406
43008 2.06406
43010 2.06062
43010 2.06062
43010 2.06062
43010 2.06062
43100 2.06573
43200 2.07139
43300 2.07701
43400 2.08262
43500 2.08819
43600 2.09374
43700 2.09927
43800 2.10477
43900 2.11024
