0 3.03099
0 3.03059
0 3.03059
2 3.01189
2 3.01189
100 2.83778
200 2.6701
300 2.51261
400 2.36471
500 2.22579
600 2.09533
700 1.97279
800 1.85772
900 1.74963
900 1.74963
900 1.74963
1000 1.752
1000 1.752
1100 1.75437
1200 1.75673
1300 1.75909
1400 1.76145
1500 1.7638
1600 1.76615
1700 1.7685
1800 1.77084
1900 1.77318
2000 1.77551
2000 1.77551
2100 1.77784
2200 1.78017
2300 1.78249
2400 1.78481
2500 1.78713
2600 1.78944
2700 1.79175
2800 1.79406
2900 1.79636
3000 1.79866
3000 1.79866
3100 1.80095
3200 1.80325
3300 1.80553
3400 1.80782
3500 1.8101
3600 1.81238
3700 1.81465
3800 1.81692
3900 1.81919
4000 1.82146
4000 1.82146
4100 1.82372
4200 1.82597
4300 1.82823
4400 1.83048
4500 1.83272
4600 1.83497
4700 1.83721
4800 1.83944
4900 1.84168
5000 1.84391
5000 1.84391
5100 1.84613
5200 1.84836
5300 1.85058
5400 1.85279
5500 1.855
5600 1.85721
5700 1.85942
5800 1.86162
5900 1.86382
6000 1.86602
6000 1.86602
6100 1.86821
6200 1.8704
6300 1.87258
6400 1.87477
6500 1.87695
6600 1.87912
6700 1.88129
6800 1.88346
6900 1.88563
7000 1.88779
7000 1.88779
7100 1.88995
7200 1.89211
7300 1.89426
7400 1.89641
7500 1.89855
7600 1.9007
7700 1.90284
7800 1.90497
7900 1.9071
8000 1.90923
8000 1.90923
8100 1.91136
8200 1.91348
8300 1.9156
8400 1.91772
8500 1.91983
8600 1.92194
8700 1.92405
8800 1.92615
8900 1.92825
9000 1.93035
9000 1.93035
9100 1.93245
9200 1.93454
9300 1.93662
9400 1.93871
9500 1.94079
9600 1.94287
9700 1.94494
9800 1.94701
9900 1.94908
10000 1.95115
10000 1.95115
10100 1.95321
10200 1.95527
10300 1.95733
10400 1.95938
10500 1.96143
10600 1.96347
10700 1.96552
10800 1.96756
10900 1.96959
11000 1.97163
11000 1.97163
11100 1.97366
11200 1.97569
11300 1.97771
11400 1.97973
11500 1.98175
11600 1.98377
11700 1.98578
11800 1.98779
11900 1.9898
12000 1.9918
12000 1.9918
12100 1.9938
12200 1.9958
12300 1.99779
12400 1.99978
12500 2.00177
12600 2.00375
12700 2.00573
12800 2.00771
12900 2.00969
13000 2.01166
13000 2.01166
13100 2.01363
13200 2.0156
13300 2.01756
13400 2.01952
13500 2.02148
13600 2.02343
13700 2.02539
13800 2.02733
13900 2.02928
14000 2.03122
14000 2.03122
14100 2.03316
14200 2.0351
14300 2.03703
14400 2.03896
14500 2.04089
14600 2.04282
14700 2.04474
14800 2.04666
14900 2.04857
15000 2.05049
15000 2.05049
15100 2.0524
15200 2.0543
15300 2.05621
15400 2.05811
15500 2.06001
15600 2.06191
15700 2.0638
15800 2.06569
15900 2.06757
16000 2.06946
16000 2.06946
16100 2.07134
16200 2.07322
16300 2.07509
16400 2.07697
16500 2.07884
16600 2.0807
16700 2.08257
16800 2.08443
16900 2.08629
17000 2.08814
17000 2.08814
17100 2.09
17200 2.09184
17300 2.09369
17400 2.09554
17500 2.09738
17600 2.09922
17700 2.10105
17800 2.10288
17900 2.10471
18000 2.10654
18000 2.10654
18100 2.10837
18200 2.11019
18300 2.11201
18400 2.11382
18500 2.11564
18600 2.11745
18700 2.11926
18800 2.12106
18900 2.12286
19000 2.12466
19000 2.12466
19100 2.12646
19200 2.12825
19300 2.13004
19400 2.13183
19500 2.13362
19600 2.1354
19700 2.13718
19800 2.13896
19900 2.14073
20000 2.14251
20000 2.14251
20100 2.14428
20200 2.14604
20300 2.14781
20400 2.14957
20500 2.15133
20600 2.15308
20700 2.15484
20800 2.15659
20900 2.15834
21000 2.16008
21000 2.16008
21100 2.16182
21200 2.16356
21300 2.1653
21400 2.16704
21500 2.16877
21600 2.1705
21700 2.17222
21800 2.17395
21900 2.17567
22000 2.17739
22000 2.17739
22100 2.1791
22200 2.18082
22300 2.18253
22400 2.18424
22500 2.18594
22600 2.18765
22700 2.18935
22800 2.19104
22900 2.19274
23000 2.19443
23000 2.19443
23100 2.19612
23200 2.19781
23300 2.19949
23400 2.20118
23500 2.20286
23600 2.20453
23700 2.20621
23800 2.20788
23900 2.20955
24000 2.21122
24000 2.21122
24100 2.21288
24200 2.21454
24300 2.2162
24400 2.21786
24500 2.21951
24600 2.22116
24700 2.22281
24800 2.22446
24900 2.22611
25000 2.22775
25000 2.22775
25100 2.22939
25200 2.23102
25300 2.23266
25400 2.23429
25500 2.23592
25600 2.23754
25700 2.23917
25800 2.24079
25900 2.24241
26000 2.24403
26000 2.24403
26100 2.24564
26200 2.24725
26300 2.24886
26400 2.25047
26500 2.25207
26600 2.25367
26700 2.25527
26800 2.25687
26900 2.25847
27000 2.26006
27000 2.26006
27100 2.26165
27200 2.26323
27300 2.26482
27400 2.2664
27500 2.26798
27600 2.26956
27700 2.27113
27800 2.27271
27900 2.27428
28000 2.27585
28000 2.27585
28100 2.27741
28200 2.27897
28300 2.28053
28400 2.28209
28500 2.28365
28600 2.2852
28700 2.28675
28800 2.2883
28900 2.28985
29000 2.29139
29000 2.29139
29100 2.29294
29200 2.29447
29300 2.29601
29400 2.29755
29500 2.29908
29600 2.30061
29700 2.30214
29800 2.30366
29900 2.30518
30000 2.30671
30000 2.30671
30100 2.30822
30200 2.30974
30300 2.31125
30400 2.31277
30500 2.31427
30600 2.31578
30700 2.31729
30800 2.31879
30900 2.32029
31000 2.32179
31000 2.32179
31100 2.32328
31200 2.32477
31300 2.32626
31400 2.32775
31500 2.32924
31600 2.33072
31700 2.3322
31800 2.33368
31900 2.33516
32000 2.33664
32000 2.33664
32100 2.33811
32200 2.33958
32300 2.34105
32400 2.34251
32500 2.34398
32600 2.34544
32700 2.3469
32800 2.34835
32900 2.34981
33000 2.35126
33000 2.35126
33100 2.35271
33200 2.35416
33300 2.3556
33400 2.35705
33500 2.35849
33600 2.35993
33700 2.36137
33800 2.3628
33900 2.36423
34000 2.36566
34000 2.36566
34100 2.36709
34200 2.36852
34300 2.36994
34400 2.37136
34500 2.37278
34600 2.3742
34700 2.37561
34800 2.37703
34900 2.37844
35000 2.37985
35000 2.37985
35100 2.38125
35200 2.38266
35300 2.38406
35400 2.38546
35500 2.38686
35600 2.38825
35700 2.38965
35800 2.39104
35900 2.39243
36000 2.39382
36000 2.39382
36100 2.3952
36200 2.39658
36300 2.39796
36400 2.39934
36500 2.40072
36600 2.40209
36700 2.40347
36800 2.40484
36900 2.40621
37000 2.40757
37000 2.40757
37100 2.40894
37200 2.4103
37300 2.41166
37400 2.41302
37500 2.41437
37600 2.41572
37700 2.41708
37800 2.41843
37900 2.41977
38000 2.42112
38000 2.42112
38100 2.42246
38200 2.4238
38300 2.42514
38400 2.42648
38500 2.42781
38600 2.42915
38700 2.43048
38800 2.43181
38900 2.43314
39000 2.43446
39000 2.43446
39100 2.43578
39200 2.4371
39300 2.43842
39400 2.43974
39500 2.44105
39600 2.44237
39700 2.44368
39800 2.44499
39900 2.44629
40000 2.4476
40000 2.4476
40100 2.4489
40200 2.4502
40300 2.4515
40400 2.4528
40500 2.45409
40600 2.45539
40700 2.45668
40800 2.45797
40900 2.45925
41000 2.46054
41000 2.46054
41100 2.46182
41200 2.4631
41300 2.46438
41400 2.46566
41500 2.46693
41600 2.46821
41700 2.46948
41800 2.47075
41900 2.47202
42000 2.47328
42000 2.47328
42100 2.47454
42200 2.47581
42300 2.47707
42400 2.47832
42500 2.47958
42600 2.48083
42700 2.48209
42800 2.48334
42900 2.48458
43000 2.48583
43000 2.48583
43100 2.48707
43200 2.48832
43300 2.48956
43400 2.4908
43500 2.49203
43600 2.49327
43700 2.4945
43800 2.49573
43900 2.49696
