0 3.03099
0 3.03063
0 3.03063
2 3.01229
2 3.01229
100 2.85888
200 2.71959
300 2.59635
400 2.48731
500 2.39083
600 2.30547
700 2.22995
800 2.16313
900 2.10401
1000 2.0517
1000 2.0517
1100 2.00542
1200 1.96448
1300 1.92825
1400 1.89619
1500 1.86783
1600 1.84274
1700 1.82054
1800 1.8009
1900 1.78352
1900 1.78352
1900 1.78352
2000 1.87357
2000 1.87357
2100 1.95828
2200 2.03795
2300 2.11289
2400 2.18338
2500 2.24969
2600 2.31206
2700 2.37072
2800 2.42591
2900 2.47781
3000 2.52663
3000 2.52663
3100 2.57256
3200 2.61575
3300 2.65638
3400 2.6946
3500 2.73055
3600 2.76437
3700 2.79617
3800 2.82609
3900 2.85423
4000 2.8807
4000 2.8807
4100 2.9056
4200 2.92902
4300 2.95105
4400 2.97177
4500 2.99126
4600 3.00959
4600 3.00959
4600 3.00959
4700 2.85293
4800 2.71432
4900 2.59169
5000 2.48319
5000 2.48319
5100 2.38718
5200 2.30225
5300 2.2271
5400 2.16061
5500 2.10178
5600 2.04973
5700 2.00367
5800 1.96293
5900 1.92688
6000 1.89498
6000 1.89498
6100 1.86676
6144 1.8554
6144 1.8554
6146 1.84658
6146 1.84658
6200 1.83401
6300 1.81282
6400 1.79407
6400 1.79407
6400 1.79407
6500 1.88349
6600 1.96761
6700 2.04673
6800 2.12115
6900 2.19115
7000 2.25699
7000 2.25699
7100 2.31893
7200 2.37719
7300 2.43199
7400 2.48353
7500 2.53201
7600 2.57762
7700 2.62051
7800 2.66086
7900 2.69881
8000 2.73451
8000 2.73451
8100 2.76809
8200 2.79968
8300 2.82939
8400 2.85733
8500 2.88362
8600 2.90834
8700 2.9316
8800 2.95347
8900 2.97405
9000 2.99341
9000 2.99341
9100 3.01161
9100 3.01161
9100 3.01161
9100 3.01161
9100 3.01161
9101 3.00895
9101 3.00895
9101 3.00868
9101 3.00868
9102 3.0004
9102 3.0004
9103 2.99996
9103 2.99996
9104 2.98974
9104 2.98974
9104 2.98948
9104 2.98948
9105 2.97106
9105 2.97106
9200 2.82663
9300 2.69105
9400 2.5711
9500 2.46497
9600 2.37107
9700 2.28799
9800 2.21448
9900 2.14944
10000 2.0919
10000 2.0919
10100 2.04099
10200 1.99594
10240 1.97941
10240 1.97941
10242 1.96973
10242 1.96973
10242 1.96973
10242 1.96973
10300 2.0161
10400 2.09234
10500 2.16405
10600 2.23151
10700 2.29495
10800 2.35464
10900 2.41077
11000 2.46358
11000 2.46358
11100 2.51324
11200 2.55996
11300 2.60391
11400 2.64524
11500 2.68412
11600 2.72069
11700 2.75509
11800 2.78745
11900 2.81788
12000 2.84651
12000 2.84651
12100 2.87344
12200 2.89877
12282 2.91851
12282 2.91851
12288 2.90986
12288 2.90986
12290 2.89243
12290 2.89243
12290 2.89243
12290 2.89243
12300 2.89486
12400 2.91892
12500 2.94155
12600 2.96283
12700 2.98285
12800 3.00169
12900 3.0194
13000 3.03606
13000 3.03606
13100 3.05173
13200 3.06648
13210 3.06794
13210 3.06794
13210 3.06794
13210 3.06794
13210 3.06794
13214 2.98848
13214 2.98848
13214 2.98821
13214 2.98821
13215 2.98
13215 2.98
13215 2.98
13215 2.98
13300 2.9961
13400 3.01415
13500 3.03112
13600 3.04709
13700 3.06211
13800 3.07623
13900 3.08952
14000 3.10202
14000 3.10202
14100 3.11377
14200 3.12483
14300 3.13523
14330 3.13827
14330 3.13827
14336 3.12812
14336 3.12812
14338 3.11043
14338 3.11043
14338 3.11043
14338 3.11043
14400 3.11749
14500 3.12832
14600 3.13852
14700 3.1481
14800 3.15712
14900 3.16561
15000 3.17359
15000 3.17359
15100 3.18109
15200 3.18815
15300 3.19479
15400 3.20104
15500 3.20692
15600 3.21244
15700 3.21764
15800 3.22253
15900 3.22713
16000 3.23146
16000 3.23146
16100 3.23553
16200 3.23935
16300 3.24295
16378 3.24563
16378 3.24563
16384 3.23475
16384 3.23475
16386 3.21379
16386 3.21379
16386 3.21379
16386 3.21379
16400 3.21451
16500 3.21959
16600 3.22436
16700 3.22885
16800 3.23307
16900 3.23705
17000 3.24079
17000 3.24079
17100 3.2443
17200 3.24761
17300 3.25072
17400 3.25364
17500 3.25639
17600 3.25898
17700 3.26142
17800 3.26371
17900 3.26586
18000 3.26789
18000 3.26789
18100 3.26979
18200 3.27159
18300 3.27327
18400 3.27486
18426 3.27526
18426 3.27526
18432 3.26418
18432 3.26418
18500 3.26564
18600 3.26768
18700 3.2696
18800 3.2714
18900 3.2731
19000 3.2747
19000 3.2747
19100 3.2762
19200 3.27761
19300 3.27894
19400 3.28019
19500 3.28136
19600 3.28247
19700 3.28351
19800 3.28449
19900 3.28541
20000 3.28627
20000 3.28627
20100 3.28709
20200 3.28785
20300 3.28857
20400 3.28925
20474 3.28973
20474 3.28973
20480 3.27855
20480 3.27855
20482 3.25834
20482 3.25834
20482 3.25834
20482 3.25834
20500 3.2588
20600 3.26124
20700 3.26354
20800 3.26571
20900 3.26774
21000 3.26966
21000 3.26966
21100 3.27146
21200 3.27315
21300 3.27474
21400 3.27624
21500 3.27765
21600 3.27898
21700 3.28023
21800 3.2814
21900 3.2825
22000 3.28354
22000 3.28354
22100 3.28452
22200 3.28544
22300 3.2863
22400 3.28711
22500 3.28788
22522 3.28804
22522 3.28804
22528 3.27687
22528 3.27687
22530 3.25814
22530 3.25814
22530 3.25814
22530 3.25814
22600 3.2599
22700 3.26228
22800 3.26452
22900 3.26662
23000 3.2686
23000 3.2686
23100 3.27047
23200 3.27222
23210 3.27239
23210 3.27239
23210 3.27239
23210 3.27239
23210 3.27239
23214 3.18707
23214 3.18707
23214 3.18677
23214 3.18677
23215 3.17788
23215 3.17788
23215 3.17788
23215 3.17788
23300 3.18403
23400 3.19091
23500 3.19739
23600 3.20348
23700 3.20921
23800 3.2146
23900 3.21967
24000 3.22444
24000 3.22444
24100 3.22893
24200 3.23315
24300 3.23712
24400 3.24085
24500 3.24436
24570 3.24671
24570 3.24671
24576 3.23582
24576 3.23582
24578 3.21486
24578 3.21486
24578 3.21486
24578 3.21486
24600 3.21598
24700 3.22097
24800 3.22566
24900 3.23007
25000 3.23422
25000 3.23422
25100 3.23813
25200 3.2418
25300 3.24526
25400 3.24851
25500 3.25156
25600 3.25444
25700 3.25714
25800 3.25969
25900 3.26208
26000 3.26433
26000 3.26433
26100 3.26645
26200 3.26844
26300 3.27031
26400 3.27207
26500 3.27373
26600 3.27529
26618 3.27557
26618 3.27557
26624 3.26449
26624 3.26449
26700 3.2661
26800 3.26811
26900 3.27
27000 3.27178
27000 3.27178
27100 3.27346
27200 3.27503
27300 3.27652
27400 3.27791
27500 3.27922
27600 3.28045
27700 3.28161
27800 3.2827
27900 3.28373
28000 3.28469
28000 3.28469
28100 3.2856
28200 3.28646
28300 3.28726
28400 3.28802
28500 3.28873
28600 3.28939
28666 3.28982
28666 3.28982
28672 3.27864
28672 3.27864
28674 3.25843
28674 3.25843
28674 3.25843
28674 3.25843
28700 3.25908
28800 3.26151
28900 3.26379
29000 3.26594
29000 3.26594
29100 3.26797
29200 3.26987
29300 3.27166
29400 3.27334
29500 3.27492
29600 3.27641
29700 3.27781
29800 3.27912
29900 3.28036
30000 3.28153
30000 3.28153
30100 3.28262
30200 3.28366
30300 3.28462
30400 3.28554
30500 3.28639
30600 3.2872
30700 3.28796
30714 3.28807
30714 3.28807
30720 3.2769
30720 3.2769
30722 3.25817
30722 3.25817
30722 3.25817
30722 3.25817
30800 3.26012
30900 3.26248
31000 3.26471
31000 3.26471
31100 3.26681
31200 3.26878
31300 3.27063
31400 3.27237
31500 3.27401
31600 3.27555
31700 3.27701
31800 3.27837
31900 3.27965
32000 3.28086
32000 3.28086
32100 3.282
32200 3.28306
32300 3.28407
32400 3.28501
32500 3.2859
32600 3.28674
32700 3.28753
32762 3.28799
32762 3.28799
32768 3.27683
32768 3.27683
32770 3.25663
32770 3.25663
32770 3.25663
32770 3.25663
32800 3.25742
32900 3.25994
33000 3.26232
33000 3.26232
33100 3.26456
33200 3.26666
33210 3.26687
33210 3.26687
33210 3.26687
33210 3.26687
33210 3.26687
33214 3.18171
33214 3.18171
33214 3.18141
33214 3.18141
33215 3.17254
33215 3.17254
33215 3.17254
33215 3.17254
33300 3.17895
33400 3.18614
33500 3.1929
33600 3.19926
33700 3.20524
33800 3.21086
33900 3.21616
34000 3.22113
34000 3.22113
34100 3.22582
34200 3.23022
34300 3.23436
34400 3.23826
34500 3.24193
34600 3.24537
34700 3.24862
34800 3.25167
34810 3.25197
34810 3.25197
34816 3.24105
34816 3.24105
34818 3.22257
34818 3.22257
34818 3.22257
34818 3.22257
34900 3.22636
35000 3.23073
35000 3.23073
35100 3.23484
35200 3.23871
35300 3.24235
35400 3.24577
35500 3.24899
35600 3.25202
35700 3.25487
35800 3.25755
35900 3.26007
36000 3.26244
36000 3.26244
36100 3.26467
36200 3.26676
36300 3.26874
36400 3.27059
36500 3.27234
36600 3.27398
36700 3.27552
36800 3.27698
36858 3.27778
36858 3.27778
36864 3.26669
36864 3.26669
36866 3.24548
36866 3.24548
36866 3.24548
36866 3.24548
36900 3.24659
37000 3.24976
37000 3.24976
37100 3.25274
37200 3.25555
37300 3.25819
37400 3.26067
37500 3.263
37600 3.2652
37700 3.26726
37800 3.26921
37900 3.27104
38000 3.27275
38000 3.27275
38100 3.27437
38200 3.27589
38300 3.27732
38400 3.27867
38500 3.27993
38600 3.28112
38700 3.28224
38800 3.2833
38900 3.28429
38906 3.28435
38906 3.28435
38912 3.27321
38912 3.27321
39000 3.27461
39000 3.27461
39100 3.27612
39200 3.27754
39300 3.27887
39400 3.28012
39500 3.2813
39600 3.28241
39700 3.28345
39800 3.28444
39900 3.28536
40000 3.28623
40000 3.28623
40100 3.28704
40200 3.28781
40300 3.28854
40400 3.28922
40500 3.28986
40600 3.29046
40700 3.29102
40800 3.29155
40900 3.29206
40954 3.29231
40954 3.29231
40960 3.28112
40960 3.28112
40962 3.26089
40962 3.26089
40962 3.26089
40962 3.26089
41000 3.26179
41000 3.26179
41100 3.26406
41200 3.26619
41300 3.2682
41400 3.27008
41500 3.27186
41600 3.27353
41700 3.2751
41800 3.27658
41900 3.27797
42000 3.27927
42000 3.27927
42100 3.2805
42200 3.28166
42300 3.28275
42400 3.28377
42500 3.28474
42600 3.28564
42700 3.28649
42800 3.28729
42900 3.28805
43000 3.28876
43000 3.28876
43002 3.28877
43002 3.28877
43008 3.2776
43008 3.2776
43010 3.25887
43010 3.25887
43010 3.25887
43010 3.25887
43100 3.26107
43200 3.26338
43210 3.26361
43210 3.26361
43210 3.26361
43210 3.26361
43210 3.26361
43214 3.17854
43214 3.17854
43214 3.17824
43214 3.17824
43215 3.16938
43215 3.16938
43215 3.16938
43215 3.16938
43300 3.17595
43400 3.18332
43500 3.19024
43600 3.19676
43700 3.20289
43800 3.20866
43900 3.21408
