0 3.03099
0 3.03096
0 3.03096
2 3.02984
2 3.02984
100 3.01925
200 3.00844
300 2.99769
400 2.98698
500 2.97632
600 2.96571
700 2.95515
800 2.94464
900 2.93417
1000 2.92376
1000 2.92376
1100 2.91339
1200 2.90307
1300 2.89279
1400 2.88257
1500 2.87238
1600 2.86225
1700 2.85216
1800 2.84212
1900 2.83213
2000 2.82218
2000 2.82218
2048 2.81742
2048 2.81742
2050 2.81646
2050 2.81646
2100 2.81152
2200 2.80166
2300 2.79185
2400 2.78209
2500 2.77237
2600 2.76269
2700 2.75306
2800 2.74348
2900 2.73393
3000 2.72443
3000 2.72443
3100 2.71498
3200 2.70556
3300 2.69619
3400 2.68687
3500 2.67758
3600 2.66834
3700 2.65914
3800 2.64999
3900 2.64087
4000 2.6318
4000 2.6318
4096 2.62313
4096 2.62313
4098 2.62217
4098 2.62217
4100 2.62201
4200 2.61302
4300 2.60407
4400 2.59517
4500 2.5863
4502 2.58609
4502 2.58609
4504 2.58455
4504 2.58455
4504 2.58454
4504 2.58454
4505 2.58411
4505 2.58411
4505 2.58408
4505 2.58408
4506 2.58355
4506 2.58355
4506 2.58354
4506 2.58354
4507 2.58258
4507 2.58258
4600 2.57446
4700 2.56569
4800 2.55696
4900 2.54827
5000 2.53962
5000 2.53962
5100 2.53101
5200 2.52244
5300 2.51391
5400 2.50542
5500 2.49697
5600 2.48856
5700 2.48018
5800 2.47184
5900 2.46354
6000 2.45528
6000 2.45528
6100 2.44706
6144 2.44345
6144 2.44345
6146 2.44263
6146 2.44263
6146 2.44263
6146 2.44263
6200 2.44305
6300 2.44384
6400 2.44462
6500 2.44541
6600 2.44619
6700 2.44698
6800 2.44776
6900 2.44854
7000 2.44932
7000 2.44932
7100 2.45011
7200 2.45089
7300 2.45166
7400 2.45244
7500 2.45322
7600 2.454
7700 2.45477
7800 2.45555
7900 2.45633
8000 2.4571
8000 2.4571
8100 2.45787
8186 2.45854
8186 2.45854
8192 2.45808
8192 2.45808
8194 2.45718
8194 2.45718
8194 2.45718
8194 2.45718
8200 2.45723
8300 2.458
8400 2.45877
8500 2.45955
8600 2.46032
8700 2.46109
8800 2.46186
8900 2.46263
9000 2.4634
9000 2.4634
9100 2.46416
9200 2.46493
9300 2.4657
9400 2.46646
9500 2.46723
9600 2.46799
9700 2.46876
9800 2.46952
9900 2.47028
10000 2.47104
10000 2.47104
10082 2.47167
10082 2.47167
10082 2.47167
10082 2.47167
10082 2.47167
10086 2.46778
10086 2.46778
10087 2.46777
10087 2.46777
10088 2.46736
10088 2.46736
10088 2.46736
10088 2.46736
10100 2.46745
10200 2.46821
10234 2.46848
10234 2.46848
10240 2.46801
10240 2.46801
10242 2.46718
10242 2.46718
10242 2.46718
10242 2.46718
10300 2.46762
10400 2.46839
10500 2.46915
10600 2.46991
10700 2.47067
10800 2.47143
10900 2.47219
11000 2.47295
11000 2.47295
11100 2.47371
11200 2.47447
11300 2.47523
11400 2.47599
11500 2.47674
11600 2.4775
11700 2.47825
11800 2.47901
11900 2.47976
12000 2.48051
12000 2.48051
12100 2.48127
12200 2.48202
12282 2.48264
12282 2.48264
12288 2.48217
12288 2.48217
12290 2.48121
12290 2.48121
12290 2.48121
12290 2.48121
12300 2.48129
12400 2.48204
12500 2.48279
12600 2.48354
12700 2.48429
12800 2.48504
12900 2.48578
13000 2.48653
13000 2.48653
13100 2.48728
13200 2.48802
13300 2.48877
13400 2.48951
13500 2.49026
13600 2.491
13700 2.49174
13800 2.49248
13900 2.49323
14000 2.49397
14000 2.49397
14100 2.49471
14200 2.49545
14300 2.49618
14330 2.49641
14330 2.49641
14336 2.49594
14336 2.49594
14400 2.49641
14500 2.49715
14600 2.49788
14700 2.49862
14800 2.49936
14900 2.50009
15000 2.50082
15000 2.50082
15100 2.50156
15200 2.50229
15300 2.50302
15400 2.50375
15500 2.50449
15600 2.50522
15700 2.50594
15800 2.50667
15900 2.5074
16000 2.50813
16000 2.50813
16100 2.50886
16200 2.50958
16300 2.51031
16378 2.51088
16378 2.51088
16384 2.5104
16384 2.5104
16386 2.50948
16386 2.50948
16386 2.50948
16386 2.50948
16400 2.50958
16500 2.51031
16600 2.51103
16700 2.51176
16800 2.51248
16900 2.5132
17000 2.51393
17000 2.51393
17100 2.51465
17200 2.51537
17300 2.51609
17400 2.51681
17500 2.51753
17600 2.51825
17700 2.51896
17800 2.51968
17900 2.5204
18000 2.52111
18000 2.52111
18100 2.52183
18200 2.52254
18300 2.52325
18400 2.52397
18426 2.52416
18426 2.52416
18432 2.52368
18432 2.52368
18434 2.52282
18434 2.52282
18434 2.52282
18434 2.52282
18500 2.52329
18600 2.52401
18700 2.52472
18800 2.52543
18900 2.52614
19000 2.52685
19000 2.52685
19100 2.52756
19200 2.52827
19300 2.52898
19400 2.52968
19500 2.53039
19600 2.5311
19700 2.5318
19800 2.53251
19900 2.53321
20000 2.53392
20000 2.53392
20082 2.5345
20082 2.5345
20082 2.5345
20082 2.5345
20082 2.5345
20086 2.53051
20086 2.53051
20087 2.53049
20087 2.53049
20088 2.53007
20088 2.53007
20088 2.53007
20088 2.53007
20100 2.53016
20200 2.53086
20300 2.53157
20400 2.53227
20474 2.5328
20474 2.5328
20480 2.53232
20480 2.53232
20482 2.53134
20482 2.53134
20482 2.53134
20482 2.53134
20500 2.53147
20600 2.53217
20700 2.53288
20800 2.53358
20900 2.53428
21000 2.53499
21000 2.53499
21100 2.53569
21200 2.53639
21300 2.53709
21400 2.53779
21500 2.53849
21600 2.53919
21700 2.53989
21800 2.54059
21900 2.54128
22000 2.54198
22000 2.54198
22100 2.54267
22200 2.54337
22300 2.54406
22400 2.54476
22500 2.54545
22522 2.54561
22522 2.54561
22528 2.54512
22528 2.54512
22600 2.54562
22700 2.54631
22800 2.54701
22900 2.5477
23000 2.54839
23000 2.54839
23100 2.54908
23200 2.54977
23300 2.55045
23400 2.55114
23500 2.55183
23600 2.55252
23700 2.5532
23800 2.55389
23900 2.55457
24000 2.55526
24000 2.55526
24100 2.55594
24200 2.55662
24300 2.55731
24400 2.55799
24500 2.55867
24570 2.55915
24570 2.55915
24576 2.55866
24576 2.55866
24578 2.55772
24578 2.55772
24578 2.55772
24578 2.55772
24600 2.55787
24700 2.55855
24800 2.55923
24900 2.55991
25000 2.56059
25000 2.56059
25100 2.56127
25200 2.56195
25300 2.56263
25400 2.5633
25500 2.56398
25600 2.56466
25700 2.56533
25800 2.566
25900 2.56668
26000 2.56735
26000 2.56735
26100 2.56802
26200 2.5687
26300 2.56937
26400 2.57004
26500 2.57071
26600 2.57138
26618 2.5715
26618 2.5715
26624 2.57101
26624 2.57101
26626 2.57014
26626 2.57014
26626 2.57014
26626 2.57014
26700 2.57063
26800 2.5713
26900 2.57197
27000 2.57264
27000 2.57264
27100 2.57331
27200 2.57397
27300 2.57464
27400 2.57531
27500 2.57597
27600 2.57664
27700 2.5773
27800 2.57796
27900 2.57863
28000 2.57929
28000 2.57929
28100 2.57995
28200 2.58061
28300 2.58127
28400 2.58193
28500 2.58259
28600 2.58325
28666 2.58368
28666 2.58368
28672 2.58319
28672 2.58319
28674 2.58224
28674 2.58224
28674 2.58224
28674 2.58224
28700 2.58241
28800 2.58307
28900 2.58373
29000 2.58439
29000 2.58439
29100 2.58505
29200 2.5857
29300 2.58636
29400 2.58701
29500 2.58767
29600 2.58832
29700 2.58897
29800 2.58963
29900 2.59028
30000 2.59093
30000 2.59093
30082 2.59147
30082 2.59147
30082 2.59147
30082 2.59147
30082 2.59147
30086 2.58738
30086 2.58738
30087 2.58737
30087 2.58737
30088 2.58694
30088 2.58694
30088 2.58694
30088 2.58694
30100 2.58702
30200 2.58767
30300 2.58832
30400 2.58898
30500 2.58963
30600 2.59028
30700 2.59093
30714 2.59103
30714 2.59103
30720 2.59053
30720 2.59053
30722 2.58965
30722 2.58965
30722 2.58965
30722 2.58965
30800 2.59016
30900 2.59081
31000 2.59146
31000 2.59146
31100 2.59211
31200 2.59276
31300 2.59341
31400 2.59406
31500 2.59471
31600 2.59535
31700 2.596
31800 2.59665
31900 2.59729
32000 2.59794
32000 2.59794
32100 2.59858
32200 2.59923
32300 2.59987
32400 2.60051
32500 2.60115
32600 2.6018
32700 2.60244
32762 2.60284
32762 2.60284
32768 2.60234
32768 2.60234
32770 2.60133
32770 2.60133
32770 2.60133
32770 2.60133
32800 2.60152
32900 2.60216
33000 2.6028
33000 2.6028
33100 2.60344
33200 2.60408
33300 2.60472
33400 2.60536
33500 2.606
33600 2.60663
33700 2.60727
33800 2.60791
33900 2.60854
34000 2.60918
34000 2.60918
34100 2.60981
34200 2.61044
34300 2.61108
34400 2.61171
34500 2.61234
34600 2.61297
34700 2.6136
34800 2.61423
34810 2.6143
34810 2.6143
34816 2.6138
34816 2.6138
34900 2.61433
35000 2.61496
35000 2.61496
35100 2.61558
35200 2.61621
35300 2.61684
35400 2.61747
35500 2.61809
35600 2.61872
35700 2.61934
35800 2.61997
35900 2.62059
36000 2.62122
36000 2.62122
36100 2.62184
36200 2.62246
36300 2.62308
36400 2.62371
36500 2.62433
36600 2.62495
36700 2.62557
36800 2.62618
36858 2.62655
36858 2.62655
36864 2.62604
36864 2.62604
36866 2.62508
36866 2.62508
36866 2.62508
36866 2.62508
36900 2.62529
37000 2.62591
37000 2.62591
37100 2.62653
37200 2.62714
37300 2.62776
37400 2.62838
37500 2.629
37600 2.62961
37700 2.63023
37800 2.63084
37900 2.63146
38000 2.63207
38000 2.63207
38100 2.63268
38200 2.63329
38300 2.63391
38400 2.63452
38500 2.63513
38600 2.63574
38700 2.63635
38800 2.63696
38900 2.63757
38906 2.6376
38906 2.6376
38912 2.6371
38912 2.6371
38914 2.6362
38914 2.6362
38914 2.6362
38914 2.6362
39000 2.63672
39000 2.63672
39100 2.63733
39200 2.63794
39300 2.63855
39400 2.63916
39500 2.63976
39600 2.64037
39700 2.64097
39800 2.64158
39900 2.64218
40000 2.64279
40000 2.64279
40082 2.64329
40082 2.64329
40082 2.64329
40082 2.64329
40082 2.64329
40086 2.63912
40086 2.63912
40087 2.6391
40087 2.6391
40088 2.63866
40088 2.63866
40088 2.63866
40088 2.63866
40100 2.63873
40200 2.63934
40300 2.63995
40400 2.64055
40500 2.64116
40600 2.64176
40700 2.64237
40800 2.64297
40900 2.64357
40954 2.6439
40954 2.6439
40960 2.64339
40960 2.64339
40962 2.64237
40962 2.64237
40962 2.64237
40962 2.64237
41000 2.6426
41000 2.6426
41100 2.6432
41200 2.6438
41300 2.64441
41400 2.64501
41500 2.64561
41600 2.64621
41700 2.64681
41800 2.64741
41900 2.64801
42000 2.64861
42000 2.64861
42100 2.6492
42200 2.6498
42300 2.6504
42400 2.65099
42500 2.65159
42600 2.65219
42700 2.65278
42800 2.65337
42900 2.65397
43000 2.65456
43000 2.65456
43002 2.65457
43002 2.65457
43008 2.65406
43008 2.65406
43100 2.65461
43200 2.6552
43300 2.65579
43400 2.65638
43500 2.65697
43600 2.65756
43700 2.65815
43800 2.65874
43900 2.65933
