0 3.03099
0 3.03087
0 3.03087
2 3.02524
2 3.02524
100 2.97151
200 2.91744
300 2.86435
400 2.81223
500 2.76106
600 2.71082
700 2.6615
800 2.61307
900 2.56552
1000 2.51884
1000 2.51884
1100 2.473
1200 2.42801
1300 2.38383
1400 2.34045
1500 2.29786
1600 2.25605
1700 2.215
1800 2.17469
1900 2.13512
2000 2.09627
2000 2.09627
2048 2.07788
2048 2.07788
2050 2.0743
2050 2.0743
2100 2.05536
2200 2.01796
2300 1.98124
2400 1.94519
2500 1.90979
2600 1.87504
2700 1.84092
2800 1.80743
2900 1.77454
2900 1.77454
2900 1.77454
3000 1.77454
3000 1.77454
3100 1.77454
3200 1.77454
3300 1.77454
3400 1.77454
3500 1.77454
3600 1.77454
3700 1.77454
3800 1.77454
3900 1.77454
4000 1.77454
4000 1.77454
4100 1.77454
4200 1.77454
4300 1.77453
4400 1.77453
4500 1.77453
4600 1.77453
4700 1.77453
4800 1.77453
4900 1.77453
5000 1.77453
5000 1.77453
5100 1.77453
5200 1.77453
5300 1.77453
5400 1.77453
5500 1.77453
5600 1.77453
5700 1.77453
5800 1.77453
5900 1.77453
6000 1.77453
6000 1.77453
6100 1.77453
6200 1.77453
6300 1.77453
6400 1.77453
6500 1.77453
6600 1.77453
6700 1.77453
6800 1.77453
6900 1.77453
7000 1.77453
7000 1.77453
7100 1.77453
7200 1.77453
7300 1.77453
7400 1.77453
7500 1.77453
7600 1.77453
7700 1.77453
7800 1.77453
7900 1.77453
8000 1.77453
8000 1.77453
8100 1.77453
8200 1.77453
8300 1.77453
8400 1.77453
8500 1.77453
8600 1.77453
8700 1.77453
8800 1.77453
8900 1.77453
9000 1.77453
9000 1.77453
9100 1.77453
9200 1.77453
9300 1.77453
9400 1.77453
9500 1.77453
9600 1.77453
9700 1.77453
9800 1.77453
9900 1.77453
10000 1.77453
10000 1.77453
10100 1.77453
10200 1.77453
10300 1.77453
10400 1.77453
10500 1.77453
10600 1.77453
10700 1.77452
10800 1.77452
10900 1.77452
11000 1.77452
11000 1.77452
11100 1.77452
11200 1.77452
11300 1.77452
11400 1.77452
11500 1.77452
11600 1.77452
11700 1.77452
11800 1.77452
11900 1.77452
12000 1.77452
12000 1.77452
12100 1.77452
12200 1.77452
12300 1.77452
12400 1.77452
12500 1.77452
12600 1.77452
12700 1.77452
12800 1.77452
12900 1.77452
13000 1.77452
13000 1.77452
13100 1.77452
13200 1.77452
13300 1.77452
13400 1.77452
13500 1.77452
13600 1.77452
13700 1.77452
13800 1.77452
13900 1.77452
14000 1.77452
14000 1.77452
14100 1.77452
14200 1.77452
14300 1.77452
14400 1.77452
14500 1.77452
14600 1.77452
14700 1.77452
14800 1.77452
14900 1.77452
15000 1.77452
15000 1.77452
15100 1.77452
15200 1.77452
15300 1.77452
15400 1.77452
15500 1.77452
15600 1.77452
15700 1.77452
15800 1.77452
15900 1.77452
16000 1.77452
16000 1.77452
16100 1.77452
16200 1.77452
16300 1.77452
16400 1.77452
16500 1.77452
16600 1.77452
16700 1.77452
16800 1.77452
16900 1.77452
17000 1.77452
17000 1.77452
17100 1.77452
17200 1.77451
17300 1.77451
17400 1.77451
17500 1.77451
17600 1.77451
17700 1.77451
17800 1.77451
17900 1.77451
18000 1.77451
18000 1.77451
18100 1.77451
18200 1.77451
18300 1.77451
18400 1.77451
18500 1.77451
18600 1.77451
18700 1.77451
18800 1.77451
18900 1.77451
19000 1.77451
19000 1.77451
19100 1.77451
19200 1.77451
19300 1.77451
19400 1.77451
19500 1.77451
19600 1.77451
19700 1.77451
19800 1.77451
19900 1.77451
20000 1.77451
20000 1.77451
20100 1.77451
20200 1.77451
20300 1.77451
20400 1.77451
20500 1.77451
20600 1.77451
20700 1.77451
20800 1.77451
20900 1.77451
21000 1.77451
21000 1.77451
21100 1.77451
21200 1.77451
21300 1.77451
21400 1.77451
21500 1.77451
21600 1.77451
21700 1.77451
21800 1.77451
21900 1.77451
22000 1.77451
22000 1.77451
22100 1.77451
22200 1.77451
22300 1.77451
22400 1.77451
22500 1.77451
22600 1.77451
22700 1.77451
22800 1.77451
22900 1.77451
23000 1.77451
23000 1.77451
23100 1.77451
23200 1.77451
23300 1.77451
23400 1.77451
23500 1.77451
23600 1.7745
23700 1.7745
23800 1.7745
23900 1.7745
24000 1.7745
24000 1.7745
24100 1.7745
24200 1.7745
24300 1.7745
24400 1.7745
24500 1.7745
24600 1.7745
24700 1.7745
24800 1.7745
24900 1.7745
25000 1.7745
25000 1.7745
25100 1.7745
25200 1.7745
25300 1.7745
25400 1.7745
25500 1.7745
25600 1.7745
25700 1.7745
25800 1.7745
25900 1.7745
26000 1.7745
26000 1.7745
26100 1.7745
26200 1.7745
26300 1.7745
26400 1.7745
26500 1.7745
26600 1.7745
26700 1.7745
26800 1.7745
26900 1.7745
27000 1.7745
27000 1.7745
27100 1.7745
27200 1.7745
27300 1.7745
27400 1.7745
27500 1.7745
27600 1.7745
27700 1.7745
27800 1.7745
27900 1.7745
28000 1.7745
28000 1.7745
28100 1.7745
28200 1.7745
28300 1.7745
28400 1.7745
28500 1.7745
28600 1.7745
28700 1.7745
28800 1.7745
28900 1.7745
29000 1.7745
29000 1.7745
29100 1.7745
29200 1.7745
29300 1.7745
29400 1.7745
29500 1.7745
29600 1.7745
29700 1.7745
29800 1.7745
29900 1.7745
30000 1.77449
30000 1.77449
30100 1.77449
30200 1.77449
30300 1.77449
30400 1.77449
30500 1.77449
30600 1.77449
30700 1.77449
30800 1.77449
30900 1.77449
31000 1.77449
31000 1.77449
31100 1.77449
31200 1.77449
31300 1.77449
31400 1.77449
31500 1.77449
31600 1.77449
31700 1.77449
31800 1.77449
31900 1.77449
32000 1.77449
32000 1.77449
32100 1.77449
32200 1.77449
32300 1.77449
32400 1.77449
32500 1.77449
32600 1.77449
32700 1.77449
32800 1.77449
32900 1.77449
33000 1.77449
33000 1.77449
33100 1.77449
33200 1.77449
33300 1.77449
33400 1.77449
33500 1.77449
33600 1.77449
33700 1.77449
33800 1.77449
33900 1.77449
34000 1.77449
34000 1.77449
34100 1.77449
34200 1.77449
34300 1.77449
34400 1.77449
34500 1.77449
34600 1.77449
34700 1.77449
34800 1.77449
34900 1.77449
35000 1.77449
35000 1.77449
35100 1.77449
35200 1.77449
35300 1.77449
35400 1.77449
35500 1.77449
35600 1.77449
35700 1.77449
35800 1.77449
35900 1.77449
36000 1.77449
36000 1.77449
36100 1.77449
36200 1.77449
36300 1.77449
36400 1.77448
36500 1.77448
36600 1.77448
36700 1.77448
36800 1.77448
36900 1.77448
37000 1.77448
37000 1.77448
37100 1.77448
37200 1.77448
37300 1.77448
37400 1.77448
37500 1.77448
37600 1.77448
37700 1.77448
37800 1.77448
37900 1.77448
38000 1.77448
38000 1.77448
38100 1.77448
38200 1.77448
38300 1.77448
38400 1.77448
38500 1.77448
38600 1.77448
38700 1.77448
38800 1.77448
38900 1.77448
39000 1.77448
39000 1.77448
39100 1.77448
39200 1.77448
39300 1.77448
39400 1.77448
39500 1.77448
39600 1.77448
39700 1.77448
39800 1.77448
39900 1.77448
40000 1.77448
40000 1.77448
40100 1.77448
40200 1.77448
40300 1.77448
40400 1.77448
40500 1.77448
40600 1.77448
40700 1.77448
40800 1.77448
40900 1.77448
41000 1.77448
41000 1.77448
41100 1.77448
41200 1.77448
41300 1.77448
41400 1.77448
41500 1.77448
41600 1.77448
41700 1.77448
41800 1.77448
41900 1.77448
42000 1.77448
42000 1.77448
42100 1.77448
42200 1.77448
42300 1.77448
42400 1.77448
42500 1.77448
42600 1.77448
42700 1.77448
42800 1.77447
42900 1.77447
43000 1.77447
43000 1.77447
43100 1.77447
43200 1.77447
43300 1.77447
43400 1.77447
43500 1.77447
43600 1.77447
43700 1.77447
43800 1.77447
43900 1.77447
