0 3.03099
0 3.02981
0 3.02981
2 2.97405
2 2.97405
100 2.4885
200 2.07535
300 1.73308
300 1.73308
300 1.73308
400 1.74026
500 1.7474
600 1.75451
700 1.76159
800 1.76864
900 1.77565
1000 1.78263
1000 1.78263
1100 1.78958
1200 1.7965
1300 1.80338
1400 1.81024
1500 1.81706
1600 1.82385
1700 1.83061
1800 1.83734
1900 1.84404
2000 1.85071
2000 1.85071
2100 1.85735
2200 1.86395
2300 1.87053
2400 1.87708
2500 1.88359
2600 1.89008
2700 1.89654
2800 1.90296
2900 1.90936
3000 1.91573
3000 1.91573
3100 1.92207
3200 1.92838
3300 1.93466
3400 1.94092
3500 1.94714
3600 1.95333
3700 1.9595
3800 1.96564
3900 1.97175
4000 1.97783
4000 1.97783
4100 1.98389
4200 1.98992
4300 1.99592
4400 2.00189
4500 2.00783
4600 2.01375
4700 2.01964
4800 2.0255
4900 2.03134
5000 2.03715
5000 2.03715
5100 2.04293
5200 2.04869
5300 2.05442
5400 2.06012
5500 2.0658
5600 2.07145
5700 2.07708
5800 2.08268
5900 2.08825
6000 2.0938
6000 2.0938
6100 2.09933
6200 2.10483
6300 2.1103
6400 2.11575
6500 2.12117
6600 2.12657
6700 2.13194
6800 2.13729
6900 2.14261
7000 2.14791
7000 2.14791
7100 2.15319
7200 2.15844
7300 2.16367
7400 2.16887
7500 2.17405
7600 2.17921
7700 2.18434
7800 2.18945
7900 2.19453
8000 2.1996
8000 2.1996
8100 2.20463
8200 2.20965
8300 2.21464
8400 2.21961
8500 2.22456
8600 2.22948
8700 2.23439
8800 2.23927
8900 2.24412
9000 2.24896
9000 2.24896
9100 2.25377
9200 2.25856
9300 2.26333
9400 2.26808
9500 2.2728
9600 2.27751
9700 2.28219
9800 2.28685
9900 2.29149
10000 2.2961
10000 2.2961
10100 2.3007
10200 2.30528
10300 2.30983
10400 2.31437
10500 2.31888
10600 2.32337
10700 2.32784
10800 2.33229
10900 2.33672
11000 2.34114
11000 2.34114
11100 2.34553
11200 2.3499
11300 2.35425
11400 2.35858
11500 2.36289
11600 2.36718
11700 2.37145
11800 2.3757
11900 2.37993
12000 2.38414
12000 2.38414
12100 2.38834
12200 2.39251
12300 2.39667
12400 2.4008
12500 2.40492
12600 2.40902
12700 2.4131
12800 2.41716
12900 2.4212
13000 2.42522
13000 2.42522
13100 2.42923
13200 2.43322
13300 2.43718
13400 2.44113
13500 2.44507
13600 2.44898
13700 2.45288
13800 2.45675
13900 2.46062
14000 2.46446
14000 2.46446
14100 2.46828
14200 2.47209
14300 2.47588
14400 2.47965
14500 2.48341
14600 2.48715
14700 2.49087
14800 2.49457
14900 2.49826
15000 2.50193
15000 2.50193
15100 2.50559
15200 2.50922
15300 2.51284
15400 2.51645
15500 2.52003
15600 2.5236
15700 2.52716
15800 2.5307
15900 2.53422
16000 2.53772
16000 2.53772
16100 2.54121
16200 2.54469
16300 2.54815
16400 2.55159
16500 2.55501
16600 2.55842
16700 2.56182
16800 2.5652
16900 2.56856
17000 2.57191
17000 2.57191
17100 2.57524
17200 2.57856
17300 2.58186
17400 2.58515
17500 2.58842
17600 2.59168
17700 2.59492
17800 2.59815
17900 2.60136
18000 2.60456
18000 2.60456
18100 2.60774
18200 2.61091
18300 2.61407
18400 2.61721
18500 2.62033
18600 2.62344
18700 2.62654
18800 2.62962
18900 2.63269
19000 2.63575
19000 2.63575
19100 2.63879
19200 2.64181
19300 2.64483
19400 2.64783
19500 2.65081
19600 2.65378
19700 2.65674
19800 2.65968
19900 2.66262
20000 2.66553
20000 2.66553
20100 2.66844
20200 2.67133
20300 2.67421
20400 2.67707
20500 2.67992
20600 2.68276
20700 2.68558
20800 2.6884
20900 2.6912
21000 2.69398
21000 2.69398
21100 2.69676
21200 2.69952
21300 2.70227
21400 2.705
21500 2.70772
21600 2.71044
21700 2.71313
21800 2.71582
21900 2.71849
22000 2.72115
22000 2.72115
22100 2.7238
22200 2.72644
22300 2.72907
22400 2.73168
22500 2.73428
22600 2.73687
22700 2.73945
22800 2.74201
22900 2.74456
23000 2.74711
23000 2.74711
23100 2.74964
23200 2.75216
23300 2.75466
23400 2.75716
23500 2.75964
23600 2.76212
23700 2.76458
23800 2.76703
23900 2.76947
24000 2.77189
24000 2.77189
24100 2.77431
24200 2.77672
24300 2.77911
24400 2.7815
24500 2.78387
24600 2.78623
24700 2.78858
24800 2.79092
24900 2.79325
25000 2.79557
25000 2.79557
25100 2.79788
25200 2.80018
25300 2.80246
25400 2.80474
25500 2.80701
25600 2.80926
25700 2.81151
25800 2.81374
25900 2.81597
26000 2.81818
26000 2.81818
26100 2.82039
26200 2.82258
26300 2.82477
26400 2.82694
26500 2.82911
26600 2.83126
26700 2.8334
26800 2.83554
26900 2.83766
27000 2.83978
27000 2.83978
27100 2.84189
27200 2.84398
27300 2.84607
27400 2.84814
27500 2.85021
27600 2.85227
27700 2.85432
27800 2.85636
27900 2.85839
28000 2.86041
28000 2.86041
28100 2.86242
28200 2.86442
28300 2.86641
28400 2.8684
28500 2.87037
28600 2.87234
28700 2.87429
28800 2.87624
28900 2.87818
29000 2.88011
29000 2.88011
29100 2.88203
29200 2.88394
29300 2.88585
29400 2.88774
29500 2.88963
29600 2.8915
29700 2.89337
29800 2.89523
29900 2.89709
30000 2.89893
30000 2.89893
30100 2.90076
30200 2.90259
30300 2.90441
30400 2.90622
30500 2.90802
30600 2.90981
30700 2.9116
30800 2.91337
30900 2.91514
31000 2.9169
31000 2.9169
31100 2.91865
31200 2.9204
31300 2.92213
31400 2.92386
31500 2.92558
31600 2.9273
31700 2.929
31800 2.9307
31900 2.93239
32000 2.93407
32000 2.93407
32100 2.93574
32200 2.93741
32300 2.93907
32400 2.94072
32500 2.94236
32600 2.944
32700 2.94562
32800 2.94725
32900 2.94886
33000 2.95046
33000 2.95046
33100 2.95206
33200 2.95365
33300 2.95524
33400 2.95681
33500 2.95838
33600 2.95995
33700 2.9615
33800 2.96305
33900 2.96459
34000 2.96612
34000 2.96612
34100 2.96765
34200 2.96917
34300 2.97068
34400 2.97219
34500 2.97369
34600 2.97518
34700 2.97667
34800 2.97815
34900 2.97962
35000 2.98108
35000 2.98108
35100 2.98254
35200 2.98399
35300 2.98544
35400 2.98688
35500 2.98831
35600 2.98973
35700 2.99115
35800 2.99256
35900 2.99397
36000 2.99537
36000 2.99537
36100 2.99676
36200 2.99815
36300 2.99953
36400 3.0009
36400 3.0009
36400 3.0009
36500 2.49984
36600 2.08474
36700 1.74086
36700 1.74086
36700 1.74086
36800 1.748
36900 1.75511
37000 1.76219
37000 1.76219
37100 1.76923
37200 1.77624
37300 1.78322
37400 1.79017
37500 1.79708
37600 1.80396
37700 1.81082
37800 1.81764
37900 1.82442
38000 1.83118
38000 1.83118
38100 1.83791
38200 1.84461
38300 1.85127
38400 1.85791
38500 1.86451
38600 1.87108
38700 1.87763
38800 1.88414
38900 1.89063
39000 1.89708
39000 1.89708
39100 1.90351
39200 1.9099
39300 1.91627
39400 1.9226
39500 1.92891
39600 1.93519
39700 1.94144
39800 1.94766
39900 1.95386
40000 1.96002
40000 1.96002
40100 1.96616
40200 1.97227
40300 1.97835
40400 1.9844
40500 1.99042
40600 1.99642
40700 2.00239
40800 2.00833
40900 2.01425
41000 2.02014
41000 2.02014
41100 2.026
41200 2.03183
41300 2.03764
41400 2.04342
41500 2.04917
41600 2.0549
41700 2.0606
41800 2.06628
41900 2.07193
42000 2.07755
42000 2.07755
42100 2.08315
42200 2.08872
42300 2.09427
42400 2.09979
42500 2.10529
42600 2.11076
42700 2.1162
42800 2.12163
42900 2.12702
43000 2.13239
43000 2.13239
43100 2.13774
43200 2.14306
43300 2.14836
43400 2.15363
43500 2.15888
43600 2.16411
43700 2.16931
43800 2.17449
43900 2.17964
