0 3.03099
0 3.03093
0 3.03093
2 3.02812
2 3.02812
100 3.00123
200 2.97394
300 2.94692
400 2.92015
500 2.89364
600 2.86739
700 2.84138
800 2.81563
900 2.79012
1000 2.76486
1000 2.76486
1100 2.73984
1200 2.71506
1300 2.69052
1400 2.66621
1500 2.64214
1600 2.61829
1700 2.59468
1800 2.57129
1900 2.54813
2000 2.52519
2000 2.52519
2048 2.51426
2048 2.51426
2050 2.5121
2050 2.5121
2100 2.50078
2200 2.4783
2300 2.45603
2400 2.43397
2500 2.41212
2600 2.39049
2700 2.36906
2800 2.34784
2900 2.32682
3000 2.306
3000 2.306
3100 2.28539
3200 2.26497
3300 2.24474
3400 2.22471
3500 2.20487
3600 2.18523
3700 2.16577
3800 2.1465
3900 2.12741
4000 2.10851
4000 2.10851
4096 2.09053
4096 2.09053
4098 2.0886
4098 2.0886
4100 2.08826
4200 2.06974
4300 2.05139
4400 2.03321
4500 2.01521
4502 2.01478
4502 2.01478
4504 2.01177
4504 2.01177
4504 2.01174
4504 2.01174
4505 2.0109
4505 2.0109
4505 2.01085
4505 2.01085
4506 2.00981
4506 2.00981
4506 2.00978
4506 2.00978
4507 2.0079
4507 2.0079
4600 1.99153
4700 1.97393
4800 1.9565
4900 1.93924
5000 1.92214
5000 1.92214
5100 1.9052
5200 1.88843
5300 1.87182
5400 1.85537
5500 1.83907
5600 1.82294
5700 1.80695
5800 1.79113
5800 1.79113
5800 1.79113
5900 1.79182
6000 1.79251
6000 1.79251
6100 1.7932
6200 1.79389
6300 1.79459
6400 1.79528
6500 1.79597
6600 1.79666
6700 1.79735
6800 1.79804
6900 1.79873
7000 1.79942
7000 1.79942
7100 1.8001
7200 1.80079
7300 1.80148
7400 1.80217
7500 1.80286
7600 1.80354
7700 1.80423
7800 1.80492
7900 1.8056
8000 1.80629
8000 1.80629
8100 1.80697
8200 1.80766
8300 1.80834
8400 1.80903
8500 1.80971
8600 1.8104
8700 1.81108
8800 1.81176
8900 1.81245
9000 1.81313
9000 1.81313
9100 1.81381
9200 1.81449
9300 1.81518
9400 1.81586
9500 1.81654
9600 1.81722
9700 1.8179
9800 1.81858
9900 1.81926
10000 1.81994
10000 1.81994
10100 1.82062
10200 1.8213
10300 1.82198
10400 1.82266
10500 1.82333
10600 1.82401
10700 1.82469
10800 1.82537
10900 1.82604
11000 1.82672
11000 1.82672
11100 1.8274
11200 1.82807
11300 1.82875
11400 1.82942
11500 1.8301
11600 1.83077
11700 1.83145
11800 1.83212
11900 1.83279
12000 1.83347
12000 1.83347
12100 1.83414
12200 1.83481
12300 1.83549
12400 1.83616
12500 1.83683
12600 1.8375
12700 1.83817
12800 1.83884
12900 1.83951
13000 1.84018
13000 1.84018
13100 1.84085
13200 1.84152
13300 1.84219
13400 1.84286
13500 1.84353
13600 1.8442
13700 1.84487
13800 1.84554
13900 1.8462
14000 1.84687
14000 1.84687
14100 1.84754
14200 1.8482
14300 1.84887
14400 1.84954
14500 1.8502
14600 1.85087
14700 1.85153
14800 1.8522
14900 1.85286
15000 1.85353
15000 1.85353
15100 1.85419
15200 1.85485
15300 1.85552
15400 1.85618
15500 1.85684
15600 1.85751
15700 1.85817
15800 1.85883
15900 1.85949
16000 1.86015
16000 1.86015
16100 1.86081
16200 1.86147
16300 1.86213
16400 1.86279
16500 1.86345
16600 1.86411
16700 1.86477
16800 1.86543
16900 1.86609
17000 1.86675
17000 1.86675
17100 1.8674
17200 1.86806
17300 1.86872
17400 1.86938
17500 1.87003
17600 1.87069
17700 1.87135
17800 1.872
17900 1.87266
18000 1.87331
18000 1.87331
18100 1.87397
18200 1.87462
18300 1.87528
18400 1.87593
18500 1.87658
18600 1.87724
18700 1.87789
18800 1.87854
18900 1.87919
19000 1.87985
19000 1.87985
19100 1.8805
19200 1.88115
19300 1.8818
19400 1.88245
19500 1.8831
19600 1.88375
19700 1.8844
19800 1.88505
19900 1.8857
20000 1.88635
20000 1.88635
20100 1.887
20200 1.88765
20300 1.8883
20400 1.88894
20500 1.88959
20600 1.89024
20700 1.89089
20800 1.89153
20900 1.89218
21000 1.89283
21000 1.89283
21100 1.89347
21200 1.89412
21300 1.89476
21400 1.89541
21500 1.89605
21600 1.8967
21700 1.89734
21800 1.89798
21900 1.89863
22000 1.89927
22000 1.89927
22100 1.89991
22200 1.90056
22300 1.9012
22400 1.90184
22500 1.90248
22600 1.90312
22700 1.90377
22800 1.90441
22900 1.90505
23000 1.90569
23000 1.90569
23100 1.90633
23200 1.90697
23300 1.90761
23400 1.90824
23500 1.90888
23600 1.90952
23700 1.91016
23800 1.9108
23900 1.91144
24000 1.91207
24000 1.91207
24100 1.91271
24200 1.91335
24300 1.91398
24400 1.91462
24500 1.91526
24600 1.91589
24700 1.91653
24800 1.91716
24900 1.9178
25000 1.91843
25000 1.91843
25100 1.91906
25200 1.9197
25300 1.92033
25400 1.92096
25500 1.9216
25600 1.92223
25700 1.92286
25800 1.92349
25900 1.92413
26000 1.92476
26000 1.92476
26100 1.92539
26200 1.92602
26300 1.92665
26400 1.92728
26500 1.92791
26600 1.92854
26700 1.92917
26800 1.9298
26900 1.93043
27000 1.93106
27000 1.93106
27100 1.93169
27200 1.93231
27300 1.93294
27400 1.93357
27500 1.9342
27600 1.93482
27700 1.93545
27800 1.93608
27900 1.9367
28000 1.93733
28000 1.93733
28100 1.93795
28200 1.93858
28300 1.9392
28400 1.93983
28500 1.94045
28600 1.94108
28700 1.9417
28800 1.94232
28900 1.94295
29000 1.94357
29000 1.94357
29100 1.94419
29200 1.94481
29300 1.94544
29400 1.94606
29500 1.94668
29600 1.9473
29700 1.94792
29800 1.94854
29900 1.94916
30000 1.94978
30000 1.94978
30100 1.9504
30200 1.95102
30300 1.95164
30400 1.95226
30500 1.95288
30600 1.95349
30700 1.95411
30800 1.95473
30900 1.95535
31000 1.95597
31000 1.95597
31100 1.95658
31200 1.9572
31300 1.95781
31400 1.95843
31500 1.95905
31600 1.95966
31700 1.96028
31800 1.96089
31900 1.96151
32000 1.96212
32000 1.96212
32100 1.96274
32200 1.96335
32300 1.96396
32400 1.96458
32500 1.96519
32600 1.9658
32700 1.96641
32800 1.96703
32900 1.96764
33000 1.96825
33000 1.96825
33100 1.96886
33200 1.96947
33300 1.97008
33400 1.97069
33500 1.9713
33600 1.97191
33700 1.97252
33800 1.97313
33900 1.97374
34000 1.97435
34000 1.97435
34100 1.97496
34200 1.97557
34300 1.97617
34400 1.97678
34500 1.97739
34600 1.978
34700 1.9786
34800 1.97921
34900 1.97981
35000 1.98042
35000 1.98042
35100 1.98103
35200 1.98163
35300 1.98224
35400 1.98284
35500 1.98345
35600 1.98405
35700 1.98465
35800 1.98526
35900 1.98586
36000 1.98646
36000 1.98646
36100 1.98707
36200 1.98767
36300 1.98827
36400 1.98887
36500 1.98948
36600 1.99008
36700 1.99068
36800 1.99128
36900 1.99188
37000 1.99248
37000 1.99248
37100 1.99308
37200 1.99368
37300 1.99428
37400 1.99488
37500 1.99548
37600 1.99608
37700 1.99668
37800 1.99727
37900 1.99787
38000 1.99847
38000 1.99847
38100 1.99907
38200 1.99966
38300 2.00026
38400 2.00086
38500 2.00145
38600 2.00205
38700 2.00264
38800 2.00324
38900 2.00384
39000 2.00443
39000 2.00443
39100 2.00503
39200 2.00562
39300 2.00621
39400 2.00681
39500 2.0074
39600 2.00799
39700 2.00859
39800 2.00918
39900 2.00977
40000 2.01036
40000 2.01036
40100 2.01096
40200 2.01155
40300 2.01214
40400 2.01273
40500 2.01332
40600 2.01391
40700 2.0145
40800 2.01509
40900 2.01568
41000 2.01627
41000 2.01627
41100 2.01686
41200 2.01745
41300 2.01804
41400 2.01863
41500 2.01921
41600 2.0198
41700 2.02039
41800 2.02098
41900 2.02156
42000 2.02215
42000 2.02215
42100 2.02274
42200 2.02332
42300 2.02391
42400 2.0245
42500 2.02508
42600 2.02567
42700 2.02625
42800 2.02684
42900 2.02742
43000 2.028
43000 2.028
43100 2.02859
43200 2.02917
43300 2.02975
43400 2.03034
43500 2.03092
43600 2.0315
43700 2.03208
43800 2.03267
43900 2.03325
