0 3.03099
0 3.03059
0 3.03059
2 3.01188
2 3.01188
100 2.83723
200 2.66876
300 2.5103
400 2.36125
500 2.22105
600 2.08917
700 1.96512
800 1.84844
900 1.73869
900 1.73869
900 1.73869
1000 1.73869
1000 1.73869
1100 1.73869
1200 1.73869
1300 1.73869
1400 1.73869
1500 1.73868
1600 1.73868
1700 1.73868
1800 1.73868
1900 1.73868
2000 1.73868
2000 1.73868
2100 1.73868
2200 1.73868
2300 1.73868
2400 1.73868
2500 1.73868
2600 1.73868
2700 1.73868
2800 1.73868
2900 1.73868
3000 1.73868
3000 1.73868
3100 1.73868
3200 1.73868
3300 1.73868
3400 1.73868
3500 1.73867
3600 1.73867
3700 1.73867
3800 1.73867
3900 1.73867
4000 1.73867
4000 1.73867
4100 1.73867
4200 1.73867
4300 1.73867
4400 1.73867
4500 1.73867
4600 1.73867
4700 1.73867
4800 1.73867
4900 1.73867
5000 1.73867
5000 1.73867
5100 1.73867
5200 1.73867
5300 1.73867
5400 1.73867
5500 1.73866
5600 1.73866
5700 1.73866
5800 1.73866
5900 1.73866
6000 1.73866
6000 1.73866
6100 1.73866
6200 1.73866
6300 1.73866
6400 1.73866
6500 1.73866
6600 1.73866
6700 1.73866
6800 1.73866
6900 1.73866
7000 1.73866
7000 1.73866
7100 1.73866
7200 1.73866
7300 1.73866
7400 1.73865
7500 1.73865
7600 1.73865
7700 1.73865
7800 1.73865
7900 1.73865
8000 1.73865
8000 1.73865
8100 1.73865
8200 1.73865
8300 1.73865
8400 1.73865
8500 1.73865
8600 1.73865
8700 1.73865
8800 1.73865
8900 1.73865
9000 1.73865
9000 1.73865
9100 1.73865
9200 1.73865
9300 1.73865
9400 1.73864
9500 1.73864
9600 1.73864
9700 1.73864
9800 1.73864
9900 1.73864
10000 1.73864
10000 1.73864
10100 1.73864
10200 1.73864
10300 1.73864
10400 1.73864
10500 1.73864
10600 1.73864
10700 1.73864
10800 1.73864
10900 1.73864
11000 1.73864
11000 1.73864
11100 1.73864
11200 1.73864
11300 1.73864
11400 1.73863
11500 1.73863
11600 1.73863
11700 1.73863
11800 1.73863
11900 1.73863
12000 1.73863
12000 1.73863
12100 1.73863
12200 1.73863
12300 1.73863
12400 1.73863
12500 1.73863
12600 1.73863
12700 1.73863
12800 1.73863
12900 1.73863
13000 1.73863
13000 1.73863
13100 1.73863
13200 1.73863
13300 1.73862
13400 1.73862
13500 1.73862
13600 1.73862
13700 1.73862
13800 1.73862
13900 1.73862
14000 1.73862
14000 1.73862
14100 1.73862
14200 1.73862
14300 1.73862
14400 1.73862
14500 1.73862
14600 1.73862
14700 1.73862
14800 1.73862
14900 1.73862
15000 1.73862
15000 1.73862
15100 1.73862
15200 1.73862
15300 1.73861
15400 1.73861
15500 1.73861
15600 1.73861
15700 1.73861
15800 1.73861
15900 1.73861
16000 1.73861
16000 1.73861
16100 1.73861
16200 1.73861
16300 1.73861
16400 1.73861
16500 1.73861
16600 1.73861
16700 1.73861
16800 1.73861
16900 1.73861
17000 1.73861
17000 1.73861
17100 1.73861
17200 1.73861
17300 1.7386
17400 1.7386
17500 1.7386
17600 1.7386
17700 1.7386
17800 1.7386
17900 1.7386
18000 1.7386
18000 1.7386
18100 1.7386
18200 1.7386
18300 1.7386
18400 1.7386
18500 1.7386
18600 1.7386
18700 1.7386
18800 1.7386
18900 1.7386
19000 1.7386
19000 1.7386
19100 1.7386
19200 1.73859
19300 1.73859
19400 1.73859
19500 1.73859
19600 1.73859
19700 1.73859
19800 1.73859
19900 1.73859
20000 1.73859
20000 1.73859
20100 1.73859
20200 1.73859
20300 1.73859
20400 1.73859
20500 1.73859
20600 1.73859
20700 1.73859
20800 1.73859
20900 1.73859
21000 1.73859
21000 1.73859
21100 1.73859
21200 1.73858
21300 1.73858
21400 1.73858
21500 1.73858
21600 1.73858
21700 1.73858
21800 1.73858
21900 1.73858
22000 1.73858
22000 1.73858
22100 1.73858
22200 1.73858
22300 1.73858
22400 1.73858
22500 1.73858
22600 1.73858
22700 1.73858
22800 1.73858
22900 1.73858
23000 1.73858
23000 1.73858
23100 1.73857
23200 1.73857
23300 1.73857
23400 1.73857
23500 1.73857
23600 1.73857
23700 1.73857
23800 1.73857
23900 1.73857
24000 1.73857
24000 1.73857
24100 1.73857
24200 1.73857
24300 1.73857
24400 1.73857
24500 1.73857
24600 1.73857
24700 1.73857
24800 1.73857
24900 1.73857
25000 1.73857
25000 1.73857
25100 1.73856
25200 1.73856
25300 1.73856
25400 1.73856
25500 1.73856
25600 1.73856
25700 1.73856
25800 1.73856
25900 1.73856
26000 1.73856
26000 1.73856
26100 1.73856
26200 1.73856
26300 1.73856
26400 1.73856
26500 1.73856
26600 1.73856
26700 1.73856
26800 1.73856
26900 1.73856
27000 1.73856
27000 1.73856
27100 1.73855
27200 1.73855
27300 1.73855
27400 1.73855
27500 1.73855
27600 1.73855
27700 1.73855
27800 1.73855
27900 1.73855
28000 1.73855
28000 1.73855
28100 1.73855
28200 1.73855
28300 1.73855
28400 1.73855
28500 1.73855
28600 1.73855
28700 1.73855
28800 1.73855
28900 1.73855
29000 1.73854
29000 1.73854
29100 1.73854
29200 1.73854
29300 1.73854
29400 1.73854
29500 1.73854
29600 1.73854
29700 1.73854
29800 1.73854
29900 1.73854
30000 1.73854
30000 1.73854
30100 1.73854
30200 1.73854
30300 1.73854
30400 1.73854
30500 1.73854
30600 1.73854
30700 1.73854
30800 1.73854
30900 1.73854
31000 1.73853
31000 1.73853
31100 1.73853
31200 1.73853
31300 1.73853
31400 1.73853
31500 1.73853
31600 1.73853
31700 1.73853
31800 1.73853
31900 1.73853
32000 1.73853
32000 1.73853
32100 1.73853
32200 1.73853
32300 1.73853
32400 1.73853
32500 1.73853
32600 1.73853
32700 1.73853
32800 1.73853
32900 1.73853
33000 1.73852
33000 1.73852
33100 1.73852
33200 1.73852
33300 1.73852
33400 1.73852
33500 1.73852
33600 1.73852
33700 1.73852
33800 1.73852
33900 1.73852
34000 1.73852
34000 1.73852
34100 1.73852
34200 1.73852
34300 1.73852
34400 1.73852
34500 1.73852
34600 1.73852
34700 1.73852
34800 1.73852
34900 1.73851
35000 1.73851
35000 1.73851
35100 1.73851
35200 1.73851
35300 1.73851
35400 1.73851
35500 1.73851
35600 1.73851
35700 1.73851
35800 1.73851
35900 1.73851
36000 1.73851
36000 1.73851
36100 1.73851
36200 1.73851
36300 1.73851
36400 1.73851
36500 1.73851
36600 1.73851
36700 1.73851
36800 1.73851
36900 1.7385
37000 1.7385
37000 1.7385
37100 1.7385
37200 1.7385
37300 1.7385
37400 1.7385
37500 1.7385
37600 1.7385
37700 1.7385
37800 1.7385
37900 1.7385
38000 1.7385
38000 1.7385
38100 1.7385
38200 1.7385
38300 1.7385
38400 1.7385
38500 1.7385
38600 1.7385
38700 1.7385
38800 1.7385
38900 1.73849
39000 1.73849
39000 1.73849
39100 1.73849
39200 1.73849
39300 1.73849
39400 1.73849
39500 1.73849
39600 1.73849
39700 1.73849
39800 1.73849
39900 1.73849
40000 1.73849
40000 1.73849
40100 1.73849
40200 1.73849
40300 1.73849
40400 1.73849
40500 1.73849
40600 1.73849
40700 1.73849
40800 1.73848
40900 1.73848
41000 1.73848
41000 1.73848
41100 1.73848
41200 1.73848
41300 1.73848
41400 1.73848
41500 1.73848
41600 1.73848
41700 1.73848
41800 1.73848
41900 1.73848
42000 1.73848
42000 1.73848
42100 1.73848
42200 1.73848
42300 1.73848
42400 1.73848
42500 1.73848
42600 1.73848
42700 1.73848
42800 1.73847
42900 1.73847
43000 1.73847
43000 1.73847
43100 1.73847
43200 1.73847
43300 1.73847
43400 1.73847
43500 1.73847
43600 1.73847
43700 1.73847
43800 1.73847
43900 1.73847
