0 3.03099
0 3.03096
0 3.03096
2 3.02984
2 3.02984
100 3.01902
200 3.00798
300 2.99698
400 2.98602
500 2.9751
600 2.96423
700 2.95339
800 2.9426
900 2.93184
1000 2.92113
1000 2.92113
1100 2.91046
1200 2.89982
1300 2.88923
1400 2.87868
1500 2.86816
1600 2.85769
1700 2.84725
1800 2.83686
1900 2.8265
2000 2.81618
2000 2.81618
2048 2.81124
2048 2.81124
2050 2.81027
2050 2.81027
2100 2.80514
2200 2.79491
2300 2.78471
2400 2.77455
2500 2.76442
2600 2.75434
2700 2.74429
2800 2.73428
2900 2.72431
3000 2.71438
3000 2.71438
3100 2.70448
3200 2.69462
3300 2.6848
3400 2.67501
3500 2.66526
3600 2.65555
3700 2.64588
3800 2.63624
3900 2.62663
4000 2.61707
4000 2.61707
4096 2.60792
4096 2.60792
4098 2.60695
4098 2.60695
4100 2.60678
4200 2.59728
4300 2.58783
4400 2.57841
4500 2.56902
4502 2.56879
4502 2.56879
4504 2.56726
4504 2.56726
4504 2.56724
4504 2.56724
4505 2.56681
4505 2.56681
4505 2.56678
4505 2.56678
4506 2.56625
4506 2.56625
4506 2.56623
4506 2.56623
4507 2.56527
4507 2.56527
4600 2.55666
4700 2.54736
4800 2.53809
4900 2.52886
5000 2.51966
5000 2.51966
5100 2.51049
5200 2.50136
5300 2.49227
5400 2.4832
5500 2.47418
5600 2.46518
5700 2.45622
5800 2.44729
5900 2.4384
6000 2.42954
6000 2.42954
6100 2.42071
6144 2.41684
6144 2.41684
6146 2.41601
6146 2.41601
6146 2.41601
6146 2.41601
6200 2.41605
6300 2.41613
6400 2.41622
6500 2.4163
6600 2.41638
6700 2.41646
6800 2.41654
6900 2.41662
7000 2.4167
7000 2.4167
7100 2.41678
7200 2.41686
7300 2.41695
7400 2.41703
7500 2.41711
7600 2.41719
7700 2.41727
7800 2.41735
7900 2.41743
8000 2.41751
8000 2.41751
8100 2.41759
8186 2.41766
8186 2.41766
8192 2.41717
8192 2.41717
8194 2.41628
8194 2.41628
8194 2.41628
8194 2.41628
8200 2.41628
8300 2.41636
8400 2.41644
8500 2.41652
8600 2.4166
8700 2.41669
8800 2.41677
8900 2.41685
9000 2.41693
9000 2.41693
9100 2.41701
9200 2.41709
9300 2.41717
9400 2.41725
9500 2.41733
9600 2.41742
9700 2.4175
9800 2.41758
9900 2.41766
10000 2.41774
10000 2.41774
10082 2.41781
10082 2.41781
10082 2.41781
10082 2.41781
10082 2.41781
10086 2.41397
10086 2.41397
10087 2.41396
10087 2.41396
10088 2.41355
10088 2.41355
10088 2.41355
10088 2.41355
10100 2.41356
10200 2.41364
10234 2.41367
10234 2.41367
10240 2.41318
10240 2.41318
10242 2.41235
10242 2.41235
10242 2.41235
10242 2.41235
10300 2.4124
10400 2.41248
10500 2.41256
10600 2.41264
10700 2.41272
10800 2.4128
10900 2.41288
11000 2.41297
11000 2.41297
11100 2.41305
11200 2.41313
11300 2.41321
11400 2.41329
11500 2.41337
11600 2.41345
11700 2.41354
11800 2.41362
11900 2.4137
12000 2.41378
12000 2.41378
12100 2.41386
12200 2.41394
12282 2.41401
12282 2.41401
12288 2.41352
12288 2.41352
12290 2.41257
12290 2.41257
12290 2.41257
12290 2.41257
12300 2.41258
12400 2.41266
12500 2.41275
12600 2.41283
12700 2.41291
12800 2.41299
12900 2.41307
13000 2.41315
13000 2.41315
13100 2.41323
13200 2.41332
13300 2.4134
13400 2.41348
13500 2.41356
13600 2.41364
13700 2.41372
13800 2.4138
13900 2.41388
14000 2.41397
14000 2.41397
14100 2.41405
14200 2.41413
14300 2.41421
14330 2.41423
14330 2.41423
14336 2.41374
14336 2.41374
14400 2.4138
14500 2.41388
14600 2.41396
14700 2.41404
14800 2.41412
14900 2.4142
15000 2.41428
15000 2.41428
15100 2.41437
15200 2.41445
15300 2.41453
15400 2.41461
15500 2.41469
15600 2.41477
15700 2.41485
15800 2.41493
15900 2.41502
16000 2.4151
16000 2.4151
16100 2.41518
16200 2.41526
16300 2.41534
16378 2.4154
16378 2.4154
16384 2.41491
16384 2.41491
16386 2.41402
16386 2.41402
16386 2.41402
16386 2.41402
16400 2.41403
16500 2.41411
16600 2.41419
16700 2.41427
16800 2.41435
16900 2.41443
17000 2.41452
17000 2.41452
17100 2.4146
17200 2.41468
17300 2.41476
17400 2.41484
17500 2.41492
17600 2.415
17700 2.41508
17800 2.41517
17900 2.41525
18000 2.41533
18000 2.41533
18100 2.41541
18200 2.41549
18300 2.41557
18400 2.41565
18426 2.41567
18426 2.41567
18432 2.41518
18432 2.41518
18434 2.41435
18434 2.41435
18434 2.41435
18434 2.41435
18500 2.41441
18600 2.41449
18700 2.41457
18800 2.41465
18900 2.41473
19000 2.41481
19000 2.41481
19100 2.41489
19200 2.41497
19300 2.41506
19400 2.41514
19500 2.41522
19600 2.4153
19700 2.41538
19800 2.41546
19900 2.41554
20000 2.41562
20000 2.41562
20082 2.41569
20082 2.41569
20082 2.41569
20082 2.41569
20082 2.41569
20086 2.41186
20086 2.41186
20087 2.41185
20087 2.41185
20088 2.41144
20088 2.41144
20088 2.41144
20088 2.41144
20100 2.41145
20200 2.41153
20300 2.41161
20400 2.41169
20474 2.41175
20474 2.41175
20480 2.41126
20480 2.41126
20482 2.41032
20482 2.41032
20482 2.41032
20482 2.41032
20500 2.41034
20600 2.41042
20700 2.4105
20800 2.41058
20900 2.41066
21000 2.41074
21000 2.41074
21100 2.41083
21200 2.41091
21300 2.41099
21400 2.41107
21500 2.41115
21600 2.41123
21700 2.41132
21800 2.4114
21900 2.41148
22000 2.41156
22000 2.41156
22100 2.41164
22200 2.41172
22300 2.4118
22400 2.41189
22500 2.41197
22522 2.41199
22522 2.41199
22528 2.4115
22528 2.4115
22600 2.41155
22700 2.41164
22800 2.41172
22900 2.4118
23000 2.41188
23000 2.41188
23100 2.41196
23200 2.41204
23300 2.41212
23400 2.41221
23500 2.41229
23600 2.41237
23700 2.41245
23800 2.41253
23900 2.41261
24000 2.41269
24000 2.41269
24100 2.41278
24200 2.41286
24300 2.41294
24400 2.41302
24500 2.4131
24570 2.41316
24570 2.41316
24576 2.41267
24576 2.41267
24578 2.41177
24578 2.41177
24578 2.41177
24578 2.41177
24600 2.41179
24700 2.41187
24800 2.41195
24900 2.41204
25000 2.41212
25000 2.41212
25100 2.4122
25200 2.41228
25300 2.41236
25400 2.41244
25500 2.41252
25600 2.41261
25700 2.41269
25800 2.41277
25900 2.41285
26000 2.41293
26000 2.41293
26100 2.41301
26200 2.41309
26300 2.41318
26400 2.41326
26500 2.41334
26600 2.41342
26618 2.41344
26618 2.41344
26624 2.41294
26624 2.41294
26626 2.41211
26626 2.41211
26626 2.41211
26626 2.41211
26700 2.41217
26800 2.41226
26900 2.41234
27000 2.41242
27000 2.41242
27100 2.4125
27200 2.41258
27300 2.41266
27400 2.41275
27500 2.41283
27600 2.41291
27700 2.41299
27800 2.41307
27900 2.41315
28000 2.41323
28000 2.41323
28100 2.41331
28200 2.4134
28300 2.41348
28400 2.41356
28500 2.41364
28600 2.41372
28666 2.41378
28666 2.41378
28672 2.41329
28672 2.41329
28674 2.41239
28674 2.41239
28674 2.41239
28674 2.41239
28700 2.41241
28800 2.41249
28900 2.41257
29000 2.41266
29000 2.41266
29100 2.41274
29200 2.41282
29300 2.4129
29400 2.41298
29500 2.41306
29600 2.41314
29700 2.41323
29800 2.41331
29900 2.41339
30000 2.41347
30000 2.41347
30082 2.41354
30082 2.41354
30082 2.41354
30082 2.41354
30082 2.41354
30086 2.40971
30086 2.40971
30087 2.4097
30087 2.4097
30088 2.40929
30088 2.40929
30088 2.40929
30088 2.40929
30100 2.4093
30200 2.40938
30300 2.40946
30400 2.40954
30500 2.40963
30600 2.40971
30700 2.40979
30714 2.4098
30714 2.4098
30720 2.40931
30720 2.40931
30722 2.40848
30722 2.40848
30722 2.40848
30722 2.40848
30800 2.40855
30900 2.40863
31000 2.40871
31000 2.40871
31100 2.40879
31200 2.40887
31300 2.40895
31400 2.40904
31500 2.40912
31600 2.4092
31700 2.40928
31800 2.40936
31900 2.40945
32000 2.40953
32000 2.40953
32100 2.40961
32200 2.40969
32300 2.40977
32400 2.40985
32500 2.40994
32600 2.41002
32700 2.4101
32762 2.41015
32762 2.41015
32768 2.40966
32768 2.40966
32770 2.40872
32770 2.40872
32770 2.40872
32770 2.40872
32800 2.40874
32900 2.40882
33000 2.40891
33000 2.40891
33100 2.40899
33200 2.40907
33300 2.40915
33400 2.40923
33500 2.40931
33600 2.4094
33700 2.40948
33800 2.40956
33900 2.40964
34000 2.40972
34000 2.40972
34100 2.4098
34200 2.40989
34300 2.40997
34400 2.41005
34500 2.41013
34600 2.41021
34700 2.41029
34800 2.41038
34810 2.41038
34810 2.41038
34816 2.40989
34816 2.40989
34900 2.40996
35000 2.41004
35000 2.41004
35100 2.41013
35200 2.41021
35300 2.41029
35400 2.41037
35500 2.41045
35600 2.41053
35700 2.41062
35800 2.4107
35900 2.41078
36000 2.41086
36000 2.41086
36100 2.41094
36200 2.41102
36300 2.41111
36400 2.41119
36500 2.41127
36600 2.41135
36700 2.41143
36800 2.41151
36858 2.41156
36858 2.41156
36864 2.41107
36864 2.41107
36866 2.41018
36866 2.41018
36866 2.41018
36866 2.41018
36900 2.4102
37000 2.41029
37000 2.41029
37100 2.41037
37200 2.41045
37300 2.41053
37400 2.41061
37500 2.41069
37600 2.41078
37700 2.41086
37800 2.41094
37900 2.41102
38000 2.4111
38000 2.4111
38100 2.41118
38200 2.41127
38300 2.41135
38400 2.41143
38500 2.41151
38600 2.41159
38700 2.41167
38800 2.41175
38900 2.41184
38906 2.41184
38906 2.41184
38912 2.41135
38912 2.41135
38914 2.41052
38914 2.41052
38914 2.41052
38914 2.41052
39000 2.41059
39000 2.41059
39100 2.41067
39200 2.41076
39300 2.41084
39400 2.41092
39500 2.411
39600 2.41108
39700 2.41116
39800 2.41124
39900 2.41133
40000 2.41141
40000 2.41141
40082 2.41148
40082 2.41148
40082 2.41148
40082 2.41148
40082 2.41148
40086 2.40765
40086 2.40765
40087 2.40764
40087 2.40764
40088 2.40723
40088 2.40723
40088 2.40723
40088 2.40723
40100 2.40724
40200 2.40732
40300 2.4074
40400 2.40749
40500 2.40757
40600 2.40765
40700 2.40773
40800 2.40781
40900 2.4079
40954 2.40794
40954 2.40794
40960 2.40745
40960 2.40745
40962 2.40651
40962 2.40651
40962 2.40651
40962 2.40651
41000 2.40654
41000 2.40654
41100 2.40662
41200 2.4067
41300 2.40679
41400 2.40687
41500 2.40695
41600 2.40703
41700 2.40711
41800 2.4072
41900 2.40728
42000 2.40736
42000 2.40736
42100 2.40744
42200 2.40752
42300 2.40761
42400 2.40769
42500 2.40777
42600 2.40785
42700 2.40793
42800 2.40802
42900 2.4081
43000 2.40818
43000 2.40818
43002 2.40818
43002 2.40818
43008 2.40769
43008 2.40769
43100 2.40777
43200 2.40785
43300 2.40793
43400 2.40801
43500 2.40809
43600 2.40818
43700 2.40826
43800 2.40834
43900 2.40842
