0 3.03099
0 3.03087
0 3.03087
2 3.02524
2 3.02524
100 2.97165
200 2.91774
300 2.86483
400 2.81291
500 2.76196
600 2.71196
700 2.66289
800 2.61474
900 2.56748
1000 2.52111
1000 2.52111
1100 2.4756
1200 2.43094
1300 2.38711
1400 2.3441
1500 2.30189
1600 2.26047
1700 2.21982
1800 2.17993
1900 2.14078
2000 2.10236
2000 2.10236
2048 2.08418
2048 2.08418
2050 2.0806
2050 2.0806
2100 2.06188
2200 2.02493
2300 1.98868
2400 1.9531
2500 1.91818
2600 1.88391
2700 1.85028
2800 1.81728
2900 1.7849
2900 1.7849
2900 1.7849
3000 1.78559
3000 1.78559
3100 1.78629
3200 1.78698
3300 1.78768
3400 1.78837
3500 1.78906
3600 1.78976
3700 1.79045
3800 1.79114
3900 1.79184
4000 1.79253
4000 1.79253
4100 1.79322
4200 1.79391
4300 1.7946
4400 1.79529
4500 1.79598
4600 1.79667
4700 1.79736
4800 1.79805
4900 1.79874
5000 1.79943
5000 1.79943
5100 1.80012
5200 1.80081
5300 1.8015
5400 1.80218
5500 1.80287
5600 1.80356
5700 1.80425
5800 1.80493
5900 1.80562
6000 1.8063
6000 1.8063
6100 1.80699
6200 1.80768
6300 1.80836
6400 1.80904
6500 1.80973
6600 1.81041
6700 1.8111
6800 1.81178
6900 1.81246
7000 1.81315
7000 1.81315
7100 1.81383
7200 1.81451
7300 1.81519
7400 1.81587
7500 1.81655
7600 1.81723
7700 1.81792
7800 1.8186
7900 1.81928
8000 1.81995
8000 1.81995
8100 1.82063
8200 1.82131
8300 1.82199
8400 1.82267
8500 1.82335
8600 1.82403
8700 1.8247
8800 1.82538
8900 1.82606
9000 1.82673
9000 1.82673
9100 1.82741
9200 1.82808
9300 1.82876
9400 1.82944
9500 1.83011
9600 1.83079
9700 1.83146
9800 1.83213
9900 1.83281
10000 1.83348
10000 1.83348
10100 1.83415
10200 1.83483
10300 1.8355
10400 1.83617
10500 1.83684
10600 1.83751
10700 1.83818
10800 1.83886
10900 1.83953
11000 1.8402
11000 1.8402
11100 1.84087
11200 1.84154
11300 1.84221
11400 1.84287
11500 1.84354
11600 1.84421
11700 1.84488
11800 1.84555
11900 1.84621
12000 1.84688
12000 1.84688
12100 1.84755
12200 1.84822
12300 1.84888
12400 1.84955
12500 1.85021
12600 1.85088
12700 1.85154
12800 1.85221
12900 1.85287
13000 1.85354
13000 1.85354
13100 1.8542
13200 1.85486
13300 1.85553
13400 1.85619
13500 1.85685
13600 1.85752
13700 1.85818
13800 1.85884
13900 1.8595
14000 1.86016
14000 1.86016
14100 1.86082
14200 1.86148
14300 1.86214
14400 1.8628
14500 1.86346
14600 1.86412
14700 1.86478
14800 1.86544
14900 1.8661
15000 1.86676
15000 1.86676
15100 1.86741
15200 1.86807
15300 1.86873
15400 1.86938
15500 1.87004
15600 1.8707
15700 1.87135
15800 1.87201
15900 1.87266
16000 1.87332
16000 1.87332
16100 1.87397
16200 1.87463
16300 1.87528
16400 1.87594
16500 1.87659
16600 1.87724
16700 1.8779
16800 1.87855
16900 1.8792
17000 1.87985
17000 1.87985
17100 1.8805
17200 1.88116
17300 1.88181
17400 1.88246
17500 1.88311
17600 1.88376
17700 1.88441
17800 1.88506
17900 1.88571
18000 1.88636
18000 1.88636
18100 1.88701
18200 1.88765
18300 1.8883
18400 1.88895
18500 1.8896
18600 1.89024
18700 1.89089
18800 1.89154
18900 1.89218
19000 1.89283
19000 1.89283
19100 1.89348
19200 1.89412
19300 1.89477
19400 1.89541
19500 1.89606
19600 1.8967
19700 1.89734
19800 1.89799
19900 1.89863
20000 1.89928
20000 1.89928
20100 1.89992
20200 1.90056
20300 1.9012
20400 1.90184
20500 1.90249
20600 1.90313
20700 1.90377
20800 1.90441
20900 1.90505
21000 1.90569
21000 1.90569
21100 1.90633
21200 1.90697
21300 1.90761
21400 1.90825
21500 1.90889
21600 1.90952
21700 1.91016
21800 1.9108
21900 1.91144
22000 1.91208
22000 1.91208
22100 1.91271
22200 1.91335
22300 1.91399
22400 1.91462
22500 1.91526
22600 1.91589
22700 1.91653
22800 1.91716
22900 1.9178
23000 1.91843
23000 1.91843
23100 1.91907
23200 1.9197
23300 1.92033
23400 1.92097
23500 1.9216
23600 1.92223
23700 1.92286
23800 1.9235
23900 1.92413
24000 1.92476
24000 1.92476
24100 1.92539
24200 1.92602
24300 1.92665
24400 1.92728
24500 1.92791
24600 1.92854
24700 1.92917
24800 1.9298
24900 1.93043
25000 1.93106
25000 1.93106
25100 1.93168
25200 1.93231
25300 1.93294
25400 1.93357
25500 1.93419
25600 1.93482
25700 1.93545
25800 1.93607
25900 1.9367
26000 1.93733
26000 1.93733
26100 1.93795
26200 1.93858
26300 1.9392
26400 1.93983
26500 1.94045
26600 1.94107
26700 1.9417
26800 1.94232
26900 1.94294
27000 1.94357
27000 1.94357
27100 1.94419
27200 1.94481
27300 1.94543
27400 1.94605
27500 1.94668
27600 1.9473
27700 1.94792
27800 1.94854
27900 1.94916
28000 1.94978
28000 1.94978
28100 1.9504
28200 1.95102
28300 1.95164
28400 1.95226
28500 1.95287
28600 1.95349
28700 1.95411
28800 1.95473
28900 1.95534
29000 1.95596
29000 1.95596
29100 1.95658
29200 1.9572
29300 1.95781
29400 1.95843
29500 1.95904
29600 1.95966
29700 1.96027
29800 1.96089
29900 1.9615
30000 1.96212
30000 1.96212
30100 1.96273
30200 1.96334
30300 1.96396
30400 1.96457
30500 1.96518
30600 1.9658
30700 1.96641
30800 1.96702
30900 1.96763
31000 1.96824
31000 1.96824
31100 1.96885
31200 1.96947
31300 1.97008
31400 1.97069
31500 1.9713
31600 1.97191
31700 1.97252
31800 1.97313
31900 1.97373
32000 1.97434
32000 1.97434
32100 1.97495
32200 1.97556
32300 1.97617
32400 1.97677
32500 1.97738
32600 1.97799
32700 1.9786
32800 1.9792
32900 1.97981
33000 1.98041
33000 1.98041
33100 1.98102
33200 1.98162
33300 1.98223
33400 1.98283
33500 1.98344
33600 1.98404
33700 1.98465
33800 1.98525
33900 1.98585
34000 1.98646
34000 1.98646
34100 1.98706
34200 1.98766
34300 1.98826
34400 1.98887
34500 1.98947
34600 1.99007
34700 1.99067
34800 1.99127
34900 1.99187
35000 1.99247
35000 1.99247
35100 1.99307
35200 1.99367
35300 1.99427
35400 1.99487
35500 1.99547
35600 1.99607
35700 1.99667
35800 1.99726
35900 1.99786
36000 1.99846
36000 1.99846
36100 1.99906
36200 1.99965
36300 2.00025
36400 2.00085
36500 2.00144
36600 2.00204
36700 2.00264
36800 2.00323
36900 2.00383
37000 2.00442
37000 2.00442
37100 2.00501
37200 2.00561
37300 2.0062
37400 2.0068
37500 2.00739
37600 2.00798
37700 2.00858
37800 2.00917
37900 2.00976
38000 2.01035
38000 2.01035
38100 2.01095
38200 2.01154
38300 2.01213
38400 2.01272
38500 2.01331
38600 2.0139
38700 2.01449
38800 2.01508
38900 2.01567
39000 2.01626
39000 2.01626
39100 2.01685
39200 2.01744
39300 2.01803
39400 2.01861
39500 2.0192
39600 2.01979
39700 2.02038
39800 2.02096
39900 2.02155
40000 2.02214
40000 2.02214
40100 2.02272
40200 2.02331
40300 2.0239
40400 2.02448
40500 2.02507
40600 2.02565
40700 2.02624
40800 2.02682
40900 2.02741
41000 2.02799
41000 2.02799
41100 2.02857
41200 2.02916
41300 2.02974
41400 2.03032
41500 2.03091
41600 2.03149
41700 2.03207
41800 2.03265
41900 2.03323
42000 2.03382
42000 2.03382
42100 2.0344
42200 2.03498
42300 2.03556
42400 2.03614
42500 2.03672
42600 2.0373
42700 2.03788
42800 2.03846
42900 2.03903
43000 2.03961
43000 2.03961
43100 2.04019
43200 2.04077
43300 2.04135
43400 2.04193
43500 2.0425
43600 2.04308
43700 2.04366
43800 2.04423
43900 2.04481
