0 3.03099
0 3.03093
0 3.03093
2 3.02811
2 3.02811
100 3.00117
200 2.97381
300 2.94671
400 2.91986
500 2.89326
600 2.86691
700 2.84081
800 2.81495
900 2.78934
1000 2.76397
1000 2.76397
1100 2.73883
1200 2.71393
1300 2.68926
1400 2.66482
1500 2.64061
1600 2.61663
1700 2.59288
1800 2.56934
1900 2.54603
2000 2.52293
2000 2.52293
2048 2.51193
2048 2.51193
2050 2.50977
2050 2.50977
2100 2.49837
2200 2.47572
2300 2.45328
2400 2.43106
2500 2.40904
2600 2.38723
2700 2.36562
2800 2.34421
2900 2.32301
3000 2.302
3000 2.302
3100 2.28119
3200 2.26058
3300 2.24016
3400 2.21993
3500 2.19989
3600 2.18004
3700 2.16037
3800 2.14089
3900 2.12159
4000 2.10247
4000 2.10247
4096 2.08428
4096 2.08428
4098 2.08235
4098 2.08235
4100 2.08201
4200 2.06326
4300 2.04469
4400 2.02629
4500 2.00806
4502 2.00763
4502 2.00763
4504 2.00462
4504 2.00462
4504 2.0046
4504 2.0046
4505 2.00375
4505 2.00375
4505 2.0037
4505 2.0037
4506 2.00266
4506 2.00266
4506 2.00263
4506 2.00263
4507 2.00076
4507 2.00076
4600 1.98417
4700 1.96634
4800 1.94868
4900 1.93118
5000 1.91384
5000 1.91384
5100 1.89667
5200 1.87965
5300 1.8628
5400 1.84611
5500 1.82957
5600 1.81318
5700 1.79695
5700 1.79695
5700 1.79695
5800 1.7973
5900 1.79764
6000 1.79799
6000 1.79799
6100 1.79833
6200 1.79868
6300 1.79902
6400 1.79937
6500 1.79971
6600 1.80005
6700 1.8004
6800 1.80074
6900 1.80109
7000 1.80143
7000 1.80143
7100 1.80177
7200 1.80212
7300 1.80246
7400 1.80281
7500 1.80315
7600 1.80349
7700 1.80384
7800 1.80418
7900 1.80452
8000 1.80487
8000 1.80487
8100 1.80521
8200 1.80555
8300 1.8059
8400 1.80624
8500 1.80658
8600 1.80692
8700 1.80727
8800 1.80761
8900 1.80795
9000 1.80829
9000 1.80829
9100 1.80864
9200 1.80898
9300 1.80932
9400 1.80966
9500 1.81
9600 1.81035
9700 1.81069
9800 1.81103
9900 1.81137
10000 1.81171
10000 1.81171
10100 1.81206
10200 1.8124
10300 1.81274
10400 1.81308
10500 1.81342
10600 1.81376
10700 1.8141
10800 1.81444
10900 1.81478
11000 1.81513
11000 1.81513
11100 1.81547
11200 1.81581
11300 1.81615
11400 1.81649
11500 1.81683
11600 1.81717
11700 1.81751
11800 1.81785
11900 1.81819
12000 1.81853
12000 1.81853
12100 1.81887
12200 1.81921
12300 1.81955
12400 1.81989
12500 1.82023
12600 1.82057
12700 1.82091
12800 1.82125
12900 1.82159
13000 1.82193
13000 1.82193
13100 1.82227
13200 1.8226
13300 1.82294
13400 1.82328
13500 1.82362
13600 1.82396
13700 1.8243
13800 1.82464
13900 1.82498
14000 1.82531
14000 1.82531
14100 1.82565
14200 1.82599
14300 1.82633
14400 1.82667
14500 1.82701
14600 1.82734
14700 1.82768
14800 1.82802
14900 1.82836
15000 1.8287
15000 1.8287
15100 1.82903
15200 1.82937
15300 1.82971
15400 1.83005
15500 1.83038
15600 1.83072
15700 1.83106
15800 1.83139
15900 1.83173
16000 1.83207
16000 1.83207
16100 1.83241
16200 1.83274
16300 1.83308
16400 1.83342
16500 1.83375
16600 1.83409
16700 1.83442
16800 1.83476
16900 1.8351
17000 1.83543
17000 1.83543
17100 1.83577
17200 1.83611
17300 1.83644
17400 1.83678
17500 1.83711
17600 1.83745
17700 1.83778
17800 1.83812
17900 1.83846
18000 1.83879
18000 1.83879
18100 1.83913
18200 1.83946
18300 1.8398
18400 1.84013
18500 1.84047
18600 1.8408
18700 1.84114
18800 1.84147
18900 1.84181
19000 1.84214
19000 1.84214
19100 1.84248
19200 1.84281
19300 1.84314
19400 1.84348
19500 1.84381
19600 1.84415
19700 1.84448
19800 1.84482
19900 1.84515
20000 1.84548
20000 1.84548
20100 1.84582
20200 1.84615
20300 1.84648
20400 1.84682
20500 1.84715
20600 1.84748
20700 1.84782
20800 1.84815
20900 1.84848
21000 1.84882
21000 1.84882
21100 1.84915
21200 1.84948
21300 1.84982
21400 1.85015
21500 1.85048
21600 1.85081
21700 1.85115
21800 1.85148
21900 1.85181
22000 1.85214
22000 1.85214
22100 1.85248
22200 1.85281
22300 1.85314
22400 1.85347
22500 1.8538
22600 1.85414
22700 1.85447
22800 1.8548
22900 1.85513
23000 1.85546
23000 1.85546
23100 1.8558
23200 1.85613
23300 1.85646
23400 1.85679
23500 1.85712
23600 1.85745
23700 1.85778
23800 1.85811
23900 1.85844
24000 1.85878
24000 1.85878
24100 1.85911
24200 1.85944
24300 1.85977
24400 1.8601
24500 1.86043
24600 1.86076
24700 1.86109
24800 1.86142
24900 1.86175
25000 1.86208
25000 1.86208
25100 1.86241
25200 1.86274
25300 1.86307
25400 1.8634
25500 1.86373
25600 1.86406
25700 1.86439
25800 1.86472
25900 1.86505
26000 1.86538
26000 1.86538
26100 1.8657
26200 1.86603
26300 1.86636
26400 1.86669
26500 1.86702
26600 1.86735
26700 1.86768
26800 1.86801
26900 1.86834
27000 1.86866
27000 1.86866
27100 1.86899
27200 1.86932
27300 1.86965
27400 1.86998
27500 1.87031
27600 1.87063
27700 1.87096
27800 1.87129
27900 1.87162
28000 1.87195
28000 1.87195
28100 1.87227
28200 1.8726
28300 1.87293
28400 1.87326
28500 1.87358
28600 1.87391
28700 1.87424
28800 1.87457
28900 1.87489
29000 1.87522
29000 1.87522
29100 1.87555
29200 1.87587
29300 1.8762
29400 1.87653
29500 1.87685
29600 1.87718
29700 1.87751
29800 1.87783
29900 1.87816
30000 1.87849
30000 1.87849
30100 1.87881
30200 1.87914
30300 1.87946
30400 1.87979
30500 1.88012
30600 1.88044
30700 1.88077
30800 1.88109
30900 1.88142
31000 1.88174
31000 1.88174
31100 1.88207
31200 1.8824
31300 1.88272
31400 1.88305
31500 1.88337
31600 1.8837
31700 1.88402
31800 1.88435
31900 1.88467
32000 1.885
32000 1.885
32100 1.88532
32200 1.88565
32300 1.88597
32400 1.88629
32500 1.88662
32600 1.88694
32700 1.88727
32800 1.88759
32900 1.88792
33000 1.88824
33000 1.88824
33100 1.88856
33200 1.88889
33300 1.88921
33400 1.88954
33500 1.88986
33600 1.89018
33700 1.89051
33800 1.89083
33900 1.89115
34000 1.89148
34000 1.89148
34100 1.8918
34200 1.89212
34300 1.89245
34400 1.89277
34500 1.89309
34600 1.89341
34700 1.89374
34800 1.89406
34900 1.89438
35000 1.89471
35000 1.89471
35100 1.89503
35200 1.89535
35300 1.89567
35400 1.89599
35500 1.89632
35600 1.89664
35700 1.89696
35800 1.89728
35900 1.8976
36000 1.89793
36000 1.89793
36100 1.89825
36200 1.89857
36300 1.89889
36400 1.89921
36500 1.89953
36600 1.89986
36700 1.90018
36800 1.9005
36900 1.90082
37000 1.90114
37000 1.90114
37100 1.90146
37200 1.90178
37300 1.9021
37400 1.90242
37500 1.90275
37600 1.90307
37700 1.90339
37800 1.90371
37900 1.90403
38000 1.90435
38000 1.90435
38100 1.90467
38200 1.90499
38300 1.90531
38400 1.90563
38500 1.90595
38600 1.90627
38700 1.90659
38800 1.90691
38900 1.90723
39000 1.90755
39000 1.90755
39100 1.90787
39200 1.90819
39300 1.90851
39400 1.90882
39500 1.90914
39600 1.90946
39700 1.90978
39800 1.9101
39900 1.91042
40000 1.91074
40000 1.91074
40100 1.91106
40200 1.91138
40300 1.9117
40400 1.91201
40500 1.91233
40600 1.91265
40700 1.91297
40800 1.91329
40900 1.91361
41000 1.91392
41000 1.91392
41100 1.91424
41200 1.91456
41300 1.91488
41400 1.9152
41500 1.91551
41600 1.91583
41700 1.91615
41800 1.91647
41900 1.91678
42000 1.9171
42000 1.9171
42100 1.91742
42200 1.91774
42300 1.91805
42400 1.91837
42500 1.91869
42600 1.919
42700 1.91932
42800 1.91964
42900 1.91996
43000 1.92027
43000 1.92027
43100 1.92059
43200 1.9209
43300 1.92122
43400 1.92154
43500 1.92185
43600 1.92217
43700 1.92249
43800 1.9228
43900 1.92312
