0 3.03099
0 3.02991
0 3.02991
2 2.97531
2 2.97531
100 2.57611
200 2.29146
300 2.09431
400 1.95775
495 1.86647
495 1.86647
500 1.87741
600 2.11608
700 2.31471
800 2.48002
900 2.61759
1000 2.73208
1000 2.73208
1100 2.82736
1200 2.90666
1300 2.97265
1400 3.02757
1500 3.07327
1600 3.11131
1700 3.14297
1800 3.16931
1900 3.19123
2000 3.20948
2000 3.20948
2048 3.21712
2048 3.21712
2050 3.16256
2050 3.16256
2100 2.909
2200 2.52202
2300 2.25399
2400 2.06835
2500 1.93978
2594 1.85514
2594 1.85514
2600 1.87077
2700 2.11056
2800 2.31012
2900 2.4762
3000 2.61441
3000 2.61441
3100 2.72943
3200 2.82516
3300 2.90482
3400 2.97112
3500 3.0263
3600 3.07222
3700 3.11043
3800 3.14223
3900 3.1687
4000 3.19073
4000 3.19073
4096 3.20839
4096 3.20839
4098 3.14979
4098 3.14979
4100 3.13991
4200 2.68195
4300 2.36476
4400 2.14508
4500 1.99292
4502 1.98989
4502 1.98989
4504 1.93501
4504 1.93501
4504 1.93484
4504 1.93484
4505 1.92108
4505 1.92108
4505 1.92081
4505 1.92081
4506 1.90394
4506 1.90394
4506 1.90379
4506 1.90379
4507 1.87103
4507 1.87103
4595 1.81029
4595 1.81029
4600 1.82292
4700 2.07074
4800 2.27698
4900 2.44861
5000 2.59145
5000 2.59145
5100 2.71033
5200 2.80926
5300 2.89159
5400 2.96011
5500 3.01713
5600 3.06459
5700 3.10408
5800 3.13695
5900 3.16431
6000 3.18707
6000 3.18707
6100 3.20601
6144 3.21331
6144 3.21331
6146 3.15883
6146 3.15883
6146 3.15883
6146 3.15883
6200 3.17215
6300 3.1936
6400 3.21145
6500 3.2263
6600 3.23866
6700 3.24895
6800 3.25751
6900 3.26464
7000 3.27057
7000 3.27057
7100 3.2755
7200 3.27961
7300 3.28303
7400 3.28587
7500 3.28824
7600 3.29021
7700 3.29185
7800 3.29322
7900 3.29435
8000 3.2953
8000 3.2953
8100 3.29608
8186 3.29665
8186 3.29665
8192 3.2632
8192 3.2632
8194 3.20338
8194 3.20338
8194 3.20338
8194 3.20338
8200 3.20441
8300 3.22044
8400 3.23379
8500 3.24489
8600 3.25414
8700 3.26183
8800 3.26823
8900 3.27356
9000 3.27799
9000 3.27799
9100 3.28168
9200 3.28475
9300 3.28731
9400 3.28943
9500 3.2912
9600 3.29268
9700 3.2939
9800 3.29492
9900 3.29577
10000 3.29648
10000 3.29648
10082 3.29697
10082 3.29697
10082 3.29697
10082 3.29697
10082 3.29697
10086 3.04622
10086 3.04622
10087 3.0454
10087 3.0454
10088 3.02027
10088 3.02027
10088 3.02027
10088 3.02027
10100 3.02633
10200 3.07224
10234 3.08619
10234 3.08619
10240 3.05702
10240 3.05702
10242 3.00578
10242 3.00578
10242 3.00578
10242 3.00578
10300 3.03549
10400 3.07987
10500 3.1168
10600 3.14753
10700 3.17311
10800 3.1944
10900 3.21211
11000 3.22685
11000 3.22685
11100 3.23912
11200 3.24933
11300 3.25783
11400 3.2649
11500 3.27079
11600 3.27569
11700 3.27976
11800 3.28316
11900 3.28598
12000 3.28833
12000 3.28833
12100 3.29028
12200 3.29191
12282 3.29305
12282 3.29305
12288 3.25967
12288 3.25967
12290 3.19671
12290 3.19671
12290 3.19671
12290 3.19671
12300 3.19853
12400 3.21555
12500 3.22972
12600 3.24151
12700 3.25132
12800 3.25948
12900 3.26628
13000 3.27193
13000 3.27193
13100 3.27664
13200 3.28056
13300 3.28382
13400 3.28653
13500 3.28879
13600 3.29066
13700 3.29223
13800 3.29353
13900 3.29461
14000 3.29551
14000 3.29551
14100 3.29626
14200 3.29689
14300 3.29741
14330 3.29755
14330 3.29755
14336 3.26408
14336 3.26408
14400 3.26806
14500 3.27342
14600 3.27787
14700 3.28158
14800 3.28467
14900 3.28724
15000 3.28938
15000 3.28938
15100 3.29116
15200 3.29264
15300 3.29387
15400 3.2949
15500 3.29575
15600 3.29646
15700 3.29705
15800 3.29754
15900 3.29795
16000 3.29829
16000 3.29829
16100 3.29858
16200 3.29881
16300 3.29901
16378 3.29914
16378 3.29914
16384 3.26564
16384 3.26564
16386 3.20577
16386 3.20577
16386 3.20577
16386 3.20577
16400 3.20812
16500 3.22354
16600 3.23636
16700 3.24704
16800 3.25592
16900 3.26331
17000 3.26947
17000 3.26947
17100 3.27459
17200 3.27885
17300 3.28239
17400 3.28534
17500 3.2878
17600 3.28984
17700 3.29155
17800 3.29296
17900 3.29414
18000 3.29512
18000 3.29512
18100 3.29594
18200 3.29662
18300 3.29718
18400 3.29765
18426 3.29776
18426 3.29776
18432 3.26429
18432 3.26429
18434 3.20875
18434 3.20875
18434 3.20875
18434 3.20875
18500 3.21916
18600 3.23272
18700 3.24401
18800 3.2534
18900 3.26121
19000 3.26772
19000 3.26772
19100 3.27313
19200 3.27764
19300 3.28139
19400 3.28451
19500 3.2871
19600 3.28926
19700 3.29106
19800 3.29256
19900 3.29381
20000 3.29484
20000 3.29484
20082 3.29557
20082 3.29557
20082 3.29557
20082 3.29557
20082 3.29557
20086 3.04493
20086 3.04493
20087 3.04411
20087 3.04411
20088 3.01899
20088 3.01899
20088 3.01899
20088 3.01899
20100 3.02508
20200 3.0712
20300 3.10959
20400 3.14153
20474 3.16177
20474 3.16177
20480 3.13106
20480 3.13106
20482 3.07113
20482 3.07113
20482 3.07113
20482 3.07113
20500 3.07844
20600 3.11561
20700 3.14655
20800 3.17229
20900 3.19371
21000 3.21154
21000 3.21154
21100 3.22638
21200 3.23873
21300 3.24901
21400 3.25756
21500 3.26468
21600 3.2706
21700 3.27553
21800 3.27963
21900 3.28305
22000 3.28589
22000 3.28589
22100 3.28825
22200 3.29022
22300 3.29186
22400 3.29322
22500 3.29436
22522 3.29458
22522 3.29458
22528 3.26118
22528 3.26118
22600 3.26598
22700 3.27169
22800 3.27643
22900 3.28039
23000 3.28367
23000 3.28367
23100 3.28641
23200 3.28869
23300 3.29058
23400 3.29216
23500 3.29347
23600 3.29457
23700 3.29547
23800 3.29623
23900 3.29686
24000 3.29738
24000 3.29738
24100 3.29782
24200 3.29818
24300 3.29849
24400 3.29874
24500 3.29895
24570 3.29907
24570 3.29907
24576 3.26557
24576 3.26557
24578 3.2057
24578 3.2057
24578 3.2057
24578 3.2057
24600 3.2094
24700 3.2246
24800 3.23725
24900 3.24777
25000 3.25653
25000 3.25653
25100 3.26382
25200 3.26989
25300 3.27494
25400 3.27914
25500 3.28264
25600 3.28555
25700 3.28797
25800 3.28999
25900 3.29166
26000 3.29306
26000 3.29306
26100 3.29422
26200 3.29519
26300 3.29599
26400 3.29666
26500 3.29722
26600 3.29768
26618 3.29776
26618 3.29776
26624 3.26429
26624 3.26429
26626 3.20875
26626 3.20875
26626 3.20875
26626 3.20875
26700 3.22034
26800 3.2337
26900 3.24482
27000 3.25408
27000 3.25408
27100 3.26178
27200 3.26819
27300 3.27352
27400 3.27796
27500 3.28166
27600 3.28473
27700 3.28729
27800 3.28942
27900 3.29119
28000 3.29267
28000 3.29267
28100 3.2939
28200 3.29492
28300 3.29577
28400 3.29647
28500 3.29706
28600 3.29755
28666 3.29783
28666 3.29783
28672 3.26436
28672 3.26436
28674 3.20451
28674 3.20451
28674 3.20451
28674 3.20451
28700 3.20893
28800 3.22421
28900 3.23692
29000 3.2475
29000 3.2475
29100 3.25631
29200 3.26363
29300 3.26973
29400 3.27481
29500 3.27903
29600 3.28255
29700 3.28547
29800 3.28791
29900 3.28993
30000 3.29162
30000 3.29162
30082 3.2928
30082 3.2928
30082 3.2928
30082 3.2928
30082 3.2928
30086 3.0424
30086 3.0424
30087 3.04158
30087 3.04158
30088 3.01649
30088 3.01649
30088 3.01649
30088 3.01649
30100 3.02263
30200 3.06916
30300 3.10789
30400 3.14012
30500 3.16694
30600 3.18926
30700 3.20784
30714 3.21024
30714 3.21024
30720 3.17855
30720 3.17855
30722 3.12479
30722 3.12479
30722 3.12479
30722 3.12479
30800 3.14816
30900 3.17364
31000 3.19483
31000 3.19483
31100 3.21248
31200 3.22716
31300 3.23938
31400 3.24954
31500 3.25801
31600 3.26505
31700 3.27091
31800 3.27579
31900 3.27985
32000 3.28323
32000 3.28323
32100 3.28604
32200 3.28838
32300 3.29032
32400 3.29195
32500 3.29329
32600 3.29442
32700 3.29535
32762 3.29585
32762 3.29585
32768 3.26242
32768 3.26242
32770 3.19939
32770 3.19939
32770 3.19939
32770 3.19939
32800 3.20473
32900 3.22071
33000 3.23401
33000 3.23401
33100 3.24508
33200 3.25429
33300 3.26196
33400 3.26834
33500 3.27365
33600 3.27807
33700 3.28174
33800 3.2848
33900 3.28735
34000 3.28947
34000 3.28947
34100 3.29123
34200 3.2927
34300 3.29392
34400 3.29494
34500 3.29579
34600 3.29649
34700 3.29708
34800 3.29756
34810 3.29761
34810 3.29761
34816 3.26414
34816 3.26414
34900 3.26926
35000 3.27442
35000 3.27442
35100 3.27871
35200 3.28228
35300 3.28525
35400 3.28772
35500 3.28978
35600 3.29149
35700 3.29292
35800 3.2941
35900 3.29509
36000 3.29591
36000 3.29591
36100 3.29659
36200 3.29716
36300 3.29764
36400 3.29803
36500 3.29836
36600 3.29863
36700 3.29886
36800 3.29905
36858 3.29914
36858 3.29914
36864 3.26564
36864 3.26564
36866 3.20577
36866 3.20577
36866 3.20577
36866 3.20577
36900 3.21144
37000 3.22629
37000 3.22629
37100 3.23866
37200 3.24895
37300 3.25751
37400 3.26464
37500 3.27057
37600 3.2755
37700 3.27961
37800 3.28303
37900 3.28587
38000 3.28824
38000 3.28824
38100 3.29021
38200 3.29185
38300 3.29321
38400 3.29435
38500 3.2953
38600 3.29608
38700 3.29674
38800 3.29728
38900 3.29773
38906 3.29776
38906 3.29776
38912 3.26429
38912 3.26429
38914 3.20875
38914 3.20875
38914 3.20875
38914 3.20875
39000 3.22207
39000 3.22207
39100 3.23515
39200 3.24602
39300 3.25508
39400 3.26261
39500 3.26888
39600 3.2741
39700 3.27844
39800 3.28206
39900 3.28506
40000 3.28757
40000 3.28757
40082 3.28932
40082 3.28932
40082 3.28932
40082 3.28932
40082 3.28932
40086 3.03921
40086 3.03921
40087 3.03839
40087 3.03839
40088 3.01333
40088 3.01333
40088 3.01333
40088 3.01333
40100 3.01954
40200 3.06659
40300 3.10575
40400 3.13834
40500 3.16546
40600 3.18803
40700 3.20681
40800 3.22244
40900 3.23545
40954 3.24159
40954 3.24159
40960 3.20926
40960 3.20926
40962 3.14749
40962 3.14749
40962 3.14749
40962 3.14749
41000 3.15768
41000 3.15768
41100 3.18156
41200 3.20143
41300 3.21796
41400 3.23172
41500 3.24318
41600 3.25271
41700 3.26064
41800 3.26724
41900 3.27273
42000 3.27731
42000 3.27731
42100 3.28111
42200 3.28428
42300 3.28691
42400 3.28911
42500 3.29093
42600 3.29245
42700 3.29371
42800 3.29477
42900 3.29564
43000 3.29637
43000 3.29637
43002 3.29639
43002 3.29639
43008 3.26294
43008 3.26294
43100 3.2687
43200 3.27395
43300 3.27832
43400 3.28195
43500 3.28498
43600 3.28749
43700 3.28959
43800 3.29133
43900 3.29279
