0 3.03099
0 3.03097
0 3.03097
2 3.02996
2 3.02996
100 3.024
200 3.01803
300 3.01219
400 3.00647
500 3.00088
600 2.99542
700 2.99007
800 2.98484
900 2.97972
1000 2.97471
1000 2.97471
1100 2.96982
1200 2.96503
1300 2.96034
1400 2.95576
1500 2.95127
1600 2.94689
1700 2.9426
1800 2.9384
1900 2.93429
2000 2.93028
2000 2.93028
2048 2.92838
2048 2.92838
2050 2.92751
2050 2.92751
2100 2.92557
2200 2.92174
2300 2.918
2400 2.91434
2500 2.91076
2600 2.90725
2700 2.90383
2800 2.90048
2900 2.8972
3000 2.89399
3000 2.89399
3100 2.89085
3200 2.88778
3300 2.88478
3400 2.88184
3500 2.87897
3600 2.87616
3700 2.87341
3800 2.87072
3900 2.86809
4000 2.86552
4000 2.86552
4096 2.8631
4096 2.8631
4098 2.86221
4098 2.86221
4100 2.86217
4200 2.85973
4300 2.85733
4400 2.855
4500 2.85271
4502 2.85265
4502 2.85265
4504 2.85108
4504 2.85108
4504 2.85107
4504 2.85107
4505 2.85067
4505 2.85067
4505 2.85067
4505 2.85067
4506 2.85017
4506 2.85017
4506 2.85017
4506 2.85017
4507 2.84918
4507 2.84918
4600 2.84719
4700 2.84507
4800 2.843
4900 2.84098
5000 2.83899
5000 2.83899
5100 2.83706
5200 2.83516
5300 2.8333
5400 2.83149
5500 2.82971
5600 2.82798
5700 2.82628
5800 2.82462
5900 2.82299
6000 2.8214
6000 2.8214
6100 2.81985
6144 2.81917
6144 2.81917
6146 2.81838
6146 2.81838
6146 2.81838
6146 2.81838
6200 2.82313
6300 2.83181
6400 2.84033
6500 2.84869
6600 2.85691
6700 2.86497
6800 2.87289
6900 2.88066
7000 2.88829
7000 2.88829
7100 2.89578
7200 2.90314
7300 2.91036
7400 2.91745
7500 2.92441
7600 2.93125
7700 2.93796
7800 2.94455
7900 2.95101
8000 2.95736
8000 2.95736
8100 2.9636
8186 2.9689
8186 2.9689
8192 2.96863
8192 2.96863
8194 2.96766
8194 2.96766
8194 2.96766
8194 2.96766
8200 2.96801
8300 2.97405
8400 2.97998
8500 2.98581
8600 2.99153
8700 2.99714
8800 3.00265
8900 3.00806
9000 3.01337
9000 3.01337
9100 3.01859
9200 3.02371
9300 3.02874
9400 3.03367
9500 3.03852
9600 3.04328
9700 3.04795
9800 3.05254
9900 3.05704
10000 3.06146
10000 3.06146
10082 3.06506
10082 3.06506
10082 3.06506
10082 3.06506
10082 3.06506
10086 3.06038
10086 3.06038
10087 3.06037
10087 3.06037
10088 3.05989
10088 3.05989
10088 3.05989
10088 3.05989
10100 3.06042
10200 3.06478
10234 3.06626
10234 3.06626
10240 3.06587
10240 3.06587
10242 3.0649
10242 3.0649
10242 3.0649
10242 3.0649
10300 3.06739
10400 3.07162
10500 3.07578
10600 3.07986
10700 3.08387
10800 3.0878
10900 3.09166
11000 3.09545
11000 3.09545
11100 3.09917
11200 3.10283
11300 3.10642
11400 3.10994
11500 3.1134
11600 3.11679
11700 3.12013
11800 3.1234
11900 3.12661
12000 3.12977
12000 3.12977
12100 3.13287
12200 3.13591
12282 3.13837
12282 3.13837
12288 3.1379
12288 3.1379
12290 3.13674
12290 3.13674
12290 3.13674
12290 3.13674
12300 3.13703
12400 3.13999
12500 3.1429
12600 3.14576
12700 3.14857
12800 3.15132
12900 3.15403
13000 3.15669
13000 3.15669
13100 3.15929
13200 3.16185
13300 3.16437
13400 3.16684
13500 3.16926
13600 3.17164
13700 3.17397
13800 3.17627
13900 3.17852
14000 3.18073
14000 3.18073
14100 3.1829
14200 3.18503
14300 3.18712
14330 3.18775
14330 3.18775
14336 3.18721
14336 3.18721
14400 3.18853
14500 3.19056
14600 3.19255
14700 3.19451
14800 3.19643
14900 3.19831
15000 3.20016
15000 3.20016
15100 3.20198
15200 3.20376
15300 3.20551
15400 3.20723
15500 3.20892
15600 3.21058
15700 3.21221
15800 3.2138
15900 3.21537
16000 3.21691
16000 3.21691
16100 3.21842
16200 3.21991
16300 3.22137
16378 3.22249
16378 3.22249
16384 3.22191
16384 3.22191
16386 3.22074
16386 3.22074
16386 3.22074
16386 3.22074
16400 3.22094
16500 3.22238
16600 3.22379
16700 3.22518
16800 3.22654
16900 3.22788
17000 3.22919
17000 3.22919
17100 3.23048
17200 3.23175
17300 3.23299
17400 3.23421
17500 3.2354
17600 3.23658
17700 3.23773
17800 3.23887
17900 3.23998
18000 3.24107
18000 3.24107
18100 3.24214
18200 3.2432
18300 3.24423
18400 3.24524
18426 3.24551
18426 3.24551
18432 3.2449
18432 3.2449
18434 3.2438
18434 3.2438
18434 3.2438
18434 3.2438
18500 3.24448
18600 3.24549
18700 3.24648
18800 3.24746
18900 3.24841
19000 3.24935
19000 3.24935
19100 3.25027
19200 3.25118
19300 3.25207
19400 3.25294
19500 3.25379
19600 3.25463
19700 3.25546
19800 3.25627
19900 3.25707
20000 3.25785
20000 3.25785
20082 3.25848
20082 3.25848
20082 3.25848
20082 3.25848
20082 3.25848
20086 3.25334
20086 3.25334
20087 3.25333
20087 3.25333
20088 3.25279
20088 3.25279
20088 3.25279
20088 3.25279
20100 3.25289
20200 3.25375
20300 3.25459
20400 3.25541
20474 3.25602
20474 3.25602
20480 3.2554
20480 3.2554
20482 3.25414
20482 3.25414
20482 3.25414
20482 3.25414
20500 3.25429
20600 3.25512
20700 3.25594
20800 3.25674
20900 3.25753
21000 3.2583
21000 3.2583
21100 3.25906
21200 3.2598
21300 3.26053
21400 3.26125
21500 3.26196
21600 3.26265
21700 3.26333
21800 3.264
21900 3.26465
22000 3.2653
22000 3.2653
22100 3.26593
22200 3.26655
22300 3.26716
22400 3.26775
22500 3.26834
22522 3.26847
22522 3.26847
22528 3.26783
22528 3.26783
22600 3.26825
22700 3.26883
22800 3.2694
22900 3.26996
23000 3.2705
23000 3.2705
23100 3.27104
23200 3.27157
23300 3.27208
23400 3.27259
23500 3.27309
23600 3.27358
23700 3.27406
23800 3.27453
23900 3.275
24000 3.27545
24000 3.27545
24100 3.2759
24200 3.27634
24300 3.27677
24400 3.27719
24500 3.2776
24570 3.27789
24570 3.27789
24576 3.27724
24576 3.27724
24578 3.27603
24578 3.27603
24578 3.27603
24578 3.27603
24600 3.27613
24700 3.27656
24800 3.27699
24900 3.27741
25000 3.27782
25000 3.27782
25100 3.27822
25200 3.27862
25300 3.27901
25400 3.27939
25500 3.27977
25600 3.28013
25700 3.2805
25800 3.28085
25900 3.2812
26000 3.28154
26000 3.28154
26100 3.28188
26200 3.28221
26300 3.28253
26400 3.28285
26500 3.28316
26600 3.28347
26618 3.28352
26618 3.28352
26624 3.28287
26624 3.28287
26626 3.28174
26626 3.28174
26626 3.28174
26626 3.28174
26700 3.28199
26800 3.28232
26900 3.28264
27000 3.28295
27000 3.28295
27100 3.28326
27200 3.28357
27300 3.28387
27400 3.28416
27500 3.28445
27600 3.28473
27700 3.28501
27800 3.28528
27900 3.28555
28000 3.28581
28000 3.28581
28100 3.28607
28200 3.28632
28300 3.28657
28400 3.28682
28500 3.28706
28600 3.28729
28666 3.28745
28666 3.28745
28672 3.28679
28672 3.28679
28674 3.28557
28674 3.28557
28674 3.28557
28674 3.28557
28700 3.28564
28800 3.2859
28900 3.28616
29000 3.28641
29000 3.28641
29100 3.28665
29200 3.2869
29300 3.28714
29400 3.28737
29500 3.2876
29600 3.28783
29700 3.28805
29800 3.28826
29900 3.28848
30000 3.28869
30000 3.28869
30082 3.28886
30082 3.28886
30082 3.28886
30082 3.28886
30082 3.28886
30086 3.28365
30086 3.28365
30087 3.28363
30087 3.28363
30088 3.28308
30088 3.28308
30088 3.28308
30088 3.28308
30100 3.28311
30200 3.28342
30300 3.28372
30400 3.28402
30500 3.28431
30600 3.2846
30700 3.28488
30714 3.28492
30714 3.28492
30720 3.28426
30720 3.28426
30722 3.28313
30722 3.28313
30722 3.28313
30722 3.28313
30800 3.28337
30900 3.28367
31000 3.28397
31000 3.28397
31100 3.28426
31200 3.28455
31300 3.28483
31400 3.28511
31500 3.28538
31600 3.28564
31700 3.2859
31800 3.28616
31900 3.28641
32000 3.28666
32000 3.28666
32100 3.2869
32200 3.28714
32300 3.28737
32400 3.2876
32500 3.28783
32600 3.28805
32700 3.28827
32762 3.2884
32762 3.2884
32768 3.28774
32768 3.28774
32770 3.28646
32770 3.28646
32770 3.28646
32770 3.28646
32800 3.28653
32900 3.28678
33000 3.28702
33000 3.28702
33100 3.28725
33200 3.28748
33300 3.28771
33400 3.28794
33500 3.28816
33600 3.28837
33700 3.28858
33800 3.28879
33900 3.28899
34000 3.28919
34000 3.28919
34100 3.28939
34200 3.28958
34300 3.28977
34400 3.28996
34500 3.29014
34600 3.29032
34700 3.2905
34800 3.29067
34810 3.29069
34810 3.29069
34816 3.29002
34816 3.29002
34900 3.29018
35000 3.29035
35000 3.29035
35100 3.29053
35200 3.2907
35300 3.29087
35400 3.29104
35500 3.2912
35600 3.29136
35700 3.29152
35800 3.29167
35900 3.29182
36000 3.29197
36000 3.29197
36100 3.29212
36200 3.29226
36300 3.2924
36400 3.29254
36500 3.29268
36600 3.29281
36700 3.29294
36800 3.29307
36858 3.29314
36858 3.29314
36864 3.29247
36864 3.29247
36866 3.29125
36866 3.29125
36866 3.29125
36866 3.29125
36900 3.29131
37000 3.29147
37000 3.29147
37100 3.29162
37200 3.29177
37300 3.29192
37400 3.29207
37500 3.29221
37600 3.29236
37700 3.29249
37800 3.29263
37900 3.29277
38000 3.2929
38000 3.2929
38100 3.29303
38200 3.29315
38300 3.29328
38400 3.2934
38500 3.29352
38600 3.29364
38700 3.29375
38800 3.29387
38900 3.29398
38906 3.29399
38906 3.29399
38912 3.29332
38912 3.29332
38914 3.29218
38914 3.29218
38914 3.29218
38914 3.29218
39000 3.29231
39000 3.29231
39100 3.29245
39200 3.29258
39300 3.29272
39400 3.29285
39500 3.29298
39600 3.29311
39700 3.29323
39800 3.29336
39900 3.29348
40000 3.2936
40000 3.2936
40082 3.29369
40082 3.29369
40082 3.29369
40082 3.29369
40082 3.29369
40086 3.28847
40086 3.28847
40087 3.28845
40087 3.28845
40088 3.2879
40088 3.2879
40088 3.2879
40088 3.2879
40100 3.28793
40200 3.28815
40300 3.28836
40400 3.28857
40500 3.28878
40600 3.28899
40700 3.28919
40800 3.28938
40900 3.28958
40954 3.28968
40954 3.28968
40960 3.28901
40960 3.28901
40962 3.28773
40962 3.28773
40962 3.28773
40962 3.28773
41000 3.28782
41000 3.28782
41100 3.28804
41200 3.28825
41300 3.28847
41400 3.28868
41500 3.28888
41600 3.28909
41700 3.28929
41800 3.28948
41900 3.28967
42000 3.28986
42000 3.28986
42100 3.29004
42200 3.29022
42300 3.2904
42400 3.29058
42500 3.29075
42600 3.29092
42700 3.29108
42800 3.29124
42900 3.2914
43000 3.29156
43000 3.29156
43002 3.29156
43002 3.29156
43008 3.2909
43008 3.2909
43100 3.29105
43200 3.29121
43300 3.29137
43400 3.29153
43500 3.29168
43600 3.29183
43700 3.29198
43800 3.29213
43900 3.29227
