0 3.03099
0 3.02982
0 3.02982
2 2.97415
2 2.97415
100 2.4957
200 2.0941
300 1.76595
300 1.76595
300 1.76595
400 1.79387
500 1.82127
600 1.84818
700 1.8746
800 1.90054
900 1.926
1000 1.95101
1000 1.95101
1100 1.97555
1200 1.99965
1300 2.02332
1400 2.04655
1500 2.06936
1600 2.09175
1700 2.11373
1800 2.13532
1900 2.15651
2000 2.17732
2000 2.17732
2100 2.19775
2200 2.2178
2300 2.2375
2400 2.25683
2500 2.27581
2600 2.29445
2700 2.31274
2800 2.33071
2900 2.34835
3000 2.36566
3000 2.36566
3100 2.38266
3200 2.39935
3300 2.41574
3400 2.43183
3500 2.44763
3600 2.46314
3700 2.47836
3800 2.49331
3900 2.50799
4000 2.5224
4000 2.5224
4100 2.53655
4200 2.55044
4300 2.56408
4400 2.57747
4500 2.59062
4600 2.60352
4700 2.61619
4800 2.62864
4900 2.64085
5000 2.65284
5000 2.65284
5100 2.66462
5200 2.67618
5300 2.68753
5400 2.69867
5500 2.70961
5600 2.72035
5700 2.7309
5800 2.74125
5900 2.75142
6000 2.7614
6000 2.7614
6100 2.7712
6200 2.78082
6300 2.79027
6400 2.79954
6500 2.80864
6600 2.81758
6700 2.82636
6800 2.83498
6900 2.84344
7000 2.85174
7000 2.85174
7100 2.8599
7200 2.8679
7300 2.87576
7400 2.88348
7500 2.89106
7600 2.8985
7700 2.9058
7800 2.91297
7900 2.92001
8000 2.92693
8000 2.92693
8100 2.93371
8200 2.94038
8300 2.94692
8400 2.95334
8500 2.95965
8600 2.96584
8700 2.97192
8800 2.97788
8900 2.98374
9000 2.9895
9000 2.9895
9100 2.99514
9200 3.00069
9200 3.00069
9200 3.00069
9300 2.50672
9400 2.1031
9500 1.77331
9500 1.77331
9500 1.77331
9600 1.80109
9700 1.82836
9800 1.85514
9900 1.88143
10000 1.90725
10000 1.90725
10100 1.93259
10200 1.95747
10300 1.9819
10400 2.00589
10500 2.02944
10600 2.05256
10700 2.07525
10800 2.09754
10900 2.11942
11000 2.1409
11000 2.1409
11100 2.16199
11200 2.1827
11300 2.20303
11400 2.22299
11500 2.24259
11600 2.26183
11700 2.28072
11800 2.29927
11900 2.31748
12000 2.33535
12000 2.33535
12100 2.35291
12200 2.37014
12300 2.38706
12400 2.40367
12500 2.41998
12600 2.43599
12700 2.45171
12800 2.46715
12900 2.4823
13000 2.49718
13000 2.49718
13100 2.51179
13200 2.52613
13300 2.54021
13400 2.55403
13500 2.56761
13600 2.58093
13700 2.59402
13800 2.60686
13900 2.61947
14000 2.63185
14000 2.63185
14100 2.64401
14200 2.65595
14300 2.66766
14400 2.67917
14500 2.69046
14600 2.70155
14700 2.71244
14800 2.72313
14900 2.73363
15000 2.74393
15000 2.74393
15100 2.75405
15200 2.76398
15300 2.77373
15400 2.78331
15500 2.79271
15600 2.80194
15700 2.811
15800 2.8199
15900 2.82863
16000 2.83721
16000 2.83721
16100 2.84562
16200 2.85389
16300 2.86201
16400 2.86997
16500 2.8778
16600 2.88548
16700 2.89302
16800 2.90042
16900 2.90769
17000 2.91483
17000 2.91483
17100 2.92184
17200 2.92871
17300 2.93547
17400 2.9421
17500 2.94861
17600 2.955
17700 2.96128
17800 2.96744
17900 2.97349
18000 2.97943
18000 2.97943
18100 2.98526
18200 2.99098
18300 2.9966
18400 3.00212
18400 3.00212
18400 3.00212
18432 2.83298
18432 2.83298
18434 2.78476
18434 2.78476
18500 2.4748
18502 2.46423
18502 2.46423
18504 2.39172
18504 2.39172
18504 2.39104
18504 2.39104
18505 2.3711
18505 2.3711
18505 2.36999
18505 2.36999
18506 2.34551
18506 2.34551
18506 2.34485
18506 2.34485
18507 2.30151
18507 2.30151
18600 1.96152
18696 1.66809
18696 1.66809
18696 1.66809
18696 1.66809
18700 1.66923
18800 1.6989
18900 1.72804
19000 1.75664
19000 1.75664
19100 1.78473
19200 1.8123
19300 1.83937
19400 1.86595
19500 1.89204
19600 1.91766
19700 1.94282
19800 1.96751
19900 1.99176
20000 2.01557
20000 2.01557
20100 2.03894
20200 2.06188
20300 2.08441
20400 2.10653
20500 2.12825
20600 2.14957
20700 2.1705
20800 2.19106
20900 2.21124
21000 2.23105
21000 2.23105
21100 2.2505
21200 2.26959
21300 2.28834
21400 2.30675
21500 2.32482
21600 2.34257
21700 2.35999
21800 2.37709
21900 2.39389
22000 2.41037
22000 2.41037
22100 2.42656
22200 2.44245
22300 2.45806
22400 2.47338
22500 2.48842
22600 2.50318
22700 2.51768
22800 2.53192
22900 2.54589
23000 2.55961
23000 2.55961
23100 2.57308
23200 2.58631
23300 2.5993
23400 2.61204
23500 2.62456
23600 2.63685
23700 2.64892
23800 2.66076
23900 2.67239
24000 2.68381
24000 2.68381
24100 2.69502
24200 2.70603
24300 2.71684
24400 2.72745
24500 2.73786
24600 2.74809
24700 2.75813
24800 2.76799
24900 2.77767
25000 2.78717
25000 2.78717
25100 2.7965
25200 2.80566
25300 2.81466
25400 2.82348
25500 2.83215
25600 2.84067
25700 2.84902
25800 2.85723
25900 2.86528
26000 2.87319
26000 2.87319
26100 2.88095
26200 2.88858
26300 2.89606
26400 2.90341
26500 2.91062
26600 2.91771
26700 2.92466
26800 2.93149
26900 2.93819
27000 2.94478
27000 2.94478
27100 2.95124
27200 2.95758
27300 2.96381
27400 2.96993
27500 2.97593
27600 2.98182
27700 2.98761
27800 2.99329
27900 2.99887
28000 3.00435
28000 3.00435
28000 3.00435
28000 3.00435
28100 2.50971
28200 2.10555
28300 1.7753
28300 1.7753
28300 1.7753
28400 1.80305
28500 1.83029
28600 1.85703
28700 1.88329
28800 1.90907
28900 1.93438
29000 1.95923
29000 1.95923
29100 1.98363
29200 2.00758
29300 2.0311
29400 2.05419
29500 2.07686
29600 2.09911
29700 2.12097
29800 2.14242
29900 2.16348
30000 2.18416
30000 2.18416
30100 2.20447
30200 2.2244
30300 2.24397
30400 2.26319
30500 2.28205
30600 2.30058
30700 2.31876
30800 2.33662
30900 2.35415
31000 2.37136
31000 2.37136
31100 2.38825
31200 2.40484
31300 2.42113
31400 2.43712
31500 2.45282
31600 2.46824
31700 2.48337
31800 2.49823
31900 2.51282
32000 2.52714
32000 2.52714
32100 2.5412
32200 2.55501
32300 2.56857
32400 2.58187
32500 2.59494
32600 2.60777
32700 2.62036
32800 2.63273
32900 2.64487
33000 2.65679
33000 2.65679
33100 2.66849
33200 2.67998
33300 2.69126
33400 2.70234
33500 2.71321
33600 2.72389
33700 2.73437
33800 2.74466
33900 2.75476
34000 2.76468
34000 2.76468
34100 2.77442
34200 2.78398
34300 2.79337
34400 2.80259
34500 2.81164
34600 2.82052
34700 2.82925
34800 2.83781
34900 2.84622
35000 2.85447
35000 2.85447
35100 2.86258
35200 2.87054
35300 2.87835
35400 2.88602
35500 2.89355
35600 2.90095
35700 2.9082
35800 2.91533
35900 2.92233
36000 2.9292
36000 2.9292
36100 2.93595
36200 2.94257
36300 2.94907
36400 2.95545
36500 2.96172
36600 2.96787
36700 2.97392
36800 2.97985
36900 2.98567
37000 2.99139
37000 2.99139
37100 2.997
37200 3.00251
37200 3.00251
37200 3.00251
37300 2.50821
37400 2.10432
37500 1.7743
37500 1.7743
37500 1.7743
37600 1.80207
37700 1.82932
37800 1.85608
37900 1.88236
38000 1.90816
38000 1.90816
38100 1.93348
38200 1.95835
38300 1.98276
38400 2.00673
38500 2.03026
38600 2.05337
38700 2.07605
38800 2.09832
38900 2.12019
39000 2.14166
39000 2.14166
39100 2.16274
39200 2.18343
39300 2.20375
39400 2.22369
39500 2.24328
39600 2.26251
39700 2.28139
39800 2.29992
39900 2.31812
40000 2.33598
40000 2.33598
40100 2.35352
40200 2.37075
40300 2.38765
40400 2.40426
40500 2.42055
40600 2.43656
40700 2.45227
40800 2.46769
40900 2.48284
41000 2.4977
41000 2.4977
41100 2.5123
41200 2.52663
41300 2.54071
41400 2.55452
41500 2.56808
41600 2.5814
41700 2.59448
41800 2.60731
41900 2.61992
42000 2.63229
42000 2.63229
42100 2.64444
42200 2.65637
42300 2.66808
42400 2.67957
42500 2.69086
42600 2.70194
42700 2.71283
42800 2.72351
42900 2.734
43000 2.74429
43000 2.74429
43100 2.7544
43200 2.76433
43300 2.77408
43400 2.78364
43500 2.79304
43600 2.80226
43700 2.81132
43800 2.82021
43900 2.82894
