0 3.03099
0 3.03097
0 3.03097
2 3.0299
2 3.0299
100 3.02151
200 3.01303
300 3.00465
400 2.99638
500 2.98821
600 2.98015
700 2.9722
800 2.96434
900 2.95659
1000 2.94893
1000 2.94893
1100 2.94137
1200 2.93391
1300 2.92654
1400 2.91927
1500 2.91209
1600 2.90501
1700 2.89801
1800 2.8911
1900 2.88428
2000 2.87755
2000 2.87755
2048 2.87435
2048 2.87435
2050 2.87344
2050 2.87344
2100 2.87013
2200 2.86358
2300 2.85711
2400 2.85073
2500 2.84442
2600 2.8382
2700 2.83206
2800 2.82599
2900 2.82
3000 2.81409
3000 2.81409
3100 2.80826
3200 2.8025
3300 2.79681
3400 2.79119
3500 2.78565
3600 2.78018
3700 2.77477
3800 2.76944
3900 2.76417
4000 2.75898
4000 2.75898
4096 2.75405
4096 2.75405
4098 2.75314
4098 2.75314
4100 2.75304
4200 2.74799
4300 2.743
4400 2.73807
4500 2.7332
4502 2.73309
4502 2.73309
4504 2.73153
4504 2.73153
4504 2.73153
4504 2.73153
4505 2.73112
4505 2.73112
4505 2.7311
4505 2.7311
4506 2.7306
4506 2.7306
4506 2.73059
4506 2.73059
4507 2.72962
4507 2.72962
4600 2.72523
4700 2.72053
4800 2.71589
4900 2.71131
5000 2.70679
5000 2.70679
5100 2.70232
5200 2.69791
5300 2.69356
5400 2.68926
5500 2.68502
5600 2.68084
5700 2.6767
5800 2.67262
5900 2.66859
6000 2.66461
6000 2.66461
6100 2.66069
6144 2.65898
6144 2.65898
6146 2.65818
6146 2.65818
6146 2.65818
6146 2.65818
6200 2.66135
6300 2.66719
6400 2.67297
6500 2.67871
6600 2.68438
6700 2.69001
6800 2.69559
6900 2.70111
7000 2.70659
7000 2.70659
7100 2.71201
7200 2.71739
7300 2.72271
7400 2.72799
7500 2.73322
7600 2.7384
7700 2.74353
7800 2.74862
7900 2.75366
8000 2.75865
8000 2.75865
8100 2.7636
8186 2.76784
8186 2.76784
8192 2.76754
8192 2.76754
8194 2.76662
8194 2.76662
8194 2.76662
8194 2.76662
8200 2.76691
8300 2.77178
8400 2.77661
8500 2.78139
8600 2.78613
8700 2.79083
8800 2.79548
8900 2.80009
9000 2.80466
9000 2.80466
9100 2.80919
9200 2.81368
9300 2.81812
9400 2.82253
9500 2.82689
9600 2.83122
9700 2.8355
9800 2.83975
9900 2.84395
10000 2.84812
10000 2.84812
10082 2.85154
10082 2.85154
10082 2.85154
10082 2.85154
10082 2.85154
10086 2.84719
10086 2.84719
10087 2.84718
10087 2.84718
10088 2.84674
10088 2.84674
10088 2.84674
10088 2.84674
10100 2.84724
10200 2.85138
10234 2.85279
10234 2.85279
10240 2.85243
10240 2.85243
10242 2.85154
10242 2.85154
10242 2.85154
10242 2.85154
10300 2.85392
10400 2.85799
10500 2.86203
10600 2.86604
10700 2.87
10800 2.87393
10900 2.87783
11000 2.88169
11000 2.88169
11100 2.88551
11200 2.8893
11300 2.89305
11400 2.89677
11500 2.90046
11600 2.90411
11700 2.90773
11800 2.91132
11900 2.91487
12000 2.91839
12000 2.91839
12100 2.92188
12200 2.92533
12282 2.92816
12282 2.92816
12288 2.92775
12288 2.92775
12290 2.92668
12290 2.92668
12290 2.92668
12290 2.92668
12300 2.92701
12400 2.93042
12500 2.9338
12600 2.93715
12700 2.94046
12800 2.94375
12900 2.94701
13000 2.95023
13000 2.95023
13100 2.95343
13200 2.9566
13300 2.95974
13400 2.96285
13500 2.96593
13600 2.96898
13700 2.97201
13800 2.97501
13900 2.97798
14000 2.98092
14000 2.98092
14100 2.98384
14200 2.98673
14300 2.98959
14330 2.99045
14330 2.99045
14336 2.99
14336 2.99
14400 2.99182
14500 2.99463
14600 2.99742
14700 3.00019
14800 3.00293
14900 3.00565
15000 3.00834
15000 3.00834
15100 3.011
15200 3.01364
15300 3.01626
15400 3.01886
15500 3.02143
15600 3.02397
15700 3.02649
15800 3.02899
15900 3.03147
16000 3.03393
16000 3.03393
16100 3.03636
16200 3.03877
16300 3.04116
16378 3.04301
16378 3.04301
16384 3.04252
16384 3.04252
16386 3.04144
16386 3.04144
16386 3.04144
16386 3.04144
16400 3.04177
16500 3.04413
16600 3.04647
16700 3.04879
16800 3.05108
16900 3.05336
17000 3.05561
17000 3.05561
17100 3.05785
17200 3.06006
17300 3.06225
17400 3.06443
17500 3.06658
17600 3.06871
17700 3.07083
17800 3.07292
17900 3.075
18000 3.07705
18000 3.07705
18100 3.07909
18200 3.08111
18300 3.08311
18400 3.08509
18426 3.08561
18426 3.08561
18432 3.08509
18432 3.08509
18434 3.08407
18434 3.08407
18434 3.08407
18434 3.08407
18500 3.08537
18600 3.08733
18700 3.08928
18800 3.0912
18900 3.09311
19000 3.095
19000 3.095
19100 3.09688
19200 3.09873
19300 3.10057
19400 3.1024
19500 3.1042
19600 3.10599
19700 3.10777
19800 3.10952
19900 3.11126
20000 3.11299
20000 3.11299
20082 3.1144
20082 3.1144
20082 3.1144
20082 3.1144
20082 3.1144
20086 3.10953
20086 3.10953
20087 3.10952
20087 3.10952
20088 3.10901
20088 3.10901
20088 3.10901
20088 3.10901
20100 3.10922
20200 3.11096
20300 3.11269
20400 3.1144
20474 3.11567
20474 3.11567
20480 3.11512
20480 3.11512
20482 3.11394
20482 3.11394
20482 3.11394
20482 3.11394
20500 3.11424
20600 3.11594
20700 3.11762
20800 3.11929
20900 3.12094
21000 3.12258
21000 3.12258
21100 3.1242
21200 3.12581
21300 3.1274
21400 3.12898
21500 3.13054
21600 3.13209
21700 3.13362
21800 3.13514
21900 3.13665
22000 3.13814
22000 3.13814
22100 3.13962
22200 3.14109
22300 3.14254
22400 3.14398
22500 3.14541
22522 3.14572
22522 3.14572
22528 3.14516
22528 3.14516
22600 3.14618
22700 3.14758
22800 3.14898
22900 3.15036
23000 3.15173
23000 3.15173
23100 3.15308
23200 3.15442
23300 3.15575
23400 3.15707
23500 3.15838
23600 3.15967
23700 3.16096
23800 3.16223
23900 3.16349
24000 3.16473
24000 3.16473
24100 3.16597
24200 3.1672
24300 3.16841
24400 3.16961
24500 3.1708
24570 3.17164
24570 3.17164
24576 3.17105
24576 3.17105
24578 3.1699
24578 3.1699
24578 3.1699
24578 3.1699
24600 3.17016
24700 3.17135
24800 3.17252
24900 3.17369
25000 3.17484
25000 3.17484
25100 3.17599
25200 3.17712
25300 3.17824
25400 3.17936
25500 3.18046
25600 3.18155
25700 3.18263
25800 3.18371
25900 3.18477
26000 3.18582
26000 3.18582
26100 3.18687
26200 3.1879
26300 3.18893
26400 3.18994
26500 3.19095
26600 3.19194
26618 3.19213
26618 3.19213
26624 3.19153
26624 3.19153
26626 3.19045
26626 3.19045
26626 3.19045
26626 3.19045
26700 3.19119
26800 3.19218
26900 3.19317
27000 3.19414
27000 3.19414
27100 3.19511
27200 3.19607
27300 3.19702
27400 3.19796
27500 3.19889
27600 3.19982
27700 3.20073
27800 3.20164
27900 3.20254
28000 3.20343
28000 3.20343
28100 3.20431
28200 3.20519
28300 3.20606
28400 3.20691
28500 3.20776
28600 3.20861
28666 3.20916
28666 3.20916
28672 3.20855
28672 3.20855
28674 3.20738
28674 3.20738
28674 3.20738
28674 3.20738
28700 3.2076
28800 3.20844
28900 3.20928
29000 3.21011
29000 3.21011
29100 3.21093
29200 3.21174
29300 3.21255
29400 3.21335
29500 3.21414
29600 3.21493
29700 3.2157
29800 3.21647
29900 3.21724
30000 3.21799
30000 3.21799
30082 3.21861
30082 3.21861
30082 3.21861
30082 3.21861
30082 3.21861
30086 3.21354
30086 3.21354
30087 3.21352
30087 3.21352
30088 3.21299
30088 3.21299
30088 3.21299
30088 3.21299
30100 3.21308
30200 3.21387
30300 3.21466
30400 3.21544
30500 3.21622
30600 3.21698
30700 3.21774
30714 3.21785
30714 3.21785
30720 3.21723
30720 3.21723
30722 3.21614
30722 3.21614
30722 3.21614
30722 3.21614
30800 3.21674
30900 3.2175
31000 3.21825
31000 3.21825
31100 3.219
31200 3.21974
31300 3.22047
31400 3.2212
31500 3.22192
31600 3.22263
31700 3.22334
31800 3.22404
31900 3.22473
32000 3.22542
32000 3.22542
32100 3.2261
32200 3.22678
32300 3.22745
32400 3.22811
32500 3.22877
32600 3.22942
32700 3.23007
32762 3.23046
32762 3.23046
32768 3.22984
32768 3.22984
32770 3.22859
32770 3.22859
32770 3.22859
32770 3.22859
32800 3.22878
32900 3.22943
33000 3.23008
33000 3.23008
33100 3.23072
33200 3.23135
33300 3.23198
33400 3.2326
33500 3.23321
33600 3.23383
33700 3.23443
33800 3.23503
33900 3.23562
34000 3.23621
34000 3.23621
34100 3.23679
34200 3.23737
34300 3.23794
34400 3.23851
34500 3.23907
34600 3.23963
34700 3.24018
34800 3.24073
34810 3.24079
34810 3.24079
34816 3.24015
34816 3.24015
34900 3.24061
35000 3.24115
35000 3.24115
35100 3.24169
35200 3.24222
35300 3.24275
35400 3.24328
35500 3.24379
35600 3.24431
35700 3.24482
35800 3.24532
35900 3.24582
36000 3.24632
36000 3.24632
36100 3.24681
36200 3.24729
36300 3.24777
36400 3.24825
36500 3.24873
36600 3.24919
36700 3.24966
36800 3.25012
36858 3.25038
36858 3.25038
36864 3.24974
36864 3.24974
36866 3.24855
36866 3.24855
36866 3.24855
36866 3.24855
36900 3.24871
37000 3.24917
37000 3.24917
37100 3.24964
37200 3.2501
37300 3.25056
37400 3.25101
37500 3.25145
37600 3.2519
37700 3.25234
37800 3.25277
37900 3.25321
38000 3.25363
38000 3.25363
38100 3.25406
38200 3.25448
38300 3.25489
38400 3.25531
38500 3.25571
38600 3.25612
38700 3.25652
38800 3.25692
38900 3.25731
38906 3.25734
38906 3.25734
38912 3.25669
38912 3.25669
38914 3.25558
38914 3.25558
38914 3.25558
38914 3.25558
39000 3.25592
39000 3.25592
39100 3.25633
39200 3.25673
39300 3.25712
39400 3.25751
39500 3.2579
39600 3.25829
39700 3.25867
39800 3.25905
39900 3.25942
40000 3.25979
40000 3.25979
40082 3.26009
40082 3.26009
40082 3.26009
40082 3.26009
40082 3.26009
40086 3.25494
40086 3.25494
40087 3.25492
40087 3.25492
40088 3.25437
40088 3.25437
40088 3.25437
40088 3.25437
40100 3.25442
40200 3.25484
40300 3.25525
40400 3.25566
40500 3.25607
40600 3.25647
40700 3.25687
40800 3.25726
40900 3.25765
40954 3.25786
40954 3.25786
40960 3.25721
40960 3.25721
40962 3.25595
40962 3.25595
40962 3.25595
40962 3.25595
41000 3.2561
41000 3.2561
41100 3.2565
41200 3.2569
41300 3.25729
41400 3.25768
41500 3.25807
41600 3.25845
41700 3.25883
41800 3.25921
41900 3.25958
42000 3.25995
42000 3.25995
42100 3.26032
42200 3.26068
42300 3.26104
42400 3.26139
42500 3.26175
42600 3.2621
42700 3.26244
42800 3.26279
42900 3.26313
43000 3.26346
43000 3.26346
43002 3.26347
43002 3.26347
43008 3.26282
43008 3.26282
43100 3.26313
43200 3.26347
43300 3.2638
43400 3.26414
43500 3.26446
43600 3.26479
43700 3.26511
43800 3.26543
43900 3.26574
