0 3.03099
0 3.03007
0 3.03007
2 2.97724
2 2.97724
100 2.68834
200 2.53133
300 2.44877
400 2.40535
500 2.38253
600 2.37052
700 2.36421
800 2.36089
900 2.35915
1000 2.35823
1000 2.35823
1100 2.35775
1200 2.35749
1300 2.35736
1400 2.35729
1500 2.35725
1600 2.35723
1700 2.35722
1800 2.35722
1900 2.35721
2000 2.35721
2000 2.35721
2048 2.35721
2048 2.35721
2050 2.32584
2050 2.32584
2100 2.33445
2200 2.34524
2300 2.35092
2400 2.3539
2500 2.35547
2600 2.3563
2700 2.35673
2800 2.35696
2900 2.35708
3000 2.35714
3000 2.35714
3100 2.35717
3200 2.35719
3300 2.3572
3400 2.3572
3500 2.35721
3600 2.35721
3700 2.35721
3800 2.35721
3900 2.35721
4000 2.35721
4000 2.35721
4096 2.35721
4096 2.35721
4098 2.32341
4098 2.32341
4100 2.3238
4200 2.33964
4300 2.34797
4400 2.35235
4500 2.35466
4502 2.3547
4502 2.3547
4504 2.29224
4504 2.29224
4504 2.2923
4504 2.2923
4505 2.27766
4505 2.27766
4505 2.2778
4505 2.2778
4506 2.2599
4506 2.2599
4506 2.26
4506 2.26
4507 2.22287
4507 2.22287
4600 2.28292
4700 2.31815
4800 2.33667
4900 2.34641
5000 2.35153
5000 2.35153
5100 2.35422
5200 2.35564
5300 2.35638
5400 2.35678
5500 2.35698
5600 2.35709
5700 2.35715
5800 2.35718
5900 2.35719
6000 2.3572
6000 2.3572
6100 2.35721
6144 2.35721
6144 2.35721
6146 2.32583
6146 2.32583
6146 2.32583
6146 2.32583
6200 2.53961
6300 2.81956
6400 2.99644
6500 3.1082
6600 3.17881
6700 3.22343
6800 3.25162
6900 3.26943
7000 3.28068
7000 3.28068
7100 3.28779
7200 3.29228
7300 3.29512
7400 3.29692
7500 3.29805
7600 3.29876
7700 3.29922
7800 3.2995
7900 3.29968
8000 3.2998
8000 3.2998
8100 3.29987
8186 3.29991
8186 3.29991
8192 3.26665
8192 3.26665
8194 3.20713
8194 3.20713
8194 3.20713
8194 3.20713
8200 3.20957
8300 3.24286
8400 3.2639
8500 3.27719
8600 3.28558
8700 3.29089
8800 3.29424
8900 3.29636
9000 3.2977
9000 3.2977
9100 3.29854
9200 3.29908
9300 3.29941
9400 3.29963
9500 3.29976
9600 3.29985
9700 3.2999
9800 3.29994
9900 3.29996
10000 3.29997
10000 3.29997
10082 3.29998
10082 3.29998
10082 3.29998
10082 3.29998
10082 3.29998
10086 3.05041
10086 3.05041
10087 3.0497
10087 3.0497
10088 3.02525
10088 3.02525
10088 3.02525
10088 3.02525
10100 3.03988
10200 3.13565
10234 3.15967
10234 3.15967
10240 3.13136
10240 3.13136
10242 3.07966
10242 3.07966
10242 3.07966
10242 3.07966
10300 3.13114
10400 3.19331
10500 3.23259
10600 3.2574
10700 3.27308
10800 3.28299
10900 3.28925
11000 3.29321
11000 3.29321
11100 3.29571
11200 3.29728
11300 3.29828
11400 3.29891
11500 3.29931
11600 3.29956
11700 3.29972
11800 3.29982
11900 3.29988
12000 3.29992
12000 3.29992
12100 3.29995
12200 3.29997
12282 3.29997
12282 3.29997
12288 3.26671
12288 3.26671
12290 3.204
12290 3.204
12290 3.204
12290 3.204
12300 3.20817
12400 3.24198
12500 3.26334
12600 3.27683
12700 3.28536
12800 3.29075
12900 3.29415
13000 3.2963
13000 3.2963
13100 3.29766
13200 3.29852
13300 3.29906
13400 3.29941
13500 3.29962
13600 3.29976
13700 3.29985
13800 3.2999
13900 3.29993
14000 3.29996
14000 3.29996
14100 3.29997
14200 3.29998
14300 3.29998
14330 3.29999
14330 3.29999
14336 3.26672
14336 3.26672
14400 3.27519
14500 3.28432
14600 3.29009
14700 3.29374
14800 3.29604
14900 3.2975
15000 3.29842
15000 3.29842
15100 3.299
15200 3.29936
15300 3.2996
15400 3.29974
15500 3.29983
15600 3.29989
15700 3.29993
15800 3.29995
15900 3.29997
16000 3.29998
16000 3.29998
16100 3.29998
16200 3.29999
16300 3.29999
16378 3.29999
16378 3.29999
16384 3.26673
16384 3.26673
16386 3.20721
16386 3.20721
16386 3.20721
16386 3.20721
16400 3.21291
16500 3.24497
16600 3.26523
16700 3.27803
16800 3.28611
16900 3.29122
17000 3.29445
17000 3.29445
17100 3.29649
17200 3.29778
17300 3.2986
17400 3.29911
17500 3.29944
17600 3.29964
17700 3.29977
17800 3.29985
17900 3.2999
18000 3.29994
18000 3.29994
18100 3.29996
18200 3.29997
18300 3.29998
18400 3.29998
18426 3.29999
18426 3.29999
18432 3.26672
18432 3.26672
18434 3.21148
18434 3.21148
18434 3.21148
18434 3.21148
18500 3.2346
18600 3.25868
18700 3.27389
18800 3.2835
18900 3.28957
19000 3.29341
19000 3.29341
19100 3.29583
19200 3.29737
19300 3.29833
19400 3.29894
19500 3.29933
19600 3.29957
19700 3.29973
19800 3.29983
19900 3.29989
20000 3.29993
20000 3.29993
20082 3.29995
20082 3.29995
20082 3.29995
20082 3.29995
20082 3.29995
20086 3.05039
20086 3.05039
20087 3.04967
20087 3.04967
20088 3.02522
20088 3.02522
20088 3.02522
20088 3.02522
20100 3.03986
20200 3.13563
20300 3.19615
20400 3.23438
20474 3.25337
20474 3.25337
20480 3.22175
20480 3.22175
20482 3.16037
20482 3.16037
20482 3.16037
20482 3.16037
20500 3.17126
20600 3.21866
20700 3.2486
20800 3.26752
20900 3.27948
21000 3.28703
21000 3.28703
21100 3.2918
21200 3.29482
21300 3.29672
21400 3.29793
21500 3.29869
21600 3.29917
21700 3.29947
21800 3.29966
21900 3.29979
22000 3.29986
22000 3.29986
22100 3.29991
22200 3.29994
22300 3.29996
22400 3.29997
22500 3.29998
22522 3.29998
22522 3.29998
22528 3.26672
22528 3.26672
22600 3.27609
22700 3.28489
22800 3.29045
22900 3.29396
23000 3.29618
23000 3.29618
23100 3.29759
23200 3.29847
23300 3.29903
23400 3.29939
23500 3.29961
23600 3.29975
23700 3.29984
23800 3.2999
23900 3.29993
24000 3.29995
24000 3.29995
24100 3.29997
24200 3.29998
24300 3.29998
24400 3.29999
24500 3.29999
24570 3.29999
24570 3.29999
24576 3.26673
24576 3.26673
24578 3.20721
24578 3.20721
24578 3.20721
24578 3.20721
24600 3.21605
24700 3.24695
24800 3.26648
24900 3.27882
25000 3.28662
25000 3.28662
25100 3.29154
25200 3.29465
25300 3.29662
25400 3.29786
25500 3.29865
25600 3.29914
25700 3.29946
25800 3.29965
25900 3.29978
26000 3.29986
26000 3.29986
26100 3.29991
26200 3.29994
26300 3.29996
26400 3.29997
26500 3.29998
26600 3.29998
26618 3.29999
26618 3.29999
26624 3.26672
26624 3.26672
26626 3.21148
26626 3.21148
26626 3.21148
26626 3.21148
26700 3.23696
26800 3.26017
26900 3.27483
27000 3.2841
27000 3.2841
27100 3.28995
27200 3.29365
27300 3.29598
27400 3.29746
27500 3.29839
27600 3.29898
27700 3.29935
27800 3.29959
27900 3.29974
28000 3.29983
28000 3.29983
28100 3.29989
28200 3.29993
28300 3.29995
28400 3.29997
28500 3.29998
28600 3.29998
28666 3.29999
28666 3.29999
28672 3.26672
28672 3.26672
28674 3.2072
28674 3.2072
28674 3.2072
28674 3.2072
28700 3.21757
28800 3.24792
28900 3.26709
29000 3.2792
29000 3.2792
29100 3.28686
29200 3.29169
29300 3.29475
29400 3.29668
29500 3.2979
29600 3.29867
29700 3.29916
29800 3.29947
29900 3.29966
30000 3.29978
30000 3.29978
30082 3.29985
30082 3.29985
30082 3.29985
30082 3.29985
30082 3.29985
30086 3.0503
30086 3.0503
30087 3.04959
30087 3.04959
30088 3.02513
30088 3.02513
30088 3.02513
30088 3.02513
30100 3.03977
30200 3.13558
30300 3.19611
30400 3.23436
30500 3.25852
30600 3.27379
30700 3.28344
30714 3.2845
30714 3.2845
30720 3.25178
30720 3.25178
30722 3.19693
30722 3.19693
30722 3.19693
30722 3.19693
30800 3.22794
30900 3.25447
31000 3.27123
31000 3.27123
31100 3.28182
31200 3.28851
31300 3.29274
31400 3.29541
31500 3.2971
31600 3.29816
31700 3.29884
31800 3.29926
31900 3.29953
32000 3.2997
32000 3.2997
32100 3.29981
32200 3.29988
32300 3.29992
32400 3.29995
32500 3.29996
32600 3.29997
32700 3.29998
32762 3.29998
32762 3.29998
32768 3.26672
32768 3.26672
32770 3.20401
32770 3.20401
32770 3.20401
32770 3.20401
32800 3.21623
32900 3.24707
33000 3.26656
33000 3.26656
33100 3.27887
33200 3.28665
33300 3.29156
33400 3.29466
33500 3.29663
33600 3.29787
33700 3.29865
33800 3.29914
33900 3.29946
34000 3.29965
34000 3.29965
34100 3.29978
34200 3.29986
34300 3.29991
34400 3.29994
34500 3.29996
34600 3.29997
34700 3.29998
34800 3.29998
34810 3.29999
34810 3.29999
34816 3.26672
34816 3.26672
34900 3.27737
35000 3.2857
35000 3.2857
35100 3.29096
35200 3.29429
35300 3.29639
35400 3.29772
35500 3.29855
35600 3.29908
35700 3.29942
35800 3.29963
35900 3.29976
36000 3.29985
36000 3.29985
36100 3.2999
36200 3.29994
36300 3.29996
36400 3.29997
36500 3.29998
36600 3.29998
36700 3.29999
36800 3.29999
36858 3.29999
36858 3.29999
36864 3.26673
36864 3.26673
36866 3.20721
36866 3.20721
36866 3.20721
36866 3.20721
36900 3.22055
37000 3.2498
37000 3.2498
37100 3.26828
37200 3.27995
37300 3.28733
37400 3.29199
37500 3.29494
37600 3.2968
37700 3.29798
37800 3.29872
37900 3.29919
38000 3.29948
38000 3.29948
38100 3.29967
38200 3.29979
38300 3.29987
38400 3.29991
38500 3.29994
38600 3.29996
38700 3.29997
38800 3.29998
38900 3.29999
38906 3.29999
38906 3.29999
38912 3.26672
38912 3.26672
38914 3.21148
38914 3.21148
38914 3.21148
38914 3.21148
39000 3.24034
39000 3.24034
39100 3.2623
39200 3.27618
39300 3.28495
39400 3.29049
39500 3.29399
39600 3.2962
39700 3.2976
39800 3.29848
39900 3.29904
40000 3.29939
40000 3.29939
40082 3.29958
40082 3.29958
40082 3.29958
40082 3.29958
40082 3.29958
40086 3.05005
40086 3.05005
40087 3.04934
40087 3.04934
40088 3.02489
40088 3.02489
40088 3.02489
40088 3.02489
40100 3.03955
40200 3.13544
40300 3.19602
40400 3.2343
40500 3.25849
40600 3.27377
40700 3.28342
40800 3.28952
40900 3.29338
40954 3.29484
40954 3.29484
40960 3.26176
40960 3.26176
40962 3.19919
40962 3.19919
40962 3.19919
40962 3.19919
41000 3.21521
41000 3.21521
41100 3.24642
41200 3.26615
41300 3.27861
41400 3.28648
41500 3.29146
41600 3.2946
41700 3.29659
41800 3.29784
41900 3.29863
42000 3.29913
42000 3.29913
42100 3.29945
42200 3.29965
42300 3.29978
42400 3.29986
42500 3.29991
42600 3.29994
42700 3.29996
42800 3.29997
42900 3.29998
43000 3.29998
43000 3.29998
43002 3.29998
43002 3.29998
43008 3.26672
43008 3.26672
43100 3.27819
43200 3.28621
43300 3.29129
43400 3.29449
43500 3.29652
43600 3.2978
43700 3.29861
43800 3.29912
43900 3.29944
