0 3.03099
0 3.03068
0 3.03068
2 3.0129
2 3.0129
100 2.88918
200 2.78659
300 2.70378
400 2.63694
500 2.58299
600 2.53945
700 2.5043
800 2.47593
900 2.45304
1000 2.43456
1000 2.43456
1100 2.41964
1200 2.4076
1300 2.39788
1400 2.39004
1500 2.38371
1600 2.3786
1700 2.37447
1800 2.37114
1900 2.36846
2000 2.36629
2000 2.36629
2048 2.3654
2048 2.3654
2050 2.35478
2050 2.35478
2100 2.35502
2200 2.35545
2300 2.35579
2400 2.35606
2500 2.35628
2600 2.35646
2700 2.35661
2800 2.35672
2900 2.35682
3000 2.35689
3000 2.35689
3100 2.35695
3200 2.357
3300 2.35704
3400 2.35708
3500 2.3571
3600 2.35712
3700 2.35714
3800 2.35715
3900 2.35716
4000 2.35717
4000 2.35717
4096 2.35718
4096 2.35718
4098 2.34581
4098 2.34581
4100 2.34585
4200 2.34804
4300 2.34981
4400 2.35124
4500 2.35239
4502 2.35241
4502 2.35241
4504 2.33136
4504 2.33136
4504 2.33137
4504 2.33137
4505 2.3263
4505 2.3263
4505 2.32632
4505 2.32632
4506 2.32006
4506 2.32006
4506 2.32007
4506 2.32007
4507 2.30713
4507 2.30713
4600 2.31611
4700 2.32403
4800 2.33043
4900 2.3356
5000 2.33977
5000 2.33977
5100 2.34313
5200 2.34585
5300 2.34804
5400 2.34981
5500 2.35123
5600 2.35239
5700 2.35332
5800 2.35407
5900 2.35467
6000 2.35516
6000 2.35516
6100 2.35556
6144 2.35571
6144 2.35571
6146 2.34517
6146 2.34517
6146 2.34517
6146 2.34517
6200 2.42085
6300 2.54561
6400 2.65267
6500 2.74453
6600 2.82335
6700 2.89099
6800 2.94903
6900 2.99884
7000 3.04158
7000 3.04158
7100 3.07825
7200 3.10972
7300 3.13672
7400 3.15989
7500 3.17977
7600 3.19683
7700 3.21147
7800 3.22403
7900 3.23481
8000 3.24406
8000 3.24406
8100 3.252
8186 3.25795
8186 3.25795
8192 3.24723
8192 3.24723
8194 3.22738
8194 3.22738
8194 3.22738
8194 3.22738
8200 3.22802
8300 3.23824
8400 3.247
8500 3.25452
8600 3.26097
8700 3.26651
8800 3.27126
8900 3.27534
9000 3.27884
9000 3.27884
9100 3.28184
9200 3.28442
9300 3.28663
9400 3.28852
9500 3.29015
9600 3.29155
9700 3.29275
9800 3.29377
9900 3.29466
10000 3.29541
10000 3.29541
10082 3.29596
10082 3.29596
10082 3.29596
10082 3.29596
10082 3.29596
10086 3.21014
10086 3.21014
10087 3.20985
10087 3.20985
10088 3.20097
10088 3.20097
10088 3.20097
10088 3.20097
10100 3.20276
10200 3.21656
10234 3.22084
10234 3.22084
10240 3.21056
10240 3.21056
10242 3.19248
10242 3.19248
10242 3.19248
10242 3.19248
10300 3.2016
10400 3.21557
10500 3.22755
10600 3.23783
10700 3.24665
10800 3.25422
10900 3.26072
11000 3.26629
11000 3.26629
11100 3.27107
11200 3.27518
11300 3.2787
11400 3.28172
11500 3.28431
11600 3.28654
11700 3.28845
11800 3.29009
11900 3.29149
12000 3.2927
12000 3.2927
12100 3.29373
12200 3.29462
12282 3.29526
12282 3.29526
12288 3.28409
12288 3.28409
12290 3.2628
12290 3.2628
12290 3.2628
12290 3.2628
12300 3.26335
12400 3.26855
12500 3.27301
12600 3.27684
12700 3.28013
12800 3.28295
12900 3.28537
13000 3.28744
13000 3.28744
13100 3.28922
13200 3.29075
13300 3.29206
13400 3.29319
13500 3.29415
13600 3.29498
13700 3.29569
13800 3.2963
13900 3.29683
14000 3.29728
14000 3.29728
14100 3.29766
14200 3.29799
14300 3.29828
14330 3.29836
14330 3.29836
14336 3.28715
14336 3.28715
14400 3.28835
14500 3.29
14600 3.29142
14700 3.29264
14800 3.29368
14900 3.29458
15000 3.29535
15000 3.29535
15100 3.29601
15200 3.29657
15300 3.29706
15400 3.29747
15500 3.29783
15600 3.29814
15700 3.2984
15800 3.29863
15900 3.29882
16000 3.29899
16000 3.29899
16100 3.29913
16200 3.29925
16300 3.29936
16378 3.29943
16378 3.29943
16384 3.28822
16384 3.28822
16386 3.26798
16386 3.26798
16386 3.26798
16386 3.26798
16400 3.26865
16500 3.2731
16600 3.27692
16700 3.28019
16800 3.283
16900 3.28541
17000 3.28748
17000 3.28748
17100 3.28926
17200 3.29078
17300 3.29209
17400 3.29321
17500 3.29417
17600 3.295
17700 3.29571
17800 3.29632
17900 3.29684
18000 3.29729
18000 3.29729
18100 3.29767
18200 3.298
18300 3.29828
18400 3.29853
18426 3.29858
18426 3.29858
18432 3.28738
18432 3.28738
18434 3.26862
18434 3.26862
18434 3.26862
18434 3.26862
18500 3.27163
18600 3.27566
18700 3.27911
18800 3.28207
18900 3.28462
19000 3.2868
19000 3.2868
19100 3.28867
19200 3.29028
19300 3.29166
19400 3.29284
19500 3.29385
19600 3.29473
19700 3.29547
19800 3.29611
19900 3.29667
20000 3.29714
20000 3.29714
20082 3.29748
20082 3.29748
20082 3.29748
20082 3.29748
20082 3.29748
20086 3.21161
20086 3.21161
20087 3.21132
20087 3.21132
20088 3.20243
20088 3.20243
20088 3.20243
20088 3.20243
20100 3.2042
20200 3.21779
20300 3.22946
20400 3.23947
20474 3.24598
20474 3.24598
20480 3.2354
20480 3.2354
20482 3.2146
20482 3.2146
20482 3.2146
20482 3.2146
20500 3.21688
20600 3.22868
20700 3.2388
20800 3.24748
20900 3.25493
21000 3.26133
21000 3.26133
21100 3.26681
21200 3.27152
21300 3.27556
21400 3.27903
21500 3.282
21600 3.28456
21700 3.28675
21800 3.28863
21900 3.29024
22000 3.29162
22000 3.29162
22100 3.29281
22200 3.29383
22300 3.29471
22400 3.29546
22500 3.2961
22522 3.29623
22522 3.29623
22528 3.28506
22528 3.28506
22600 3.28661
22700 3.28851
22800 3.29014
22900 3.29154
23000 3.29274
23000 3.29274
23100 3.29377
23200 3.29465
23300 3.29541
23400 3.29606
23500 3.29662
23600 3.2971
23700 3.29751
23800 3.29786
23900 3.29816
24000 3.29842
24000 3.29842
24100 3.29865
24200 3.29884
24300 3.299
24400 3.29914
24500 3.29926
24570 3.29934
24570 3.29934
24576 3.28813
24576 3.28813
24578 3.26789
24578 3.26789
24578 3.26789
24578 3.26789
24600 3.26895
24700 3.27335
24800 3.27713
24900 3.28038
25000 3.28316
25000 3.28316
25100 3.28555
25200 3.2876
25300 3.28936
25400 3.29087
25500 3.29216
25600 3.29327
25700 3.29423
25800 3.29505
25900 3.29575
26000 3.29635
26000 3.29635
26100 3.29687
26200 3.29731
26300 3.29769
26400 3.29802
26500 3.2983
26600 3.29854
26618 3.29858
26618 3.29858
26624 3.28738
26624 3.28738
26626 3.26861
26626 3.26861
26626 3.26861
26626 3.26861
26700 3.27197
26800 3.27595
26900 3.27936
27000 3.28229
27000 3.28229
27100 3.2848
27200 3.28696
27300 3.28881
27400 3.29039
27500 3.29176
27600 3.29293
27700 3.29393
27800 3.29479
27900 3.29553
28000 3.29616
28000 3.29616
28100 3.29671
28200 3.29717
28300 3.29757
28400 3.29792
28500 3.29821
28600 3.29846
28666 3.29861
28666 3.29861
28672 3.28741
28672 3.28741
28674 3.26718
28674 3.26718
28674 3.26718
28674 3.26718
28700 3.26845
28800 3.27293
28900 3.27677
29000 3.28006
29000 3.28006
29100 3.28289
29200 3.28532
29300 3.2874
29400 3.28919
29500 3.29072
29600 3.29204
29700 3.29317
29800 3.29414
29900 3.29497
30000 3.29568
30000 3.29568
30082 3.29619
30082 3.29619
30082 3.29619
30082 3.29619
30082 3.29619
30086 3.21037
30086 3.21037
30087 3.21008
30087 3.21008
30088 3.2012
30088 3.2012
30088 3.2012
30088 3.2012
30100 3.20298
30200 3.21675
30300 3.22856
30400 3.2387
30500 3.2474
30600 3.25486
30700 3.26127
30714 3.26211
30714 3.26211
30720 3.25134
30720 3.25134
30722 3.2329
30722 3.2329
30722 3.2329
30722 3.2329
30800 3.24044
30900 3.24889
31000 3.25615
31000 3.25615
31100 3.26237
31200 3.26771
31300 3.27229
31400 3.27622
31500 3.27959
31600 3.28249
31700 3.28497
31800 3.2871
31900 3.28893
32000 3.2905
32000 3.2905
32100 3.29185
32200 3.29301
32300 3.294
32400 3.29485
32500 3.29558
32600 3.2962
32700 3.29674
32762 3.29704
32762 3.29704
32768 3.28585
32768 3.28585
32770 3.26454
32770 3.26454
32770 3.26454
32770 3.26454
32800 3.26612
32900 3.27093
33000 3.27505
33000 3.27505
33100 3.27859
33200 3.28163
33300 3.28423
33400 3.28647
33500 3.28839
33600 3.29004
33700 3.29145
33800 3.29266
33900 3.2937
34000 3.2946
34000 3.2946
34100 3.29536
34200 3.29602
34300 3.29658
34400 3.29707
34500 3.29748
34600 3.29784
34700 3.29814
34800 3.29841
34810 3.29843
34810 3.29843
34816 3.28723
34816 3.28723
34900 3.28877
35000 3.29036
35000 3.29036
35100 3.29173
35200 3.2929
35300 3.29391
35400 3.29477
35500 3.29551
35600 3.29615
35700 3.29669
35800 3.29716
35900 3.29756
36000 3.29791
36000 3.29791
36100 3.2982
36200 3.29846
36300 3.29868
36400 3.29886
36500 3.29902
36600 3.29916
36700 3.29928
36800 3.29938
36858 3.29943
36858 3.29943
36864 3.28822
36864 3.28822
36866 3.26799
36866 3.26799
36866 3.26799
36866 3.26799
36900 3.2696
37000 3.27391
37000 3.27391
37100 3.27761
37200 3.28079
37300 3.28351
37400 3.28585
37500 3.28786
37600 3.28958
37700 3.29106
37800 3.29233
37900 3.29341
38000 3.29435
38000 3.29435
38100 3.29515
38200 3.29584
38300 3.29643
38400 3.29693
38500 3.29737
38600 3.29774
38700 3.29806
38800 3.29833
38900 3.29857
38906 3.29858
38906 3.29858
38912 3.28738
38912 3.28738
38914 3.26862
38914 3.26862
38914 3.26862
38914 3.26862
39000 3.27249
39000 3.27249
39100 3.27639
39200 3.27974
39300 3.28261
39400 3.28508
39500 3.2872
39600 3.28901
39700 3.29057
39800 3.29191
39900 3.29306
40000 3.29404
40000 3.29404
40082 3.29475
40082 3.29475
40082 3.29475
40082 3.29475
40082 3.29475
40086 3.20897
40086 3.20897
40087 3.20868
40087 3.20868
40088 3.1998
40088 3.1998
40088 3.1998
40088 3.1998
40100 3.20162
40200 3.21558
40300 3.22756
40400 3.23784
40500 3.24666
40600 3.25423
40700 3.26072
40800 3.26629
40900 3.27108
40954 3.27339
40954 3.27339
40960 3.26248
40960 3.26248
40962 3.24141
40962 3.24141
40962 3.24141
40962 3.24141
41000 3.24469
41000 3.24469
41100 3.25254
41200 3.25927
41300 3.26505
41400 3.27001
41500 3.27427
41600 3.27792
41700 3.28105
41800 3.28374
41900 3.28604
42000 3.28802
42000 3.28802
42100 3.28972
42200 3.29118
42300 3.29243
42400 3.2935
42500 3.29442
42600 3.29522
42700 3.29589
42800 3.29648
42900 3.29697
43000 3.2974
43000 3.2974
43002 3.29741
43002 3.29741
43008 3.28622
43008 3.28622
43100 3.28803
43200 3.28973
43300 3.29119
43400 3.29244
43500 3.29351
43600 3.29443
43700 3.29522
43800 3.2959
43900 3.29648
