0 3.03099
0 3.03079
0 3.03079
2 3.02142
2 3.02142
100 2.93275
200 2.84466
300 2.75929
400 2.67656
500 2.59638
600 2.51868
700 2.44338
800 2.3704
900 2.29968
1000 2.23114
1000 2.23114
1100 2.16472
1200 2.10035
1300 2.03797
1400 1.97751
1500 1.91893
1600 1.86215
1700 1.80712
1800 1.7538
1800 1.7538
1800 1.7538
1900 1.75498
2000 1.75616
2000 1.75616
2100 1.75734
2200 1.75852
2300 1.7597
2400 1.76088
2500 1.76205
2600 1.76323
2700 1.76441
2800 1.76558
2900 1.76675
3000 1.76793
3000 1.76793
3100 1.7691
3200 1.77027
3300 1.77144
3400 1.77261
3500 1.77378
3600 1.77494
3700 1.77611
3800 1.77727
3900 1.77844
4000 1.7796
4000 1.7796
4100 1.78077
4200 1.78193
4300 1.78309
4400 1.78425
4500 1.78541
4600 1.78657
4700 1.78772
4800 1.78888
4900 1.79004
5000 1.79119
5000 1.79119
5100 1.79234
5200 1.7935
5300 1.79465
5400 1.7958
5500 1.79695
5600 1.7981
5700 1.79925
5800 1.8004
5900 1.80154
6000 1.80269
6000 1.80269
6100 1.80383
6200 1.80498
6300 1.80612
6400 1.80726
6500 1.80841
6600 1.80955
6700 1.81069
6800 1.81183
6900 1.81296
7000 1.8141
7000 1.8141
7100 1.81524
7200 1.81637
7300 1.81751
7400 1.81864
7500 1.81977
7600 1.82091
7700 1.82204
7800 1.82317
7900 1.8243
8000 1.82543
8000 1.82543
8100 1.82655
8200 1.82768
8300 1.82881
8400 1.82993
8500 1.83106
8600 1.83218
8700 1.8333
8800 1.83442
8900 1.83554
9000 1.83666
9000 1.83666
9100 1.83778
9200 1.8389
9300 1.84002
9400 1.84114
9500 1.84225
9600 1.84337
9700 1.84448
9800 1.84559
9900 1.8467
10000 1.84782
10000 1.84782
10100 1.84893
10200 1.85004
10300 1.85115
10400 1.85225
10500 1.85336
10600 1.85447
10700 1.85557
10800 1.85668
10900 1.85778
11000 1.85888
11000 1.85888
11100 1.85999
11200 1.86109
11300 1.86219
11400 1.86329
11500 1.86439
11600 1.86548
11700 1.86658
11800 1.86768
11900 1.86877
12000 1.86987
12000 1.86987
12100 1.87096
12200 1.87205
12300 1.87315
12400 1.87424
12500 1.87533
12600 1.87642
12700 1.8775
12800 1.87859
12900 1.87968
13000 1.88077
13000 1.88077
13100 1.88185
13200 1.88294
13300 1.88402
13400 1.8851
13500 1.88618
13600 1.88727
13700 1.88835
13800 1.88943
13900 1.8905
14000 1.89158
14000 1.89158
14100 1.89266
14200 1.89374
14300 1.89481
14400 1.89589
14500 1.89696
14600 1.89803
14700 1.8991
14800 1.90018
14900 1.90125
15000 1.90232
15000 1.90232
15100 1.90338
15200 1.90445
15300 1.90552
15400 1.90659
15500 1.90765
15600 1.90872
15700 1.90978
15800 1.91084
15900 1.91191
16000 1.91297
16000 1.91297
16100 1.91403
16200 1.91509
16300 1.91615
16400 1.91721
16500 1.91826
16600 1.91932
16700 1.92038
16800 1.92143
16900 1.92248
17000 1.92354
17000 1.92354
17100 1.92459
17200 1.92564
17300 1.92669
17400 1.92774
17500 1.92879
17600 1.92984
17700 1.93089
17800 1.93194
17900 1.93298
18000 1.93403
18000 1.93403
18100 1.93507
18200 1.93612
18300 1.93716
18400 1.9382
18500 1.93924
18600 1.94028
18700 1.94132
18800 1.94236
18900 1.9434
19000 1.94444
19000 1.94444
19100 1.94548
19200 1.94651
19300 1.94755
19400 1.94858
19500 1.94961
19600 1.95065
19700 1.95168
19800 1.95271
19900 1.95374
20000 1.95477
20000 1.95477
20100 1.9558
20200 1.95683
20300 1.95785
20400 1.95888
20500 1.9599
20600 1.96093
20700 1.96195
20800 1.96298
20900 1.964
21000 1.96502
21000 1.96502
21100 1.96604
21200 1.96706
21300 1.96808
21400 1.9691
21500 1.97012
21600 1.97113
21700 1.97215
21800 1.97317
21900 1.97418
22000 1.97519
22000 1.97519
22100 1.97621
22200 1.97722
22300 1.97823
22400 1.97924
22500 1.98025
22600 1.98126
22700 1.98227
22800 1.98328
22900 1.98428
23000 1.98529
23000 1.98529
23100 1.9863
23200 1.9873
23300 1.9883
23400 1.98931
23500 1.99031
23600 1.99131
23700 1.99231
23800 1.99331
23900 1.99431
24000 1.99531
24000 1.99531
24100 1.99631
24200 1.99731
24300 1.9983
24400 1.9993
24500 2.00029
24600 2.00129
24700 2.00228
24800 2.00327
24900 2.00426
25000 2.00525
25000 2.00525
25100 2.00624
25200 2.00723
25300 2.00822
25400 2.00921
25500 2.0102
25600 2.01118
25700 2.01217
25800 2.01315
25900 2.01414
26000 2.01512
26000 2.01512
26100 2.0161
26200 2.01708
26300 2.01807
26400 2.01905
26500 2.02003
26600 2.021
26700 2.02198
26800 2.02296
26900 2.02394
27000 2.02491
27000 2.02491
27100 2.02589
27200 2.02686
27300 2.02783
27400 2.02881
27500 2.02978
27600 2.03075
27700 2.03172
27800 2.03269
27900 2.03366
28000 2.03463
28000 2.03463
28100 2.0356
28200 2.03656
28300 2.03753
28400 2.0385
28500 2.03946
28600 2.04042
28700 2.04139
28800 2.04235
28900 2.04331
29000 2.04427
29000 2.04427
29100 2.04523
29200 2.04619
29300 2.04715
29400 2.04811
29500 2.04907
29600 2.05002
29700 2.05098
29800 2.05193
29900 2.05289
30000 2.05384
30000 2.05384
30100 2.05479
30200 2.05575
30300 2.0567
30400 2.05765
30500 2.0586
30600 2.05955
30700 2.0605
30800 2.06144
30900 2.06239
31000 2.06334
31000 2.06334
31100 2.06428
31200 2.06523
31300 2.06617
31400 2.06712
31500 2.06806
31600 2.069
31700 2.06994
31800 2.07088
31900 2.07182
32000 2.07276
32000 2.07276
32100 2.0737
32200 2.07464
32300 2.07558
32400 2.07651
32500 2.07745
32600 2.07838
32700 2.07932
32800 2.08025
32900 2.08118
33000 2.08211
33000 2.08211
33100 2.08305
33200 2.08398
33300 2.08491
33400 2.08584
33500 2.08676
33600 2.08769
33700 2.08862
33800 2.08955
33900 2.09047
34000 2.0914
34000 2.0914
34100 2.09232
34200 2.09324
34300 2.09417
34400 2.09509
34500 2.09601
34600 2.09693
34700 2.09785
34800 2.09877
34900 2.09969
35000 2.10061
35000 2.10061
35100 2.10152
35200 2.10244
35300 2.10336
35400 2.10427
35500 2.10518
35600 2.1061
35700 2.10701
35800 2.10792
35900 2.10884
36000 2.10975
36000 2.10975
36100 2.11066
36200 2.11157
36300 2.11247
36400 2.11338
36500 2.11429
36600 2.1152
36700 2.1161
36800 2.11701
36900 2.11791
37000 2.11882
37000 2.11882
37100 2.11972
37200 2.12062
37300 2.12152
37400 2.12242
37500 2.12333
37600 2.12423
37700 2.12512
37800 2.12602
37900 2.12692
38000 2.12782
38000 2.12782
38100 2.12871
38200 2.12961
38300 2.1305
38400 2.1314
38500 2.13229
38600 2.13319
38700 2.13408
38800 2.13497
38900 2.13586
39000 2.13675
39000 2.13675
39100 2.13764
39200 2.13853
39300 2.13942
39400 2.1403
39500 2.14119
39600 2.14208
39700 2.14296
39800 2.14385
39900 2.14473
40000 2.14561
40000 2.14561
40100 2.1465
40200 2.14738
40300 2.14826
40400 2.14914
40500 2.15002
40600 2.1509
40700 2.15178
40800 2.15266
40900 2.15353
41000 2.15441
41000 2.15441
41100 2.15529
41200 2.15616
41300 2.15704
41400 2.15791
41500 2.15878
41600 2.15966
41700 2.16053
41800 2.1614
41900 2.16227
42000 2.16314
42000 2.16314
42100 2.16401
42200 2.16488
42300 2.16575
42400 2.16661
42500 2.16748
42600 2.16835
42700 2.16921
42800 2.17008
42900 2.17094
43000 2.1718
43000 2.1718
43100 2.17267
43200 2.17353
43300 2.17439
43400 2.17525
43500 2.17611
43600 2.17697
43700 2.17783
43800 2.17869
43900 2.17954
