0 3.03099
0 3.02983
0 3.02983
2 2.97434
2 2.97434
100 2.50987
200 2.13046
300 1.82887
383 1.62472
383 1.62472
383 1.62472
383 1.62472
400 1.63726
500 1.71188
600 1.78314
700 1.85121
800 1.91622
900 1.97832
1000 2.03763
1000 2.03763
1100 2.09428
1200 2.14838
1300 2.20006
1400 2.24942
1500 2.29656
1600 2.34159
1700 2.3846
1800 2.42568
1900 2.46491
2000 2.50238
2000 2.50238
2100 2.53817
2200 2.57236
2300 2.60501
2400 2.6362
2500 2.66598
2600 2.69443
2700 2.7216
2800 2.74756
2900 2.77235
3000 2.79602
3000 2.79602
3100 2.81864
3200 2.84024
3300 2.86087
3400 2.88057
3500 2.89939
3600 2.91736
3700 2.93453
3800 2.95093
3900 2.96659
4000 2.98155
4000 2.98155
4100 2.99584
4200 3.00949
4200 3.00949
4200 3.00949
4300 2.5276
4400 2.14455
4500 1.84006
4584 1.63166
4584 1.63166
4584 1.63166
4584 1.63166
4600 1.64338
4700 1.71772
4800 1.78872
4900 1.85654
5000 1.92131
5000 1.92131
5100 1.98318
5200 2.04227
5300 2.09871
5400 2.15262
5500 2.20411
5600 2.25328
5700 2.30025
5800 2.34512
5900 2.38797
6000 2.42889
6000 2.42889
6100 2.46798
6200 2.50532
6300 2.54098
6400 2.57503
6500 2.60757
6600 2.63864
6700 2.66831
6800 2.69666
6900 2.72373
7000 2.74959
7000 2.74959
7100 2.77429
7200 2.79788
7300 2.82041
7400 2.84193
7500 2.86248
7600 2.88211
7700 2.90086
7800 2.91877
7900 2.93588
8000 2.95221
8000 2.95221
8100 2.96782
8200 2.98272
8300 2.99696
8400 3.01056
8400 3.01056
8400 3.01056
8500 2.52845
8600 2.14522
8700 1.8406
8784 1.632
8784 1.632
8784 1.632
8784 1.632
8800 1.64367
8900 1.718
9000 1.78899
9000 1.78899
9100 1.85679
9200 1.92156
9300 1.98341
9400 2.04249
9500 2.09892
9600 2.15282
9700 2.2043
9800 2.25347
9900 2.30043
10000 2.34528
10000 2.34528
10100 2.38813
10200 2.42904
10300 2.46813
10400 2.50546
10500 2.54111
10600 2.57516
10700 2.60769
10800 2.63875
10900 2.66843
11000 2.69677
11000 2.69677
11100 2.72383
11200 2.74969
11300 2.77438
11400 2.79797
11500 2.82049
11600 2.84201
11700 2.86256
11800 2.88219
11900 2.90093
12000 2.91884
12000 2.91884
12100 2.93594
12200 2.95228
12300 2.96788
12400 2.98278
12500 2.99701
12600 3.01061
12600 3.01061
12600 3.01061
12700 2.52849
12800 2.14525
12900 1.84063
12984 1.63201
12984 1.63201
12984 1.63201
12984 1.63201
13000 1.64368
13000 1.64368
13100 1.71801
13200 1.789
13300 1.85681
13400 1.92157
13500 1.98342
13600 2.04251
13700 2.09893
13800 2.15283
13900 2.20431
14000 2.25348
14000 2.25348
14100 2.30044
14200 2.34529
14300 2.38813
14400 2.42905
14500 2.46813
14600 2.50546
14700 2.54112
14800 2.57517
14900 2.60769
15000 2.63876
15000 2.63876
15100 2.66843
15200 2.69677
15300 2.72384
15400 2.74969
15500 2.77438
15600 2.79797
15700 2.8205
15800 2.84201
15900 2.86256
16000 2.88219
16000 2.88219
16100 2.90094
16200 2.91884
16300 2.93594
16400 2.95228
16500 2.96788
16600 2.98278
16700 2.99701
16800 3.01061
16800 3.01061
16800 3.01061
16900 2.52849
17000 2.14526
17000 2.14526
17100 1.84063
17184 1.63201
17184 1.63201
17184 1.63201
17184 1.63201
17200 1.64368
17300 1.71801
17400 1.789
17500 1.85681
17600 1.92157
17700 1.98343
17800 2.04251
17900 2.09893
18000 2.15283
18000 2.15283
18100 2.20431
18200 2.25348
18300 2.30044
18400 2.34529
18500 2.38813
18600 2.42905
18700 2.46813
18800 2.50546
18900 2.54112
19000 2.57517
19000 2.57517
19100 2.60769
19200 2.63876
19300 2.66843
19400 2.69677
19500 2.72384
19600 2.74969
19700 2.77438
19800 2.79797
19900 2.8205
20000 2.84201
20000 2.84201
20100 2.86256
20200 2.88219
20300 2.90094
20400 2.91884
20500 2.93594
20600 2.95228
20700 2.96788
20800 2.98278
20900 2.99702
21000 3.01061
21000 3.01061
21000 3.01061
21000 3.01061
21100 2.52849
21200 2.14526
21300 1.84063
21384 1.63201
21384 1.63201
21384 1.63201
21384 1.63201
21400 1.64368
21500 1.71801
21600 1.789
21700 1.85681
21800 1.92157
21900 1.98343
22000 2.04251
22000 2.04251
22100 2.09893
22200 2.15283
22300 2.20431
22400 2.25348
22500 2.30044
22600 2.34529
22700 2.38813
22800 2.42905
22900 2.46813
23000 2.50546
23000 2.50546
23100 2.54112
23200 2.57517
23300 2.60769
23400 2.63876
23500 2.66843
23600 2.69677
23700 2.72384
23800 2.74969
23900 2.77438
24000 2.79797
24000 2.79797
24100 2.8205
24200 2.84201
24300 2.86256
24400 2.88219
24500 2.90094
24600 2.91884
24700 2.93594
24800 2.95228
24900 2.96788
25000 2.98278
25000 2.98278
25100 2.99702
25200 3.01061
25200 3.01061
25200 3.01061
25300 2.52849
25400 2.14526
25500 1.84063
25584 1.63201
25584 1.63201
25584 1.63201
25584 1.63201
25600 1.64368
25700 1.71801
25800 1.789
25900 1.85681
26000 1.92157
26000 1.92157
26100 1.98343
26200 2.04251
26300 2.09893
26400 2.15283
26500 2.20431
26600 2.25348
26700 2.30044
26800 2.34529
26900 2.38813
27000 2.42905
27000 2.42905
27100 2.46813
27200 2.50546
27300 2.54112
27400 2.57517
27500 2.60769
27600 2.63876
27700 2.66843
27800 2.69677
27900 2.72384
28000 2.74969
28000 2.74969
28100 2.77438
28200 2.79797
28300 2.8205
28400 2.84201
28500 2.86256
28600 2.88219
28700 2.90094
28800 2.91884
28900 2.93594
29000 2.95228
29000 2.95228
29100 2.96788
29200 2.98278
29300 2.99702
29400 3.01061
29400 3.01061
29400 3.01061
29500 2.52849
29600 2.14526
29700 1.84063
29784 1.63201
29784 1.63201
29784 1.63201
29784 1.63201
29800 1.64368
29900 1.71801
30000 1.789
30000 1.789
30100 1.85681
30200 1.92157
30300 1.98343
30400 2.04251
30500 2.09893
30600 2.15283
30700 2.20431
30800 2.25348
30900 2.30044
31000 2.34529
31000 2.34529
31100 2.38813
31200 2.42905
31300 2.46813
31400 2.50546
31500 2.54112
31600 2.57517
31700 2.60769
31800 2.63876
31900 2.66843
32000 2.69677
32000 2.69677
32100 2.72384
32200 2.74969
32300 2.77438
32400 2.79797
32500 2.8205
32600 2.84201
32700 2.86256
32800 2.88219
32900 2.90094
33000 2.91884
33000 2.91884
33100 2.93594
33200 2.95228
33300 2.96788
33400 2.98278
33500 2.99702
33600 3.01061
33600 3.01061
33600 3.01061
33700 2.52849
33800 2.14526
33900 1.84063
33984 1.63201
33984 1.63201
33984 1.63201
33984 1.63201
34000 1.64368
34000 1.64368
34100 1.71801
34200 1.789
34300 1.85681
34400 1.92157
34500 1.98343
34600 2.04251
34700 2.09893
34800 2.15283
34900 2.20431
35000 2.25348
35000 2.25348
35100 2.30044
35200 2.34529
35300 2.38813
35400 2.42905
35500 2.46813
35600 2.50546
35700 2.54112
35800 2.57517
35900 2.60769
36000 2.63876
36000 2.63876
36100 2.66843
36200 2.69677
36300 2.72384
36400 2.74969
36500 2.77438
36600 2.79797
36700 2.8205
36800 2.84201
36900 2.86256
37000 2.88219
37000 2.88219
37100 2.90094
37200 2.91884
37300 2.93594
37400 2.95228
37500 2.96788
37600 2.98278
37700 2.99702
37800 3.01061
37800 3.01061
37800 3.01061
37900 2.52849
38000 2.14526
38000 2.14526
38100 1.84063
38184 1.63201
38184 1.63201
38184 1.63201
38184 1.63201
38200 1.64368
38300 1.71801
38400 1.789
38500 1.85681
38600 1.92157
38700 1.98343
38800 2.04251
38900 2.09893
39000 2.15283
39000 2.15283
39100 2.20431
39200 2.25348
39300 2.30044
39400 2.34529
39500 2.38813
39600 2.42905
39700 2.46813
39800 2.50546
39900 2.54112
40000 2.57517
40000 2.57517
40100 2.60769
40200 2.63876
40300 2.66843
40400 2.69677
40500 2.72384
40600 2.74969
40700 2.77438
40800 2.79797
40900 2.8205
41000 2.84201
41000 2.84201
41100 2.86256
41200 2.88219
41300 2.90094
41400 2.91884
41500 2.93594
41600 2.95228
41700 2.96788
41800 2.98278
41900 2.99702
42000 3.01061
42000 3.01061
42000 3.01061
42000 3.01061
42100 2.52849
42200 2.14526
42300 1.84063
42384 1.63201
42384 1.63201
42384 1.63201
42384 1.63201
42400 1.64368
42500 1.71801
42600 1.789
42700 1.85681
42800 1.92157
42900 1.98343
43000 2.04251
43000 2.04251
43100 2.09893
43200 2.15283
43300 2.20431
43400 2.25348
43500 2.30044
43600 2.34529
43700 2.38813
43800 2.42905
43900 2.46813
