0 3.03099
0 3.03093
0 3.03093
2 3.02812
2 3.02812
100 3.00136
200 2.97422
300 2.94734
400 2.92074
500 2.8944
600 2.86833
700 2.84252
800 2.81697
900 2.79168
1000 2.76664
1000 2.76664
1100 2.74185
1200 2.71731
1300 2.69302
1400 2.66897
1500 2.64517
1600 2.6216
1700 2.59827
1800 2.57517
1900 2.55231
2000 2.52968
2000 2.52968
2048 2.51889
2048 2.51889
2050 2.51674
2050 2.51674
2100 2.50558
2200 2.48342
2300 2.46147
2400 2.43975
2500 2.41825
2600 2.39696
2700 2.37589
2800 2.35503
2900 2.33438
3000 2.31394
3000 2.31394
3100 2.2937
3200 2.27366
3300 2.25383
3400 2.2342
3500 2.21476
3600 2.19552
3700 2.17647
3800 2.15761
3900 2.13894
4000 2.12046
4000 2.12046
4096 2.1029
4096 2.1029
4098 2.10097
4098 2.10097
4100 2.10064
4200 2.08255
4300 2.06463
4400 2.0469
4500 2.02935
4502 2.02893
4502 2.02893
4504 2.02591
4504 2.02591
4504 2.02588
4504 2.02588
4505 2.02503
4505 2.02503
4505 2.02499
4505 2.02499
4506 2.02394
4506 2.02394
4506 2.02391
4506 2.02391
4507 2.02203
4507 2.02203
4600 2.00608
4700 1.98893
4800 1.97196
4900 1.95516
5000 1.93852
5000 1.93852
5100 1.92206
5200 1.90576
5300 1.88962
5400 1.87365
5500 1.85783
5600 1.84218
5700 1.82668
5800 1.81134
5900 1.79615
5900 1.79615
5900 1.79615
6000 1.79753
6000 1.79753
6100 1.79891
6200 1.80029
6300 1.80167
6400 1.80304
6500 1.80442
6600 1.80579
6700 1.80716
6800 1.80853
6900 1.8099
7000 1.81127
7000 1.81127
7100 1.81263
7200 1.814
7300 1.81536
7400 1.81672
7500 1.81809
7600 1.81945
7700 1.8208
7800 1.82216
7900 1.82352
8000 1.82487
8000 1.82487
8100 1.82623
8200 1.82758
8300 1.82893
8400 1.83028
8500 1.83163
8600 1.83298
8700 1.83432
8800 1.83567
8900 1.83701
9000 1.83836
9000 1.83836
9100 1.8397
9200 1.84104
9300 1.84238
9400 1.84371
9500 1.84505
9600 1.84639
9700 1.84772
9800 1.84905
9900 1.85039
10000 1.85172
10000 1.85172
10100 1.85305
10200 1.85437
10300 1.8557
10400 1.85703
10500 1.85835
10600 1.85967
10700 1.86099
10800 1.86232
10900 1.86364
11000 1.86495
11000 1.86495
11100 1.86627
11200 1.86759
11300 1.8689
11400 1.87021
11500 1.87153
11600 1.87284
11700 1.87415
11800 1.87546
11900 1.87676
12000 1.87807
12000 1.87807
12100 1.87937
12200 1.88068
12300 1.88198
12400 1.88328
12500 1.88458
12600 1.88588
12700 1.88718
12800 1.88848
12900 1.88977
13000 1.89107
13000 1.89107
13100 1.89236
13200 1.89365
13300 1.89494
13400 1.89623
13500 1.89752
13600 1.89881
13700 1.90009
13800 1.90138
13900 1.90266
14000 1.90394
14000 1.90394
14100 1.90523
14200 1.90651
14300 1.90778
14400 1.90906
14500 1.91034
14600 1.91161
14700 1.91289
14800 1.91416
14900 1.91543
15000 1.9167
15000 1.9167
15100 1.91797
15200 1.91924
15300 1.92051
15400 1.92178
15500 1.92304
15600 1.9243
15700 1.92557
15800 1.92683
15900 1.92809
16000 1.92935
16000 1.92935
16100 1.93061
16200 1.93186
16300 1.93312
16400 1.93437
16500 1.93563
16600 1.93688
16700 1.93813
16800 1.93938
16900 1.94063
17000 1.94188
17000 1.94188
17100 1.94312
17200 1.94437
17300 1.94561
17400 1.94685
17500 1.9481
17600 1.94934
17700 1.95058
17800 1.95182
17900 1.95305
18000 1.95429
18000 1.95429
18100 1.95552
18200 1.95676
18300 1.95799
18400 1.95922
18500 1.96045
18600 1.96168
18700 1.96291
18800 1.96414
18900 1.96536
19000 1.96659
19000 1.96659
19100 1.96781
19200 1.96904
19300 1.97026
19400 1.97148
19500 1.9727
19600 1.97391
19700 1.97513
19800 1.97635
19900 1.97756
20000 1.97878
20000 1.97878
20100 1.97999
20200 1.9812
20300 1.98241
20400 1.98362
20500 1.98483
20600 1.98604
20700 1.98724
20800 1.98845
20900 1.98965
21000 1.99085
21000 1.99085
21100 1.99205
21200 1.99325
21300 1.99445
21400 1.99565
21500 1.99685
21600 1.99805
21700 1.99924
21800 2.00043
21900 2.00163
22000 2.00282
22000 2.00282
22100 2.00401
22200 2.0052
22300 2.00639
22400 2.00757
22500 2.00876
22600 2.00994
22700 2.01113
22800 2.01231
22900 2.01349
23000 2.01467
23000 2.01467
23100 2.01585
23200 2.01703
23300 2.01821
23400 2.01939
23500 2.02056
23600 2.02174
23700 2.02291
23800 2.02408
23900 2.02525
24000 2.02642
24000 2.02642
24100 2.02759
24200 2.02876
24300 2.02993
24400 2.03109
24500 2.03226
24600 2.03342
24700 2.03458
24800 2.03574
24900 2.0369
25000 2.03806
25000 2.03806
25100 2.03922
25200 2.04038
25300 2.04153
25400 2.04269
25500 2.04384
25600 2.045
25700 2.04615
25800 2.0473
25900 2.04845
26000 2.0496
26000 2.0496
26100 2.05074
26200 2.05189
26300 2.05304
26400 2.05418
26500 2.05532
26600 2.05647
26700 2.05761
26800 2.05875
26900 2.05989
27000 2.06103
27000 2.06103
27100 2.06216
27200 2.0633
27300 2.06443
27400 2.06557
27500 2.0667
27600 2.06783
27700 2.06896
27800 2.07009
27900 2.07122
28000 2.07235
28000 2.07235
28100 2.07348
28200 2.0746
28300 2.07573
28400 2.07685
28500 2.07797
28600 2.07909
28700 2.08022
28800 2.08133
28900 2.08245
29000 2.08357
29000 2.08357
29100 2.08469
29200 2.0858
29300 2.08692
29400 2.08803
29500 2.08914
29600 2.09025
29700 2.09136
29800 2.09247
29900 2.09358
30000 2.09469
30000 2.09469
30100 2.09579
30200 2.0969
30300 2.098
30400 2.09911
30500 2.10021
30600 2.10131
30700 2.10241
30800 2.10351
30900 2.10461
31000 2.10571
31000 2.10571
31100 2.1068
31200 2.1079
31300 2.10899
31400 2.11008
31500 2.11118
31600 2.11227
31700 2.11336
31800 2.11445
31900 2.11553
32000 2.11662
32000 2.11662
32100 2.11771
32200 2.11879
32300 2.11988
32400 2.12096
32500 2.12204
32600 2.12312
32700 2.1242
32800 2.12528
32900 2.12636
33000 2.12744
33000 2.12744
33100 2.12851
33200 2.12959
33300 2.13066
33400 2.13174
33500 2.13281
33600 2.13388
33700 2.13495
33800 2.13602
33900 2.13709
34000 2.13815
34000 2.13815
34100 2.13922
34200 2.14029
34300 2.14135
34400 2.14241
34500 2.14348
34600 2.14454
34700 2.1456
34800 2.14666
34900 2.14772
35000 2.14877
35000 2.14877
35100 2.14983
35200 2.15089
35300 2.15194
35400 2.15299
35500 2.15405
35600 2.1551
35700 2.15615
35800 2.1572
35900 2.15825
36000 2.1593
36000 2.1593
36100 2.16034
36200 2.16139
36300 2.16243
36400 2.16348
36500 2.16452
36600 2.16556
36700 2.1666
36800 2.16764
36900 2.16868
37000 2.16972
37000 2.16972
37100 2.17076
37200 2.17179
37300 2.17283
37400 2.17386
37500 2.1749
37600 2.17593
37700 2.17696
37800 2.17799
37900 2.17902
38000 2.18005
38000 2.18005
38100 2.18108
38200 2.18211
38300 2.18313
38400 2.18416
38500 2.18518
38600 2.1862
38700 2.18723
38800 2.18825
38900 2.18927
39000 2.19029
39000 2.19029
39100 2.19131
39200 2.19232
39300 2.19334
39400 2.19436
39500 2.19537
39600 2.19638
39700 2.1974
39800 2.19841
39900 2.19942
40000 2.20043
40000 2.20043
40100 2.20144
40200 2.20245
40300 2.20346
40400 2.20446
40500 2.20547
40600 2.20647
40700 2.20747
40800 2.20848
40900 2.20948
41000 2.21048
41000 2.21048
41100 2.21148
41200 2.21248
41300 2.21348
41400 2.21447
41500 2.21547
41600 2.21647
41700 2.21746
41800 2.21845
41900 2.21945
42000 2.22044
42000 2.22044
42100 2.22143
42200 2.22242
42300 2.22341
42400 2.2244
42500 2.22538
42600 2.22637
42700 2.22735
42800 2.22834
42900 2.22932
43000 2.23031
43000 2.23031
43100 2.23129
43200 2.23227
43300 2.23325
43400 2.23423
43500 2.2352
43600 2.23618
43700 2.23716
43800 2.23813
43900 2.23911
