0 3.03099
0 3.03095
0 3.03095
2 3.02841
2 3.02841
100 3.01384
200 2.9997
300 2.98632
400 2.97365
500 2.96167
600 2.95032
700 2.93959
800 2.92943
900 2.91981
1000 2.91071
1000 2.91071
1100 2.9021
1200 2.89395
1300 2.88623
1400 2.87893
1500 2.87202
1600 2.86548
1700 2.8593
1800 2.85344
1900 2.8479
2000 2.84265
2000 2.84265
2048 2.84024
2048 2.84024
2050 2.83822
2050 2.83822
2100 2.83583
2200 2.83123
2300 2.82688
2400 2.82276
2500 2.81886
2600 2.81517
2700 2.81168
2800 2.80838
2900 2.80525
3000 2.80229
3000 2.80229
3100 2.79949
3200 2.79684
3300 2.79433
3400 2.79196
3500 2.78971
3600 2.78758
3700 2.78557
3800 2.78367
3900 2.78187
4000 2.78016
4000 2.78016
4096 2.77861
4096 2.77861
4098 2.77655
4098 2.77655
4100 2.77653
4200 2.77511
4300 2.77377
4400 2.77249
4500 2.77129
4502 2.77126
4502 2.77126
4504 2.7675
4504 2.7675
4504 2.7675
4504 2.7675
4505 2.76658
4505 2.76658
4505 2.76657
4505 2.76657
4506 2.76543
4506 2.76543
4506 2.76543
4506 2.76543
4507 2.76308
4507 2.76308
4600 2.76244
4700 2.76177
4800 2.76115
4900 2.76055
5000 2.75999
5000 2.75999
5100 2.75945
5200 2.75895
5300 2.75847
5400 2.75802
5500 2.75759
5600 2.75719
5700 2.75681
5800 2.75644
5900 2.7561
6000 2.75578
6000 2.75578
6100 2.75547
6144 2.75534
6144 2.75534
6146 2.75348
6146 2.75348
6146 2.75348
6146 2.75348
6200 2.76685
6300 2.79078
6400 2.81363
6500 2.83545
6600 2.8563
6700 2.87621
6800 2.89523
6900 2.91339
7000 2.93074
7000 2.93074
7100 2.94731
7200 2.96314
7300 2.97826
7400 2.99269
7500 3.00649
7600 3.01966
7700 3.03224
7800 3.04425
7900 3.05573
8000 3.06669
8000 3.06669
8100 3.07716
8186 3.08583
8186 3.08583
8192 3.0848
8192 3.0848
8194 3.08215
8194 3.08215
8194 3.08215
8194 3.08215
8200 3.08273
8300 3.09248
8400 3.10179
8500 3.11069
8600 3.11918
8700 3.1273
8800 3.13505
8900 3.14245
9000 3.14952
9000 3.14952
9100 3.15627
9200 3.16272
9300 3.16888
9400 3.17477
9500 3.18039
9600 3.18575
9700 3.19088
9800 3.19578
9900 3.20045
10000 3.20492
10000 3.20492
10082 3.20846
10082 3.20846
10082 3.20846
10082 3.20846
10082 3.20846
10086 3.19594
10086 3.19594
10087 3.1959
10087 3.1959
10088 3.19459
10088 3.19459
10088 3.19459
10088 3.19459
10100 3.19517
10200 3.19987
10234 3.20144
10234 3.20144
10240 3.20006
10240 3.20006
10242 3.19739
10242 3.19739
10242 3.19739
10242 3.19739
10300 3.20009
10400 3.20457
10500 3.20885
10600 3.21294
10700 3.21685
10800 3.22058
10900 3.22415
11000 3.22755
11000 3.22755
11100 3.2308
11200 3.23391
11300 3.23687
11400 3.2397
11500 3.24241
11600 3.24499
11700 3.24746
11800 3.24982
11900 3.25207
12000 3.25422
12000 3.25422
12100 3.25628
12200 3.25824
12282 3.25979
12282 3.25979
12288 3.25822
12288 3.25822
12290 3.25508
12290 3.25508
12290 3.25508
12290 3.25508
12300 3.25528
12400 3.25728
12500 3.2592
12600 3.26103
12700 3.26278
12800 3.26445
12900 3.26604
13000 3.26757
13000 3.26757
13100 3.26902
13200 3.27041
13300 3.27174
13400 3.27301
13500 3.27422
13600 3.27538
13700 3.27648
13800 3.27754
13900 3.27854
14000 3.27951
14000 3.27951
14100 3.28043
14200 3.28131
14300 3.28214
14330 3.28239
14330 3.28239
14336 3.28076
14336 3.28076
14400 3.28131
14500 3.28215
14600 3.28295
14700 3.28372
14800 3.28445
14900 3.28514
15000 3.28581
15000 3.28581
15100 3.28645
15200 3.28706
15300 3.28764
15400 3.28819
15500 3.28872
15600 3.28923
15700 3.28971
15800 3.29017
15900 3.29061
16000 3.29103
16000 3.29103
16100 3.29144
16200 3.29182
16300 3.29219
16378 3.29246
16378 3.29246
16384 3.2908
16384 3.2908
16386 3.28775
16386 3.28775
16386 3.28775
16386 3.28775
16400 3.28783
16500 3.28837
16600 3.2889
16700 3.28939
16800 3.28987
16900 3.29032
17000 3.29076
17000 3.29076
17100 3.29117
17200 3.29157
17300 3.29195
17400 3.29231
17500 3.29265
17600 3.29298
17700 3.2933
17800 3.2936
17900 3.29389
18000 3.29416
18000 3.29416
18100 3.29442
18200 3.29467
18300 3.29491
18400 3.29514
18426 3.2952
18426 3.2952
18432 3.29352
18432 3.29352
18434 3.29069
18434 3.29069
18434 3.29069
18434 3.29069
18500 3.29097
18600 3.29137
18700 3.29176
18800 3.29213
18900 3.29248
19000 3.29282
19000 3.29282
19100 3.29314
19200 3.29345
19300 3.29374
19400 3.29403
19500 3.29429
19600 3.29455
19700 3.29479
19800 3.29503
19900 3.29525
20000 3.29546
20000 3.29546
20082 3.29563
20082 3.29563
20082 3.29563
20082 3.29563
20082 3.29563
20086 3.28259
20086 3.28259
20087 3.28254
20087 3.28254
20088 3.28117
20088 3.28117
20088 3.28117
20088 3.28117
20100 3.28127
20200 3.28211
20300 3.28291
20400 3.28368
20474 3.28423
20474 3.28423
20480 3.28258
20480 3.28258
20482 3.27939
20482 3.27939
20482 3.27939
20482 3.27939
20500 3.27956
20600 3.28047
20700 3.28135
20800 3.28219
20900 3.28299
21000 3.28375
21000 3.28375
21100 3.28448
21200 3.28517
21300 3.28584
21400 3.28648
21500 3.28708
21600 3.28766
21700 3.28822
21800 3.28874
21900 3.28925
22000 3.28973
22000 3.28973
22100 3.29019
22200 3.29063
22300 3.29105
22400 3.29145
22500 3.29184
22522 3.29192
22522 3.29192
22528 3.29025
22528 3.29025
22600 3.29057
22700 3.29099
22800 3.2914
22900 3.29178
23000 3.29215
23000 3.29215
23100 3.2925
23200 3.29284
23300 3.29316
23400 3.29347
23500 3.29376
23600 3.29404
23700 3.29431
23800 3.29456
23900 3.29481
24000 3.29504
24000 3.29504
24100 3.29526
24200 3.29548
24300 3.29568
24400 3.29587
24500 3.29606
24570 3.29618
24570 3.29618
24576 3.2945
24576 3.2945
24578 3.29145
24578 3.29145
24578 3.29145
24578 3.29145
24600 3.29154
24700 3.29192
24800 3.29228
24900 3.29262
25000 3.29296
25000 3.29296
25100 3.29327
25200 3.29357
25300 3.29386
25400 3.29414
25500 3.2944
25600 3.29465
25700 3.29489
25800 3.29512
25900 3.29534
26000 3.29555
26000 3.29555
26100 3.29575
26200 3.29594
26300 3.29612
26400 3.29629
26500 3.29646
26600 3.29662
26618 3.29665
26618 3.29665
26624 3.29497
26624 3.29497
26626 3.29214
26626 3.29214
26626 3.29214
26626 3.29214
26700 3.2924
26800 3.29274
26900 3.29306
27000 3.29338
27000 3.29338
27100 3.29367
27200 3.29396
27300 3.29423
27400 3.29449
27500 3.29473
27600 3.29497
27700 3.2952
27800 3.29541
27900 3.29562
28000 3.29581
28000 3.29581
28100 3.296
28200 3.29618
28300 3.29635
28400 3.29652
28500 3.29667
28600 3.29682
28666 3.29692
28666 3.29692
28672 3.29523
28672 3.29523
28674 3.29218
28674 3.29218
28674 3.29218
28674 3.29218
28700 3.29227
28800 3.29262
28900 3.29295
29000 3.29327
29000 3.29327
29100 3.29357
29200 3.29386
29300 3.29413
29400 3.2944
29500 3.29465
29600 3.29489
29700 3.29512
29800 3.29534
29900 3.29554
30000 3.29574
30000 3.29574
30082 3.2959
30082 3.2959
30082 3.2959
30082 3.2959
30082 3.2959
30086 3.28286
30086 3.28286
30087 3.28281
30087 3.28281
30088 3.28144
30088 3.28144
30088 3.28144
30088 3.28144
30100 3.28154
30200 3.28236
30300 3.28316
30400 3.28391
30500 3.28463
30600 3.28532
30700 3.28598
30714 3.28607
30714 3.28607
30720 3.28443
30720 3.28443
30722 3.28161
30722 3.28161
30722 3.28161
30722 3.28161
30800 3.28226
30900 3.28306
31000 3.28382
31000 3.28382
31100 3.28454
31200 3.28524
31300 3.2859
31400 3.28653
31500 3.28713
31600 3.28771
31700 3.28826
31800 3.28879
31900 3.28929
32000 3.28977
32000 3.28977
32100 3.29023
32200 3.29067
32300 3.29109
32400 3.29149
32500 3.29187
32600 3.29223
32700 3.29258
32762 3.29279
32762 3.29279
32768 3.29112
32768 3.29112
32770 3.28791
32770 3.28791
32770 3.28791
32770 3.28791
32800 3.28808
32900 3.28861
33000 3.28912
33000 3.28912
33100 3.28961
33200 3.29008
33300 3.29052
33400 3.29095
33500 3.29135
33600 3.29174
33700 3.29211
33800 3.29246
33900 3.2928
34000 3.29313
34000 3.29313
34100 3.29343
34200 3.29373
34300 3.29401
34400 3.29428
34500 3.29453
34600 3.29478
34700 3.29501
34800 3.29524
34810 3.29526
34810 3.29526
34816 3.29358
34816 3.29358
34900 3.29383
35000 3.2941
35000 3.2941
35100 3.29437
35200 3.29462
35300 3.29486
35400 3.29509
35500 3.29531
35600 3.29552
35700 3.29572
35800 3.29592
35900 3.2961
36000 3.29627
36000 3.29627
36100 3.29644
36200 3.2966
36300 3.29675
36400 3.2969
36500 3.29704
36600 3.29717
36700 3.2973
36800 3.29742
36858 3.29749
36858 3.29749
36864 3.2958
36864 3.2958
36866 3.29275
36866 3.29275
36866 3.29275
36866 3.29275
36900 3.29286
37000 3.29318
37000 3.29318
37100 3.29349
37200 3.29378
37300 3.29406
37400 3.29432
37500 3.29458
37600 3.29482
37700 3.29505
37800 3.29528
37900 3.29549
38000 3.29569
38000 3.29569
38100 3.29588
38200 3.29607
38300 3.29624
38400 3.29641
38500 3.29657
38600 3.29673
38700 3.29687
38800 3.29701
38900 3.29715
38906 3.29716
38906 3.29716
38912 3.29547
38912 3.29547
38914 3.29264
38914 3.29264
38914 3.29264
38914 3.29264
39000 3.29293
39000 3.29293
39100 3.29324
39200 3.29355
39300 3.29384
39400 3.29411
39500 3.29438
39600 3.29463
39700 3.29487
39800 3.2951
39900 3.29532
40000 3.29553
40000 3.29553
40082 3.2957
40082 3.2957
40082 3.2957
40082 3.2957
40082 3.2957
40086 3.28265
40086 3.28265
40087 3.28261
40087 3.28261
40088 3.28123
40088 3.28123
40088 3.28123
40088 3.28123
40100 3.28133
40200 3.28217
40300 3.28297
40400 3.28373
40500 3.28446
40600 3.28516
40700 3.28583
40800 3.28646
40900 3.28707
40954 3.28739
40954 3.28739
40960 3.28574
40960 3.28574
40962 3.28254
40962 3.28254
40962 3.28254
40962 3.28254
41000 3.28283
41000 3.28283
41100 3.2836
41200 3.28434
41300 3.28504
41400 3.28571
41500 3.28636
41600 3.28697
41700 3.28755
41800 3.28811
41900 3.28864
42000 3.28915
42000 3.28915
42100 3.28964
42200 3.2901
42300 3.29055
42400 3.29097
42500 3.29138
42600 3.29176
42700 3.29213
42800 3.29249
42900 3.29282
43000 3.29315
43000 3.29315
43002 3.29315
43002 3.29315
43008 3.29148
43008 3.29148
43100 3.29184
43200 3.2922
43300 3.29255
43400 3.29289
43500 3.2932
43600 3.29351
43700 3.2938
43800 3.29408
43900 3.29434
