0 3.03099
0 3.0306
0 3.0306
2 3.01192
2 3.01192
100 2.83945
200 2.67409
300 2.5195
400 2.37497
500 2.23986
600 2.11354
700 1.99545
800 1.88505
900 1.78184
900 1.78184
900 1.78184
1000 1.7911
1000 1.7911
1100 1.80031
1200 1.80946
1300 1.81856
1400 1.8276
1500 1.83659
1600 1.84552
1700 1.85439
1800 1.86322
1900 1.87198
2000 1.8807
2000 1.8807
2100 1.88936
2200 1.89797
2300 1.90653
2400 1.91503
2500 1.92348
2600 1.93188
2700 1.94023
2800 1.94853
2900 1.95678
3000 1.96497
3000 1.96497
3100 1.97312
3200 1.98122
3300 1.98927
3400 1.99727
3500 2.00522
3600 2.01312
3700 2.02097
3800 2.02878
3900 2.03653
4000 2.04425
4000 2.04425
4100 2.05191
4200 2.05953
4300 2.0671
4400 2.07462
4500 2.0821
4600 2.08953
4700 2.09692
4800 2.10426
4900 2.11156
5000 2.11881
5000 2.11881
5100 2.12602
5200 2.13318
5300 2.1403
5400 2.14738
5500 2.15441
5600 2.1614
5700 2.16835
5800 2.17526
5900 2.18212
6000 2.18894
6000 2.18894
6100 2.19572
6200 2.20246
6300 2.20916
6400 2.21582
6500 2.22243
6600 2.22901
6700 2.23555
6800 2.24204
6900 2.2485
7000 2.25491
7000 2.25491
7100 2.26129
7200 2.26763
7300 2.27393
7400 2.28019
7500 2.28642
7600 2.2926
7700 2.29875
7800 2.30486
7900 2.31093
8000 2.31697
8000 2.31697
8100 2.32297
8200 2.32893
8300 2.33485
8400 2.34074
8500 2.3466
8600 2.35242
8700 2.3582
8800 2.36395
8900 2.36966
9000 2.37534
9000 2.37534
9100 2.38098
9200 2.38659
9300 2.39216
9400 2.3977
9500 2.40321
9600 2.40868
9700 2.41412
9800 2.41952
9900 2.4249
10000 2.43024
10000 2.43024
10100 2.43554
10200 2.44082
10300 2.44606
10400 2.45127
10500 2.45645
10600 2.4616
10700 2.46672
10800 2.4718
10900 2.47686
11000 2.48188
11000 2.48188
11100 2.48687
11200 2.49183
11300 2.49676
11400 2.50167
11500 2.50654
11600 2.51138
11700 2.51619
11800 2.52097
11900 2.52573
12000 2.53045
12000 2.53045
12100 2.53515
12200 2.53982
12300 2.54445
12400 2.54907
12500 2.55365
12600 2.5582
12700 2.56273
12800 2.56723
12900 2.5717
13000 2.57614
13000 2.57614
13100 2.58056
13200 2.58495
13300 2.58931
13400 2.59365
13500 2.59796
13600 2.60224
13700 2.6065
13800 2.61073
13900 2.61494
14000 2.61912
14000 2.61912
14100 2.62327
14200 2.6274
14300 2.63151
14400 2.63559
14500 2.63964
14600 2.64367
14700 2.64768
14800 2.65166
14900 2.65561
15000 2.65954
15000 2.65954
15100 2.66345
15200 2.66734
15300 2.6712
15400 2.67503
15500 2.67885
15600 2.68264
15700 2.6864
15800 2.69015
15900 2.69387
16000 2.69757
16000 2.69757
16100 2.70124
16200 2.7049
16300 2.70853
16400 2.71214
16500 2.71572
16600 2.71929
16700 2.72283
16800 2.72636
16900 2.72986
17000 2.73333
17000 2.73333
17100 2.73679
17200 2.74023
17300 2.74364
17400 2.74704
17500 2.75041
17600 2.75377
17700 2.7571
17800 2.76041
17900 2.7637
18000 2.76698
18000 2.76698
18100 2.77023
18200 2.77346
18300 2.77667
18400 2.77987
18500 2.78304
18600 2.78619
18700 2.78933
18800 2.79245
18900 2.79554
19000 2.79862
19000 2.79862
19100 2.80168
19200 2.80472
19300 2.80774
19400 2.81075
19500 2.81373
19600 2.8167
19700 2.81965
19800 2.82258
19900 2.82549
20000 2.82839
20000 2.82839
20100 2.83126
20200 2.83412
20300 2.83697
20400 2.83979
20500 2.8426
20600 2.84539
20700 2.84816
20800 2.85092
20900 2.85366
21000 2.85638
21000 2.85638
21100 2.85909
21200 2.86178
21300 2.86445
21400 2.86711
21500 2.86975
21600 2.87238
21700 2.87499
21800 2.87758
21900 2.88016
22000 2.88272
22000 2.88272
22100 2.88526
22200 2.88779
22300 2.89031
22400 2.89281
22500 2.89529
22600 2.89776
22700 2.90022
22800 2.90265
22900 2.90508
23000 2.90749
23000 2.90749
23100 2.90988
23200 2.91226
23300 2.91463
23400 2.91698
23500 2.91932
23600 2.92164
23700 2.92395
23800 2.92624
23900 2.92852
24000 2.93079
24000 2.93079
24100 2.93304
24200 2.93528
24300 2.9375
24400 2.93972
24500 2.94191
24600 2.9441
24700 2.94627
24800 2.94843
24900 2.95057
25000 2.9527
25000 2.9527
25100 2.95482
25200 2.95693
25300 2.95902
25400 2.9611
25500 2.96317
25600 2.96522
25700 2.96727
25800 2.9693
25900 2.97131
26000 2.97332
26000 2.97332
26100 2.97531
26200 2.97729
26300 2.97926
26400 2.98122
26500 2.98316
26600 2.9851
26700 2.98702
26800 2.98893
26900 2.99082
27000 2.99271
27000 2.99271
27100 2.99458
27200 2.99645
27300 2.9983
27400 3.00014
27400 3.00014
27400 3.00014
27500 2.82432
27600 2.65994
27700 2.50627
27800 2.36261
27900 2.2283
28000 2.10273
28000 2.10273
28100 1.98535
28200 1.8756
28300 1.77301
28300 1.77301
28300 1.77301
28400 1.78233
28500 1.79159
28600 1.80079
28700 1.80994
28800 1.81904
28900 1.82807
29000 1.83706
29000 1.83706
29100 1.84599
29200 1.85486
29300 1.86368
29400 1.87244
29500 1.88116
29600 1.88981
29700 1.89842
29800 1.90697
29900 1.91548
30000 1.92392
30000 1.92392
30100 1.93232
30200 1.94067
30300 1.94896
30400 1.95721
30500 1.9654
30600 1.97355
30700 1.98164
30800 1.98969
30900 1.99769
31000 2.00563
31000 2.00563
31100 2.01353
31200 2.02138
31300 2.02919
31400 2.03694
31500 2.04465
31600 2.05231
31700 2.05992
31800 2.06749
31900 2.07501
32000 2.08249
32000 2.08249
32100 2.08992
32200 2.0973
32300 2.10464
32400 2.11194
32500 2.11919
32600 2.1264
32700 2.13356
32800 2.14068
32900 2.14775
33000 2.15478
33000 2.15478
33100 2.16177
33200 2.16872
33300 2.17562
33400 2.18248
33500 2.1893
33600 2.19608
33700 2.20282
33800 2.20951
33900 2.21617
34000 2.22278
34000 2.22278
34100 2.22935
34200 2.23589
34300 2.24238
34400 2.24884
34500 2.25525
34600 2.26163
34700 2.26796
34800 2.27426
34900 2.28052
35000 2.28674
35000 2.28674
35100 2.29293
35200 2.29907
35300 2.30518
35400 2.31125
35500 2.31728
35600 2.32328
35700 2.32924
35800 2.33517
35900 2.34105
36000 2.34691
36000 2.34691
36100 2.35272
36200 2.3585
36300 2.36425
36400 2.36996
36500 2.37563
36600 2.38127
36700 2.38688
36800 2.39245
36900 2.39799
37000 2.4035
37000 2.4035
37100 2.40897
37200 2.4144
37300 2.41981
37400 2.42518
37500 2.43052
37600 2.43582
37700 2.4411
37800 2.44634
37900 2.45155
38000 2.45672
38000 2.45672
38100 2.46187
38200 2.46698
38300 2.47207
38400 2.47712
38500 2.48214
38600 2.48713
38700 2.49209
38800 2.49702
38900 2.50192
39000 2.50679
39000 2.50679
39100 2.51163
39200 2.51644
39300 2.52123
39400 2.52598
39500 2.5307
39600 2.5354
39700 2.54006
39800 2.5447
39900 2.54931
40000 2.55389
40000 2.55389
40100 2.55844
40200 2.56297
40300 2.56746
40400 2.57193
40500 2.57638
40600 2.58079
40700 2.58518
40800 2.58954
40900 2.59388
41000 2.59819
41000 2.59819
41100 2.60247
41200 2.60673
41300 2.61096
41400 2.61516
41500 2.61934
41600 2.62349
41700 2.62762
41800 2.63172
41900 2.6358
42000 2.63985
42000 2.63985
42100 2.64388
42200 2.64789
42300 2.65186
42400 2.65582
42500 2.65975
42600 2.66366
42700 2.66754
42800 2.6714
42900 2.67524
43000 2.67905
43000 2.67905
43100 2.68284
43200 2.6866
43300 2.69034
43400 2.69406
43500 2.69776
43600 2.70144
43700 2.70509
43800 2.70872
43900 2.71233
