0 3.03099
0 3.03096
0 3.03096
2 3.02984
2 3.02984
100 3.019
200 3.00793
300 2.9969
400 2.98592
500 2.97497
600 2.96406
700 2.9532
800 2.94237
900 2.93158
1000 2.92084
1000 2.92084
1100 2.91013
1200 2.89946
1300 2.88883
1400 2.87824
1500 2.86769
1600 2.85718
1700 2.8467
1800 2.83627
1900 2.82587
2000 2.81551
2000 2.81551
2048 2.81055
2048 2.81055
2050 2.80958
2050 2.80958
2100 2.80443
2200 2.79415
2300 2.78391
2400 2.7737
2500 2.76353
2600 2.7534
2700 2.74331
2800 2.73325
2900 2.72323
3000 2.71325
3000 2.71325
3100 2.7033
3200 2.69339
3300 2.68352
3400 2.67368
3500 2.66388
3600 2.65411
3700 2.64438
3800 2.63469
3900 2.62503
4000 2.6154
4000 2.6154
4096 2.6062
4096 2.6062
4098 2.60523
4098 2.60523
4100 2.60506
4200 2.59551
4300 2.58599
4400 2.57651
4500 2.56707
4502 2.56684
4502 2.56684
4504 2.5653
4504 2.5653
4504 2.56529
4504 2.56529
4505 2.56485
4505 2.56485
4505 2.56483
4505 2.56483
4506 2.56429
4506 2.56429
4506 2.56428
4506 2.56428
4507 2.56332
4507 2.56332
4600 2.55465
4700 2.54529
4800 2.53596
4900 2.52666
5000 2.5174
5000 2.5174
5100 2.50817
5200 2.49897
5300 2.48981
5400 2.48068
5500 2.47159
5600 2.46253
5700 2.4535
5800 2.44451
5900 2.43555
6000 2.42662
6000 2.42662
6100 2.41772
6144 2.41382
6144 2.41382
6146 2.41299
6146 2.41299
6146 2.41299
6146 2.41299
6200 2.41299
6300 2.41299
6400 2.41299
6500 2.41299
6600 2.41299
6700 2.41299
6800 2.41299
6900 2.41299
7000 2.41299
7000 2.41299
7100 2.41299
7200 2.41299
7300 2.41299
7400 2.41299
7500 2.41299
7600 2.41299
7700 2.41299
7800 2.41299
7900 2.41299
8000 2.41299
8000 2.41299
8100 2.41299
8186 2.41299
8186 2.41299
8192 2.41249
8192 2.41249
8194 2.41159
8194 2.41159
8194 2.41159
8194 2.41159
8200 2.41159
8300 2.41159
8400 2.41159
8500 2.41159
8600 2.41159
8700 2.41159
8800 2.41159
8900 2.41159
9000 2.41159
9000 2.41159
9100 2.41159
9200 2.41159
9300 2.41159
9400 2.41159
9500 2.41159
9600 2.41159
9700 2.41159
9800 2.41159
9900 2.41159
10000 2.41159
10000 2.41159
10082 2.41159
10082 2.41159
10082 2.41159
10082 2.41159
10082 2.41159
10086 2.40776
10086 2.40776
10087 2.40775
10087 2.40775
10088 2.40734
10088 2.40734
10088 2.40734
10088 2.40734
10100 2.40734
10200 2.40734
10234 2.40734
10234 2.40734
10240 2.40685
10240 2.40685
10242 2.40602
10242 2.40602
10242 2.40602
10242 2.40602
10300 2.40602
10400 2.40602
10500 2.40602
10600 2.40602
10700 2.40602
10800 2.40602
10900 2.40602
11000 2.40602
11000 2.40602
11100 2.40602
11200 2.40602
11300 2.40602
11400 2.40602
11500 2.40602
11600 2.40602
11700 2.40602
11800 2.40602
11900 2.40602
12000 2.40602
12000 2.40602
12100 2.40602
12200 2.40602
12282 2.40602
12282 2.40602
12288 2.40553
12288 2.40553
12290 2.40458
12290 2.40458
12290 2.40458
12290 2.40458
12300 2.40458
12400 2.40458
12500 2.40458
12600 2.40458
12700 2.40458
12800 2.40458
12900 2.40458
13000 2.40458
13000 2.40458
13100 2.40458
13200 2.40458
13300 2.40458
13400 2.40458
13500 2.40458
13600 2.40458
13700 2.40458
13800 2.40458
13900 2.40458
14000 2.40458
14000 2.40458
14100 2.40458
14200 2.40458
14300 2.40458
14330 2.40458
14330 2.40458
14336 2.40409
14336 2.40409
14400 2.40409
14500 2.40409
14600 2.40409
14700 2.40409
14800 2.40409
14900 2.40409
15000 2.40409
15000 2.40409
15100 2.40409
15200 2.40409
15300 2.40409
15400 2.40409
15500 2.40409
15600 2.40409
15700 2.40409
15800 2.40409
15900 2.40409
16000 2.40409
16000 2.40409
16100 2.40409
16200 2.40409
16300 2.40409
16378 2.40409
16378 2.40409
16384 2.40359
16384 2.40359
16386 2.4027
16386 2.4027
16386 2.4027
16386 2.4027
16400 2.4027
16500 2.4027
16600 2.4027
16700 2.4027
16800 2.4027
16900 2.4027
17000 2.4027
17000 2.4027
17100 2.4027
17200 2.4027
17300 2.4027
17400 2.4027
17500 2.4027
17600 2.4027
17700 2.4027
17800 2.4027
17900 2.4027
18000 2.4027
18000 2.4027
18100 2.4027
18200 2.4027
18300 2.4027
18400 2.4027
18426 2.4027
18426 2.4027
18432 2.40221
18432 2.40221
18434 2.40138
18434 2.40138
18434 2.40138
18434 2.40138
18500 2.40138
18600 2.40138
18700 2.40138
18800 2.40138
18900 2.40138
19000 2.40138
19000 2.40138
19100 2.40138
19200 2.40138
19300 2.40138
19400 2.40138
19500 2.40138
19600 2.40138
19700 2.40138
19800 2.40138
19900 2.40138
20000 2.40138
20000 2.40138
20082 2.40138
20082 2.40138
20082 2.40138
20082 2.40138
20082 2.40138
20086 2.39757
20086 2.39757
20087 2.39755
20087 2.39755
20088 2.39715
20088 2.39715
20088 2.39715
20088 2.39715
20100 2.39715
20200 2.39715
20300 2.39715
20400 2.39715
20474 2.39715
20474 2.39715
20480 2.39666
20480 2.39666
20482 2.39572
20482 2.39572
20482 2.39572
20482 2.39572
20500 2.39572
20600 2.39572
20700 2.39572
20800 2.39572
20900 2.39572
21000 2.39572
21000 2.39572
21100 2.39572
21200 2.39572
21300 2.39572
21400 2.39572
21500 2.39572
21600 2.39572
21700 2.39572
21800 2.39572
21900 2.39572
22000 2.39572
22000 2.39572
22100 2.39572
22200 2.39572
22300 2.39572
22400 2.39572
22500 2.39572
22522 2.39572
22522 2.39572
22528 2.39522
22528 2.39522
22600 2.39522
22700 2.39522
22800 2.39522
22900 2.39522
23000 2.39522
23000 2.39522
23100 2.39522
23200 2.39522
23300 2.39522
23400 2.39522
23500 2.39522
23600 2.39522
23700 2.39522
23800 2.39522
23900 2.39522
24000 2.39522
24000 2.39522
24100 2.39522
24200 2.39522
24300 2.39522
24400 2.39522
24500 2.39522
24570 2.39522
24570 2.39522
24576 2.39473
24576 2.39473
24578 2.39384
24578 2.39384
24578 2.39384
24578 2.39384
24600 2.39384
24700 2.39384
24800 2.39384
24900 2.39384
25000 2.39384
25000 2.39384
25100 2.39384
25200 2.39384
25300 2.39384
25400 2.39384
25500 2.39384
25600 2.39384
25700 2.39384
25800 2.39384
25900 2.39384
26000 2.39384
26000 2.39384
26100 2.39384
26200 2.39384
26300 2.39384
26400 2.39384
26500 2.39384
26600 2.39384
26618 2.39384
26618 2.39384
26624 2.39335
26624 2.39335
26626 2.39252
26626 2.39252
26626 2.39252
26626 2.39252
26700 2.39252
26800 2.39252
26900 2.39252
27000 2.39252
27000 2.39252
27100 2.39252
27200 2.39252
27300 2.39252
27400 2.39252
27500 2.39252
27600 2.39252
27700 2.39252
27800 2.39252
27900 2.39252
28000 2.39252
28000 2.39252
28100 2.39252
28200 2.39252
28300 2.39252
28400 2.39252
28500 2.39252
28600 2.39252
28666 2.39252
28666 2.39252
28672 2.39203
28672 2.39203
28674 2.39114
28674 2.39114
28674 2.39114
28674 2.39114
28700 2.39114
28800 2.39114
28900 2.39114
29000 2.39114
29000 2.39114
29100 2.39114
29200 2.39114
29300 2.39114
29400 2.39114
29500 2.39114
29600 2.39114
29700 2.39114
29800 2.39114
29900 2.39114
30000 2.39114
30000 2.39114
30082 2.39114
30082 2.39114
30082 2.39114
30082 2.39114
30082 2.39114
30086 2.38735
30086 2.38735
30087 2.38733
30087 2.38733
30088 2.38693
30088 2.38693
30088 2.38693
30088 2.38693
30100 2.38693
30200 2.38693
30300 2.38693
30400 2.38693
30500 2.38693
30600 2.38693
30700 2.38693
30714 2.38693
30714 2.38693
30720 2.38644
30720 2.38644
30722 2.38562
30722 2.38562
30722 2.38562
30722 2.38562
30800 2.38562
30900 2.38562
31000 2.38562
31000 2.38562
31100 2.38562
31200 2.38562
31300 2.38562
31400 2.38562
31500 2.38562
31600 2.38562
31700 2.38562
31800 2.38562
31900 2.38562
32000 2.38562
32000 2.38562
32100 2.38562
32200 2.38562
32300 2.38562
32400 2.38562
32500 2.38562
32600 2.38562
32700 2.38562
32762 2.38562
32762 2.38562
32768 2.38513
32768 2.38513
32770 2.38419
32770 2.38419
32770 2.38419
32770 2.38419
32800 2.38419
32900 2.38419
33000 2.38419
33000 2.38419
33100 2.38419
33200 2.38419
33300 2.38419
33400 2.38419
33500 2.38419
33600 2.38419
33700 2.38419
33800 2.38419
33900 2.38419
34000 2.38419
34000 2.38419
34100 2.38419
34200 2.38419
34300 2.38419
34400 2.38419
34500 2.38419
34600 2.38419
34700 2.38419
34800 2.38419
34810 2.38419
34810 2.38419
34816 2.3837
34816 2.3837
34900 2.3837
35000 2.3837
35000 2.3837
35100 2.3837
35200 2.3837
35300 2.3837
35400 2.3837
35500 2.3837
35600 2.3837
35700 2.3837
35800 2.3837
35900 2.3837
36000 2.3837
36000 2.3837
36100 2.3837
36200 2.3837
36300 2.3837
36400 2.3837
36500 2.3837
36600 2.3837
36700 2.3837
36800 2.3837
36858 2.3837
36858 2.3837
36864 2.38321
36864 2.38321
36866 2.38233
36866 2.38233
36866 2.38233
36866 2.38233
36900 2.38233
37000 2.38233
37000 2.38233
37100 2.38233
37200 2.38233
37300 2.38233
37400 2.38233
37500 2.38233
37600 2.38233
37700 2.38233
37800 2.38233
37900 2.38233
38000 2.38233
38000 2.38233
38100 2.38233
38200 2.38233
38300 2.38233
38400 2.38233
38500 2.38233
38600 2.38233
38700 2.38233
38800 2.38233
38900 2.38233
38906 2.38233
38906 2.38233
38912 2.38184
38912 2.38184
38914 2.38102
38914 2.38102
38914 2.38102
38914 2.38102
39000 2.38102
39000 2.38102
39100 2.38102
39200 2.38102
39300 2.38102
39400 2.38102
39500 2.38102
39600 2.38102
39700 2.38102
39800 2.38102
39900 2.38102
40000 2.38102
40000 2.38102
40082 2.38102
40082 2.38102
40082 2.38102
40082 2.38102
40082 2.38102
40086 2.37724
40086 2.37724
40087 2.37722
40087 2.37722
40088 2.37682
40088 2.37682
40088 2.37682
40088 2.37682
40100 2.37682
40200 2.37682
40300 2.37682
40400 2.37682
40500 2.37682
40600 2.37682
40700 2.37682
40800 2.37682
40900 2.37682
40954 2.37682
40954 2.37682
40960 2.37633
40960 2.37633
40962 2.3754
40962 2.3754
40962 2.3754
40962 2.3754
41000 2.3754
41000 2.3754
41100 2.3754
41200 2.3754
41300 2.3754
41400 2.3754
41500 2.3754
41600 2.3754
41700 2.3754
41800 2.3754
41900 2.3754
42000 2.3754
42000 2.3754
42100 2.3754
42200 2.3754
42300 2.3754
42400 2.3754
42500 2.3754
42600 2.3754
42700 2.3754
42800 2.3754
42900 2.3754
43000 2.3754
43000 2.3754
43002 2.3754
43002 2.3754
43008 2.37491
43008 2.37491
43100 2.37491
43200 2.37491
43300 2.37491
43400 2.37491
43500 2.37491
43600 2.37491
43700 2.37491
43800 2.37491
43900 2.37491
