0 3.03099
0 3.03093
0 3.03093
2 3.02814
2 3.02814
100 3.0024
200 2.97638
300 2.95071
400 2.9254
500 2.90043
600 2.8758
700 2.85151
800 2.82756
900 2.80393
1000 2.78062
1000 2.78062
1100 2.75763
1200 2.73496
1300 2.7126
1400 2.69054
1500 2.66878
1600 2.64733
1700 2.62616
1800 2.60529
1900 2.5847
2000 2.56439
2000 2.56439
2048 2.55474
2048 2.55474
2050 2.55261
2050 2.55261
2100 2.54265
2200 2.52292
2300 2.50345
2400 2.48426
2500 2.46532
2600 2.44665
2700 2.42823
2800 2.41006
2900 2.39214
3000 2.37447
3000 2.37447
3100 2.35704
3200 2.33984
3300 2.32288
3400 2.30616
3500 2.28966
3600 2.27339
3700 2.25734
3800 2.24151
3900 2.22589
4000 2.21049
4000 2.21049
4096 2.19591
4096 2.19591
4098 2.19398
4098 2.19398
4100 2.19371
4200 2.17875
4300 2.16399
4400 2.14944
4500 2.13509
4502 2.13474
4502 2.13474
4504 2.13163
4504 2.13163
4504 2.13161
4504 2.13161
4505 2.13076
4505 2.13076
4505 2.13073
4505 2.13073
4506 2.12968
4506 2.12968
4506 2.12965
4506 2.12965
4507 2.12771
4507 2.12771
4600 2.11475
4700 2.10087
4800 2.08718
4900 2.07368
5000 2.06036
5000 2.06036
5100 2.04723
5200 2.03427
5300 2.02149
5400 2.00889
5500 1.99646
5600 1.9842
5700 1.9721
5800 1.96017
5900 1.94841
6000 1.9368
6000 1.9368
6100 1.92536
6144 1.92037
6144 1.92037
6146 1.91885
6146 1.91885
6146 1.91885
6146 1.91885
6200 1.92227
6300 1.92858
6400 1.93486
6500 1.94111
6600 1.94734
6700 1.95353
6800 1.9597
6900 1.96584
7000 1.97195
7000 1.97195
7100 1.97804
7200 1.98409
7300 1.99012
7400 1.99612
7500 2.00209
7600 2.00804
7700 2.01396
7800 2.01985
7900 2.02571
8000 2.03155
8000 2.03155
8100 2.03736
8186 2.04236
8186 2.04236
8192 2.04163
8192 2.04163
8194 2.03986
8194 2.03986
8194 2.03986
8194 2.03986
8200 2.0402
8300 2.04597
8400 2.05171
8500 2.05743
8600 2.06312
8700 2.06879
8800 2.07443
8900 2.08004
9000 2.08563
9000 2.08563
9100 2.0912
9200 2.09673
9300 2.10224
9400 2.10773
9500 2.11319
9600 2.11863
9700 2.12404
9800 2.12943
9900 2.13479
10000 2.14013
10000 2.14013
10082 2.14452
10082 2.14452
10082 2.14452
10082 2.14452
10082 2.14452
10086 2.13625
10086 2.13625
10087 2.13622
10087 2.13622
10088 2.13538
10088 2.13538
10088 2.13538
10088 2.13538
10100 2.13601
10200 2.14135
10234 2.14317
10234 2.14317
10240 2.14237
10240 2.14237
10242 2.14063
10242 2.14063
10242 2.14063
10242 2.14063
10300 2.14372
10400 2.14901
10500 2.15429
10600 2.15953
10700 2.16476
10800 2.16996
10900 2.17513
11000 2.18029
11000 2.18029
11100 2.18542
11200 2.19052
11300 2.1956
11400 2.20066
11500 2.2057
11600 2.21071
11700 2.2157
11800 2.22067
11900 2.22561
12000 2.23053
12000 2.23053
12100 2.23543
12200 2.24031
12282 2.24431
12282 2.24431
12288 2.24343
12288 2.24343
12290 2.24135
12290 2.24135
12290 2.24135
12290 2.24135
12300 2.24182
12400 2.24666
12500 2.25149
12600 2.25629
12700 2.26107
12800 2.26583
12900 2.27057
13000 2.27528
13000 2.27528
13100 2.27998
13200 2.28465
13300 2.2893
13400 2.29393
13500 2.29854
13600 2.30313
13700 2.30769
13800 2.31224
13900 2.31676
14000 2.32127
14000 2.32127
14100 2.32575
14200 2.33021
14300 2.33466
14330 2.336
14330 2.336
14336 2.33505
14336 2.33505
14400 2.33788
14500 2.34229
14600 2.34668
14700 2.35105
14800 2.35539
14900 2.35972
15000 2.36403
15000 2.36403
15100 2.36831
15200 2.37258
15300 2.37683
15400 2.38106
15500 2.38527
15600 2.38946
15700 2.39363
15800 2.39778
15900 2.40191
16000 2.40603
16000 2.40603
16100 2.41012
16200 2.4142
16300 2.41826
16378 2.42143
16378 2.42143
16384 2.42041
16384 2.42041
16386 2.41825
16386 2.41825
16386 2.41825
16386 2.41825
16400 2.41881
16500 2.42284
16600 2.42686
16700 2.43086
16800 2.43484
16900 2.43881
17000 2.44275
17000 2.44275
17100 2.44668
17200 2.45059
17300 2.45448
17400 2.45835
17500 2.46221
17600 2.46604
17700 2.46986
17800 2.47367
17900 2.47745
18000 2.48122
18000 2.48122
18100 2.48497
18200 2.4887
18300 2.49242
18400 2.49612
18426 2.49709
18426 2.49709
18432 2.49602
18432 2.49602
18434 2.49394
18434 2.49394
18434 2.49394
18434 2.49394
18500 2.49638
18600 2.50006
18700 2.50373
18800 2.50737
18900 2.51101
19000 2.51462
19000 2.51462
19100 2.51822
19200 2.5218
19300 2.52536
19400 2.52891
19500 2.53244
19600 2.53596
19700 2.53946
19800 2.54294
19900 2.54641
20000 2.54986
20000 2.54986
20082 2.5527
20082 2.5527
20082 2.5527
20082 2.5527
20082 2.5527
20086 2.54273
20086 2.54273
20087 2.5427
20087 2.5427
20088 2.54166
20088 2.54166
20088 2.54166
20088 2.54166
20100 2.54208
20200 2.54555
20300 2.54901
20400 2.55245
20474 2.55499
20474 2.55499
20480 2.55388
20480 2.55388
20482 2.55145
20482 2.55145
20482 2.55145
20482 2.55145
20500 2.55206
20600 2.55549
20700 2.5589
20800 2.56229
20900 2.56567
21000 2.56904
21000 2.56904
21100 2.57238
21200 2.57572
21300 2.57903
21400 2.58234
21500 2.58562
21600 2.5889
21700 2.59215
21800 2.5954
21900 2.59862
22000 2.60184
22000 2.60184
22100 2.60503
22200 2.60822
22300 2.61139
22400 2.61454
22500 2.61768
22522 2.61838
22522 2.61838
22528 2.61721
22528 2.61721
22600 2.61947
22700 2.62259
22800 2.62569
22900 2.62878
23000 2.63185
23000 2.63185
23100 2.63491
23200 2.63796
23300 2.64099
23400 2.64401
23500 2.64701
23600 2.65001
23700 2.65298
23800 2.65595
23900 2.6589
24000 2.66183
24000 2.66183
24100 2.66476
24200 2.66767
24300 2.67056
24400 2.67345
24500 2.67632
24570 2.67833
24570 2.67833
24576 2.67712
24576 2.67712
24578 2.67469
24578 2.67469
24578 2.67469
24578 2.67469
24600 2.67532
24700 2.67818
24800 2.68103
24900 2.68386
25000 2.68668
25000 2.68668
25100 2.68949
25200 2.69229
25300 2.69507
25400 2.69785
25500 2.7006
25600 2.70335
25700 2.70608
25800 2.7088
25900 2.71151
26000 2.71421
26000 2.71421
26100 2.71689
26200 2.71956
26300 2.72222
26400 2.72487
26500 2.7275
26600 2.73012
26618 2.7306
26618 2.7306
26624 2.72935
26624 2.72935
26626 2.72705
26626 2.72705
26626 2.72705
26626 2.72705
26700 2.729
26800 2.73161
26900 2.73421
27000 2.73681
27000 2.73681
27100 2.73939
27200 2.74195
27300 2.74451
27400 2.74705
27500 2.74959
27600 2.75211
27700 2.75462
27800 2.75712
27900 2.7596
28000 2.76208
28000 2.76208
28100 2.76454
28200 2.767
28300 2.76944
28400 2.77187
28500 2.77429
28600 2.77669
28666 2.77829
28666 2.77829
28672 2.777
28672 2.777
28674 2.77447
28674 2.77447
28674 2.77447
28674 2.77447
28700 2.77509
28800 2.7775
28900 2.77989
29000 2.78227
29000 2.78227
29100 2.78464
29200 2.787
29300 2.78935
29400 2.79169
29500 2.79402
29600 2.79634
29700 2.79865
29800 2.80094
29900 2.80323
30000 2.8055
30000 2.8055
30082 2.80738
30082 2.80738
30082 2.80738
30082 2.80738
30082 2.80738
30086 2.79635
30086 2.79635
30087 2.79631
30087 2.79631
30088 2.79515
30088 2.79515
30088 2.79515
30088 2.79515
30100 2.79543
30200 2.79774
30300 2.80004
30400 2.80233
30500 2.80461
30600 2.80688
30700 2.80914
30714 2.80946
30714 2.80946
30720 2.80815
30720 2.80815
30722 2.80578
30722 2.80578
30722 2.80578
30722 2.80578
30800 2.80754
30900 2.8098
31000 2.81204
31000 2.81204
31100 2.81428
31200 2.8165
31300 2.81872
31400 2.82092
31500 2.82312
31600 2.8253
31700 2.82747
31800 2.82964
31900 2.83179
32000 2.83394
32000 2.83394
32100 2.83607
32200 2.8382
32300 2.84031
32400 2.84242
32500 2.84452
32600 2.8466
32700 2.84868
32762 2.84997
32762 2.84997
32768 2.84862
32768 2.84862
32770 2.84588
32770 2.84588
32770 2.84588
32770 2.84588
32800 2.8465
32900 2.84858
33000 2.85064
33000 2.85064
33100 2.8527
33200 2.85475
33300 2.85679
33400 2.85882
33500 2.86084
33600 2.86285
33700 2.86486
33800 2.86685
33900 2.86883
34000 2.87081
34000 2.87081
34100 2.87277
34200 2.87473
34300 2.87668
34400 2.87862
34500 2.88055
34600 2.88247
34700 2.88438
34800 2.88629
34810 2.88648
34810 2.88648
34816 2.88511
34816 2.88511
34900 2.88671
35000 2.8886
35000 2.8886
35100 2.89048
35200 2.89236
35300 2.89423
35400 2.89609
35500 2.89794
35600 2.89978
35700 2.90161
35800 2.90344
35900 2.90525
36000 2.90706
36000 2.90706
36100 2.90886
36200 2.91065
36300 2.91244
36400 2.91421
36500 2.91598
36600 2.91774
36700 2.91949
36800 2.92123
36858 2.92224
36858 2.92224
36864 2.92084
36864 2.92084
36866 2.91817
36866 2.91817
36866 2.91817
36866 2.91817
36900 2.91876
37000 2.92051
37000 2.92051
37100 2.92224
37200 2.92398
37300 2.9257
37400 2.92741
37500 2.92912
37600 2.93082
37700 2.93251
37800 2.93419
37900 2.93587
38000 2.93754
38000 2.93754
38100 2.9392
38200 2.94085
38300 2.94249
38400 2.94413
38500 2.94576
38600 2.94738
38700 2.949
38800 2.95061
38900 2.95221
38906 2.95231
38906 2.95231
38912 2.95088
38912 2.95088
38914 2.94838
38914 2.94838
38914 2.94838
38914 2.94838
39000 2.94976
39000 2.94976
39100 2.95136
39200 2.95296
39300 2.95455
39400 2.95613
39500 2.95771
39600 2.95928
39700 2.96084
39800 2.96239
39900 2.96394
40000 2.96548
40000 2.96548
40082 2.96674
40082 2.96674
40082 2.96674
40082 2.96674
40082 2.96674
40086 2.95505
40086 2.95505
40087 2.95501
40087 2.95501
40088 2.95378
40088 2.95378
40088 2.95378
40088 2.95378
40100 2.95397
40200 2.95555
40300 2.95713
40400 2.9587
40500 2.96026
40600 2.96182
40700 2.96337
40800 2.96491
40900 2.96645
40954 2.96728
40954 2.96728
40960 2.96584
40960 2.96584
40962 2.96297
40962 2.96297
40962 2.96297
40962 2.96297
41000 2.96355
41000 2.96355
41100 2.9651
41200 2.96663
41300 2.96816
41400 2.96968
41500 2.97119
41600 2.9727
41700 2.97419
41800 2.97569
41900 2.97717
42000 2.97865
42000 2.97865
42100 2.98012
42200 2.98159
42300 2.98305
42400 2.9845
42500 2.98594
42600 2.98738
42700 2.98881
42800 2.99024
42900 2.99166
43000 2.99307
43000 2.99307
43002 2.9931
43002 2.9931
43008 2.99165
43008 2.99165
43100 2.99295
43200 2.99435
43300 2.99575
43400 2.99715
43500 2.99854
43600 2.99992
43700 3.00129
43800 3.00266
43900 3.00402
