0 3.03099
0 3.03083
0 3.03083
2 3.02192
2 3.02192
100 2.95594
200 2.89511
300 2.84047
400 2.79137
500 2.74727
600 2.70764
700 2.67204
800 2.64006
900 2.61132
1000 2.58551
1000 2.58551
1100 2.56231
1200 2.54148
1300 2.52276
1400 2.50594
1500 2.49083
1600 2.47726
1700 2.46506
1800 2.4541
1900 2.44426
2000 2.43542
2000 2.43542
2048 2.4315
2048 2.4315
2050 2.42588
2050 2.42588
2100 2.4223
2200 2.41569
2300 2.40975
2400 2.40441
2500 2.39962
2600 2.39531
2700 2.39144
2800 2.38796
2900 2.38484
3000 2.38203
3000 2.38203
3100 2.37951
3200 2.37724
3300 2.37521
3400 2.37338
3500 2.37174
3600 2.37026
3700 2.36894
3800 2.36774
3900 2.36667
4000 2.36571
4000 2.36571
4096 2.36488
4096 2.36488
4098 2.35914
4098 2.35914
4100 2.35914
4200 2.35894
4300 2.35877
4400 2.35861
4500 2.35847
4502 2.35846
4502 2.35846
4504 2.34787
4504 2.34787
4504 2.34787
4504 2.34787
4505 2.3453
4505 2.3453
4505 2.3453
4505 2.3453
4506 2.34212
4506 2.34212
4506 2.34212
4506 2.34212
4507 2.33555
4507 2.33555
4600 2.33759
4700 2.33958
4800 2.34137
4900 2.34298
5000 2.34443
5000 2.34443
5100 2.34573
5200 2.34689
5300 2.34794
5400 2.34888
5500 2.34973
5600 2.35049
5700 2.35117
5800 2.35178
5900 2.35234
6000 2.35283
6000 2.35283
6100 2.35328
6144 2.35346
6144 2.35346
6146 2.34819
6146 2.34819
6146 2.34819
6146 2.34819
6200 2.38669
6300 2.45397
6400 2.51629
6500 2.57403
6600 2.62751
6700 2.67705
6800 2.72294
6900 2.76545
7000 2.80483
7000 2.80483
7100 2.84131
7200 2.8751
7300 2.9064
7400 2.9354
7500 2.96225
7600 2.98714
7700 3.01018
7800 3.03153
7900 3.05131
8000 3.06963
8000 3.06963
8100 3.0866
8186 3.10025
8186 3.10025
8192 3.09582
8192 3.09582
8194 3.0866
8194 3.0866
8194 3.0866
8194 3.0866
8200 3.08754
8300 3.10319
8400 3.11769
8500 3.13112
8600 3.14356
8700 3.15509
8800 3.16576
8900 3.17565
9000 3.18481
9000 3.18481
9100 3.19329
9200 3.20115
9300 3.20844
9400 3.21518
9500 3.22143
9600 3.22722
9700 3.23258
9800 3.23754
9900 3.24215
10000 3.24641
10000 3.24641
10082 3.24969
10082 3.24969
10082 3.24969
10082 3.24969
10082 3.24969
10086 3.20719
10086 3.20719
10087 3.20704
10087 3.20704
10088 3.2026
10088 3.2026
10088 3.2026
10088 3.2026
10100 3.20349
10200 3.2106
10234 3.21292
10234 3.21292
10240 3.20781
10240 3.20781
10242 3.19876
10242 3.19876
10242 3.19876
10242 3.19876
10300 3.20315
10400 3.21029
10500 3.2169
10600 3.22302
10700 3.22869
10800 3.23394
10900 3.23881
11000 3.24332
11000 3.24332
11100 3.24749
11200 3.25136
11300 3.25494
11400 3.25826
11500 3.26133
11600 3.26418
11700 3.26682
11800 3.26926
11900 3.27153
12000 3.27363
12000 3.27363
12100 3.27557
12200 3.27737
12282 3.27875
12282 3.27875
12288 3.27325
12288 3.27325
12290 3.26263
12290 3.26263
12290 3.26263
12290 3.26263
12300 3.26291
12400 3.26564
12500 3.26817
12600 3.27051
12700 3.27269
12800 3.2747
12900 3.27656
13000 3.27829
13000 3.27829
13100 3.27989
13200 3.28137
13300 3.28274
13400 3.28401
13500 3.28519
13600 3.28628
13700 3.28729
13800 3.28823
13900 3.28909
14000 3.2899
14000 3.2899
14100 3.29064
14200 3.29133
14300 3.29197
14330 3.29215
14330 3.29215
14336 3.28657
14336 3.28657
14400 3.28721
14500 3.28815
14600 3.28903
14700 3.28983
14800 3.29058
14900 3.29128
15000 3.29192
15000 3.29192
15100 3.29251
15200 3.29306
15300 3.29357
15400 3.29405
15500 3.29449
15600 3.29489
15700 3.29527
15800 3.29562
15900 3.29594
16000 3.29624
16000 3.29624
16100 3.29651
16200 3.29677
16300 3.29701
16378 3.29718
16378 3.29718
16384 3.29157
16384 3.29157
16386 3.28141
16386 3.28141
16386 3.28141
16386 3.28141
16400 3.28161
16500 3.28296
16600 3.28422
16700 3.28538
16800 3.28646
16900 3.28745
17000 3.28838
17000 3.28838
17100 3.28923
17200 3.29003
17300 3.29076
17400 3.29144
17500 3.29207
17600 3.29265
17700 3.29319
17800 3.2937
17900 3.29416
18000 3.29459
18000 3.29459
18100 3.29499
18200 3.29536
18300 3.2957
18400 3.29601
18426 3.29609
18426 3.29609
18432 3.29049
18432 3.29049
18434 3.28107
18434 3.28107
18434 3.28107
18434 3.28107
18500 3.28201
18600 3.28333
18700 3.28456
18800 3.2857
18900 3.28675
19000 3.28772
19000 3.28772
19100 3.28863
19200 3.28947
19300 3.29024
19400 3.29096
19500 3.29163
19600 3.29224
19700 3.29281
19800 3.29334
19900 3.29383
20000 3.29429
20000 3.29429
20082 3.29464
20082 3.29464
20082 3.29464
20082 3.29464
20082 3.29464
20086 3.2514
20086 3.2514
20087 3.25124
20087 3.25124
20088 3.24671
20088 3.24671
20088 3.24671
20088 3.24671
20100 3.24719
20200 3.25108
20300 3.25468
20400 3.25802
20474 3.26035
20474 3.26035
20480 3.25496
20480 3.25496
20482 3.24443
20482 3.24443
20482 3.24443
20482 3.24443
20500 3.24518
20600 3.24921
20700 3.25296
20800 3.25642
20900 3.25963
21000 3.2626
21000 3.2626
21100 3.26536
21200 3.26791
21300 3.27027
21400 3.27246
21500 3.27449
21600 3.27637
21700 3.27811
21800 3.27972
21900 3.28122
22000 3.2826
22000 3.2826
22100 3.28388
22200 3.28507
22300 3.28617
22400 3.28719
22500 3.28813
22522 3.28833
22522 3.28833
22528 3.28277
22528 3.28277
22600 3.2837
22700 3.2849
22800 3.28601
22900 3.28704
23000 3.28799
23000 3.28799
23100 3.28888
23200 3.2897
23300 3.29046
23400 3.29116
23500 3.29181
23600 3.29241
23700 3.29297
23800 3.29349
23900 3.29397
24000 3.29441
24000 3.29441
24100 3.29482
24200 3.2952
24300 3.29556
24400 3.29588
24500 3.29619
24570 3.29639
24570 3.29639
24576 3.29078
24576 3.29078
24578 3.28063
24578 3.28063
24578 3.28063
24578 3.28063
24600 3.28095
24700 3.28235
24800 3.28365
24900 3.28485
25000 3.28597
25000 3.28597
25100 3.287
25200 3.28796
25300 3.28885
25400 3.28967
25500 3.29043
25600 3.29113
25700 3.29179
25800 3.29239
25900 3.29295
26000 3.29347
26000 3.29347
26100 3.29395
26200 3.29439
26300 3.29481
26400 3.29519
26500 3.29554
26600 3.29587
26618 3.29593
26618 3.29593
26624 3.29033
26624 3.29033
26626 3.28091
26626 3.28091
26626 3.28091
26626 3.28091
26700 3.28196
26800 3.28329
26900 3.28452
27000 3.28566
27000 3.28566
27100 3.28672
27200 3.28769
27300 3.2886
27400 3.28944
27500 3.29022
27600 3.29094
27700 3.2916
27800 3.29222
27900 3.29279
28000 3.29333
28000 3.29333
28100 3.29382
28200 3.29427
28300 3.29469
28400 3.29508
28500 3.29545
28600 3.29578
28666 3.29599
28666 3.29599
28672 3.29039
28672 3.29039
28674 3.28023
28674 3.28023
28674 3.28023
28674 3.28023
28700 3.28062
28800 3.28205
28900 3.28337
29000 3.28459
29000 3.28459
29100 3.28573
29200 3.28678
29300 3.28775
29400 3.28865
29500 3.28949
29600 3.29026
29700 3.29098
29800 3.29164
29900 3.29226
30000 3.29283
30000 3.29283
30082 3.29327
30082 3.29327
30082 3.29327
30082 3.29327
30082 3.29327
30086 3.25005
30086 3.25005
30087 3.2499
30087 3.2499
30088 3.24537
30088 3.24537
30088 3.24537
30088 3.24537
30100 3.24586
30200 3.24985
30300 3.25354
30400 3.25697
30500 3.26014
30600 3.26307
30700 3.26579
30714 3.26617
30714 3.26617
30720 3.26074
30720 3.26074
30722 3.25146
30722 3.25146
30722 3.25146
30722 3.25146
30800 3.25427
30900 3.25764
31000 3.26076
31000 3.26076
31100 3.26365
31200 3.26633
31300 3.26881
31400 3.2711
31500 3.27323
31600 3.2752
31700 3.27703
31800 3.27872
31900 3.28029
32000 3.28174
32000 3.28174
32100 3.28308
32200 3.28433
32300 3.28548
32400 3.28655
32500 3.28754
32600 3.28846
32700 3.28931
32762 3.28981
32762 3.28981
32768 3.28424
32768 3.28424
32770 3.27357
32770 3.27357
32770 3.27357
32770 3.27357
32800 3.27416
32900 3.27607
33000 3.27783
33000 3.27783
33100 3.27946
33200 3.28097
33300 3.28237
33400 3.28367
33500 3.28487
33600 3.28599
33700 3.28702
33800 3.28798
33900 3.28886
34000 3.28968
34000 3.28968
34100 3.29044
34200 3.29114
34300 3.2918
34400 3.2924
34500 3.29296
34600 3.29348
34700 3.29396
34800 3.2944
34810 3.29445
34810 3.29445
34816 3.28885
34816 3.28885
34900 3.28955
35000 3.29032
35000 3.29032
35100 3.29103
35200 3.29169
35300 3.2923
35400 3.29287
35500 3.29339
35600 3.29388
35700 3.29433
35800 3.29475
35900 3.29513
36000 3.29549
36000 3.29549
36100 3.29582
36200 3.29613
36300 3.29641
36400 3.29668
36500 3.29692
36600 3.29715
36700 3.29736
36800 3.29755
36858 3.29766
36858 3.29766
36864 3.29205
36864 3.29205
36866 3.28189
36866 3.28189
36866 3.28189
36866 3.28189
36900 3.28235
37000 3.28365
37000 3.28365
37100 3.28485
37200 3.28597
37300 3.287
37400 3.28796
37500 3.28885
37600 3.28967
37700 3.29043
37800 3.29113
37900 3.29178
38000 3.29239
38000 3.29239
38100 3.29295
38200 3.29347
38300 3.29395
38400 3.29439
38500 3.29481
38600 3.29519
38700 3.29554
38800 3.29587
38900 3.29617
38906 3.29619
38906 3.29619
38912 3.29059
38912 3.29059
38914 3.28117
38914 3.28117
38914 3.28117
38914 3.28117
39000 3.28237
39000 3.28237
39100 3.28367
39200 3.28487
39300 3.28599
39400 3.28702
39500 3.28797
39600 3.28886
39700 3.28968
39800 3.29044
39900 3.29114
40000 3.2918
40000 3.2918
40082 3.2923
40082 3.2923
40082 3.2923
40082 3.2923
40082 3.2923
40086 3.2491
40086 3.2491
40087 3.24894
40087 3.24894
40088 3.24441
40088 3.24441
40088 3.24441
40088 3.24441
40100 3.24492
40200 3.24898
40300 3.25273
40400 3.25622
40500 3.25944
40600 3.26243
40700 3.2652
40800 3.26776
40900 3.27013
40954 3.27135
40954 3.27135
40960 3.2659
40960 3.2659
40962 3.25531
40962 3.25531
40962 3.25531
40962 3.25531
41000 3.25658
41000 3.25658
41100 3.25978
41200 3.26274
41300 3.26549
41400 3.26803
41500 3.27039
41600 3.27257
41700 3.27459
41800 3.27646
41900 3.27819
42000 3.2798
42000 3.2798
42100 3.28129
42200 3.28266
42300 3.28394
42400 3.28512
42500 3.28622
42600 3.28723
42700 3.28817
42800 3.28904
42900 3.28985
43000 3.2906
43000 3.2906
43002 3.29062
43002 3.29062
43008 3.28504
43008 3.28504
43100 3.28606
43200 3.28709
43300 3.28804
43400 3.28892
43500 3.28973
43600 3.29049
43700 3.29119
43800 3.29184
43900 3.29244
