0 3.03099
0 3.03093
0 3.03093
2 3.02811
2 3.02811
100 3.0011
200 2.97367
300 2.94649
400 2.91956
500 2.89288
600 2.86644
700 2.84024
800 2.81428
900 2.78856
1000 2.76307
1000 2.76307
1100 2.73782
1200 2.71279
1300 2.688
1400 2.66343
1500 2.63909
1600 2.61497
1700 2.59107
1800 2.56739
1900 2.54392
2000 2.52067
2000 2.52067
2048 2.50959
2048 2.50959
2050 2.50742
2050 2.50742
2100 2.49595
2200 2.47314
2300 2.45053
2400 2.42813
2500 2.40594
2600 2.38395
2700 2.36216
2800 2.34057
2900 2.31918
3000 2.29798
3000 2.29798
3100 2.27698
3200 2.25617
3300 2.23555
3400 2.21512
3500 2.19487
3600 2.17481
3700 2.15493
3800 2.13524
3900 2.11572
4000 2.09638
4000 2.09638
4096 2.07799
4096 2.07799
4098 2.07606
4098 2.07606
4100 2.07571
4200 2.05674
4300 2.03794
4400 2.01932
4500 2.00086
4502 2.00042
4502 2.00042
4504 1.99742
4504 1.99742
4504 1.99739
4504 1.99739
4505 1.99655
4505 1.99655
4505 1.9965
4505 1.9965
4506 1.99546
4506 1.99546
4506 1.99543
4506 1.99543
4507 1.99356
4507 1.99356
4600 1.97676
4700 1.95869
4800 1.94079
4900 1.92305
5000 1.90548
5000 1.90548
5100 1.88806
5200 1.8708
5300 1.8537
5400 1.83676
5500 1.81997
5600 1.80334
5700 1.78686
5700 1.78686
5700 1.78686
5800 1.78686
5900 1.78686
6000 1.78686
6000 1.78686
6100 1.78686
6200 1.78686
6300 1.78686
6400 1.78686
6500 1.78686
6600 1.78686
6700 1.78686
6800 1.78686
6900 1.78686
7000 1.78686
7000 1.78686
7100 1.78686
7200 1.78686
7300 1.78686
7400 1.78686
7500 1.78686
7600 1.78686
7700 1.78686
7800 1.78686
7900 1.78686
8000 1.78686
8000 1.78686
8100 1.78686
8200 1.78686
8300 1.78686
8400 1.78686
8500 1.78686
8600 1.78686
8700 1.78686
8800 1.78686
8900 1.78686
9000 1.78686
9000 1.78686
9100 1.78686
9200 1.78686
9300 1.78686
9400 1.78686
9500 1.78686
9600 1.78686
9700 1.78685
9800 1.78685
9900 1.78685
10000 1.78685
10000 1.78685
10100 1.78685
10200 1.78685
10300 1.78685
10400 1.78685
10500 1.78685
10600 1.78685
10700 1.78685
10800 1.78685
10900 1.78685
11000 1.78685
11000 1.78685
11100 1.78685
11200 1.78685
11300 1.78685
11400 1.78685
11500 1.78685
11600 1.78685
11700 1.78685
11800 1.78685
11900 1.78685
12000 1.78685
12000 1.78685
12100 1.78685
12200 1.78685
12300 1.78685
12400 1.78685
12500 1.78685
12600 1.78685
12700 1.78685
12800 1.78685
12900 1.78685
13000 1.78685
13000 1.78685
13100 1.78685
13200 1.78685
13300 1.78685
13400 1.78685
13500 1.78685
13600 1.78685
13700 1.78685
13800 1.78685
13900 1.78685
14000 1.78685
14000 1.78685
14100 1.78685
14200 1.78685
14300 1.78685
14400 1.78685
14500 1.78685
14600 1.78685
14700 1.78685
14800 1.78685
14900 1.78685
15000 1.78685
15000 1.78685
15100 1.78685
15200 1.78685
15300 1.78685
15400 1.78685
15500 1.78685
15600 1.78685
15700 1.78685
15800 1.78685
15900 1.78685
16000 1.78685
16000 1.78685
16100 1.78685
16200 1.78685
16300 1.78685
16400 1.78685
16500 1.78685
16600 1.78685
16700 1.78685
16800 1.78685
16900 1.78685
17000 1.78685
17000 1.78685
17100 1.78685
17200 1.78685
17300 1.78685
17400 1.78685
17500 1.78685
17600 1.78685
17700 1.78685
17800 1.78685
17900 1.78685
18000 1.78685
18000 1.78685
18100 1.78685
18200 1.78685
18300 1.78685
18400 1.78685
18500 1.78685
18600 1.78685
18700 1.78685
18800 1.78685
18900 1.78685
19000 1.78685
19000 1.78685
19100 1.78685
19200 1.78685
19300 1.78685
19400 1.78685
19500 1.78685
19600 1.78685
19700 1.78685
19800 1.78685
19900 1.78685
20000 1.78685
20000 1.78685
20100 1.78685
20200 1.78685
20300 1.78685
20400 1.78685
20500 1.78685
20600 1.78685
20700 1.78685
20800 1.78685
20900 1.78685
21000 1.78685
21000 1.78685
21100 1.78685
21200 1.78685
21300 1.78685
21400 1.78685
21500 1.78685
21600 1.78685
21700 1.78685
21800 1.78685
21900 1.78685
22000 1.78685
22000 1.78685
22100 1.78685
22200 1.78685
22300 1.78685
22400 1.78684
22500 1.78684
22600 1.78684
22700 1.78684
22800 1.78684
22900 1.78684
23000 1.78684
23000 1.78684
23100 1.78684
23200 1.78684
23300 1.78684
23400 1.78684
23500 1.78684
23600 1.78684
23700 1.78684
23800 1.78684
23900 1.78684
24000 1.78684
24000 1.78684
24100 1.78684
24200 1.78684
24300 1.78684
24400 1.78684
24500 1.78684
24600 1.78684
24700 1.78684
24800 1.78684
24900 1.78684
25000 1.78684
25000 1.78684
25100 1.78684
25200 1.78684
25300 1.78684
25400 1.78684
25500 1.78684
25600 1.78684
25700 1.78684
25800 1.78684
25900 1.78684
26000 1.78684
26000 1.78684
26100 1.78684
26200 1.78684
26300 1.78684
26400 1.78684
26500 1.78684
26600 1.78684
26700 1.78684
26800 1.78684
26900 1.78684
27000 1.78684
27000 1.78684
27100 1.78684
27200 1.78684
27300 1.78684
27400 1.78684
27500 1.78684
27600 1.78684
27700 1.78684
27800 1.78684
27900 1.78684
28000 1.78684
28000 1.78684
28100 1.78684
28200 1.78684
28300 1.78684
28400 1.78684
28500 1.78684
28600 1.78684
28700 1.78684
28800 1.78684
28900 1.78684
29000 1.78684
29000 1.78684
29100 1.78684
29200 1.78684
29300 1.78684
29400 1.78684
29500 1.78684
29600 1.78684
29700 1.78684
29800 1.78684
29900 1.78684
30000 1.78684
30000 1.78684
30100 1.78684
30200 1.78684
30300 1.78684
30400 1.78684
30500 1.78684
30600 1.78684
30700 1.78684
30800 1.78684
30900 1.78684
31000 1.78684
31000 1.78684
31100 1.78684
31200 1.78684
31300 1.78684
31400 1.78684
31500 1.78684
31600 1.78684
31700 1.78684
31800 1.78684
31900 1.78684
32000 1.78684
32000 1.78684
32100 1.78684
32200 1.78684
32300 1.78684
32400 1.78684
32500 1.78684
32600 1.78684
32700 1.78684
32800 1.78684
32900 1.78684
33000 1.78684
33000 1.78684
33100 1.78684
33200 1.78684
33300 1.78684
33400 1.78684
33500 1.78684
33600 1.78684
33700 1.78684
33800 1.78684
33900 1.78684
34000 1.78684
34000 1.78684
34100 1.78684
34200 1.78684
34300 1.78684
34400 1.78684
34500 1.78684
34600 1.78684
34700 1.78684
34800 1.78684
34900 1.78684
35000 1.78684
35000 1.78684
35100 1.78683
35200 1.78683
35300 1.78683
35400 1.78683
35500 1.78683
35600 1.78683
35700 1.78683
35800 1.78683
35900 1.78683
36000 1.78683
36000 1.78683
36100 1.78683
36200 1.78683
36300 1.78683
36400 1.78683
36500 1.78683
36600 1.78683
36700 1.78683
36800 1.78683
36900 1.78683
37000 1.78683
37000 1.78683
37100 1.78683
37200 1.78683
37300 1.78683
37400 1.78683
37500 1.78683
37600 1.78683
37700 1.78683
37800 1.78683
37900 1.78683
38000 1.78683
38000 1.78683
38100 1.78683
38200 1.78683
38300 1.78683
38400 1.78683
38500 1.78683
38600 1.78683
38700 1.78683
38800 1.78683
38900 1.78683
39000 1.78683
39000 1.78683
39100 1.78683
39200 1.78683
39300 1.78683
39400 1.78683
39500 1.78683
39600 1.78683
39700 1.78683
39800 1.78683
39900 1.78683
40000 1.78683
40000 1.78683
40100 1.78683
40200 1.78683
40300 1.78683
40400 1.78683
40500 1.78683
40600 1.78683
40700 1.78683
40800 1.78683
40900 1.78683
41000 1.78683
41000 1.78683
41100 1.78683
41200 1.78683
41300 1.78683
41400 1.78683
41500 1.78683
41600 1.78683
41700 1.78683
41800 1.78683
41900 1.78683
42000 1.78683
42000 1.78683
42100 1.78683
42200 1.78683
42300 1.78683
42400 1.78683
42500 1.78683
42600 1.78683
42700 1.78683
42800 1.78683
42900 1.78683
43000 1.78683
43000 1.78683
43100 1.78683
43200 1.78683
43300 1.78683
43400 1.78683
43500 1.78683
43600 1.78683
43700 1.78683
43800 1.78683
43900 1.78683
