0 3.03099
0 3.03097
0 3.03097
2 3.02986
2 3.02986
100 3.02001
200 3.00998
300 3.00003
400 2.99015
500 2.98034
600 2.9706
700 2.96094
800 2.95134
900 2.94182
1000 2.93237
1000 2.93237
1100 2.92298
1200 2.91366
1300 2.90442
1400 2.89524
1500 2.88612
1600 2.87708
1700 2.8681
1800 2.85918
1900 2.85033
2000 2.84155
2000 2.84155
2048 2.83735
2048 2.83735
2050 2.83641
2050 2.83641
2100 2.83207
2200 2.82341
2300 2.81483
2400 2.8063
2500 2.79784
2600 2.78944
2700 2.7811
2800 2.77282
2900 2.76461
3000 2.75645
3000 2.75645
3100 2.74835
3200 2.74031
3300 2.73233
3400 2.72441
3500 2.71655
3600 2.70874
3700 2.701
3800 2.6933
3900 2.68567
4000 2.67809
4000 2.67809
4096 2.67087
4096 2.67087
4098 2.66992
4098 2.66992
4100 2.66979
4200 2.66233
4300 2.65492
4400 2.64756
4500 2.64026
4502 2.64009
4502 2.64009
4504 2.63854
4504 2.63854
4504 2.63853
4504 2.63853
4505 2.63811
4505 2.63811
4505 2.63809
4505 2.63809
4506 2.63757
4506 2.63757
4506 2.63756
4506 2.63756
4507 2.63659
4507 2.63659
4600 2.62994
4700 2.62277
4800 2.61565
4900 2.60858
5000 2.60157
5000 2.60157
5100 2.5946
5200 2.58769
5300 2.58083
5400 2.57401
5500 2.56725
5600 2.56054
5700 2.55388
5800 2.54726
5900 2.5407
6000 2.53418
6000 2.53418
6100 2.52771
6144 2.52487
6144 2.52487
6146 2.52406
6146 2.52406
6146 2.52406
6146 2.52406
6200 2.5256
6300 2.52844
6400 2.53127
6500 2.53408
6600 2.53689
6700 2.53969
6800 2.54248
6900 2.54526
7000 2.54802
7000 2.54802
7100 2.55078
7200 2.55353
7300 2.55626
7400 2.55899
7500 2.56171
7600 2.56441
7700 2.56711
7800 2.5698
7900 2.57247
8000 2.57514
8000 2.57514
8100 2.5778
8186 2.58009
8186 2.58009
8192 2.57971
8192 2.57971
8194 2.57881
8194 2.57881
8194 2.57881
8194 2.57881
8200 2.57896
8300 2.5816
8400 2.58424
8500 2.58686
8600 2.58948
8700 2.59208
8800 2.59468
8900 2.59726
9000 2.59984
9000 2.59984
9100 2.60241
9200 2.60496
9300 2.60751
9400 2.61005
9500 2.61258
9600 2.6151
9700 2.61761
9800 2.62011
9900 2.62261
10000 2.62509
10000 2.62509
10082 2.62714
10082 2.62714
10082 2.62714
10082 2.62714
10082 2.62714
10086 2.62307
10086 2.62307
10087 2.62306
10087 2.62306
10088 2.62264
10088 2.62264
10088 2.62264
10088 2.62264
10100 2.62294
10200 2.62542
10234 2.62627
10234 2.62627
10240 2.62587
10240 2.62587
10242 2.62502
10242 2.62502
10242 2.62502
10242 2.62502
10300 2.62645
10400 2.62892
10500 2.63138
10600 2.63383
10700 2.63628
10800 2.63871
10900 2.64113
11000 2.64355
11000 2.64355
11100 2.64596
11200 2.64835
11300 2.65074
11400 2.65312
11500 2.65549
11600 2.65786
11700 2.66021
11800 2.66256
11900 2.66489
12000 2.66722
12000 2.66722
12100 2.66954
12200 2.67185
12282 2.67375
12282 2.67375
12288 2.67333
12288 2.67333
12290 2.67234
12290 2.67234
12290 2.67234
12290 2.67234
12300 2.67256
12400 2.67486
12500 2.67715
12600 2.67944
12700 2.68171
12800 2.68398
12900 2.68624
13000 2.68849
13000 2.68849
13100 2.69073
13200 2.69296
13300 2.69519
13400 2.69741
13500 2.69962
13600 2.70182
13700 2.70401
13800 2.7062
13900 2.70837
14000 2.71054
14000 2.71054
14100 2.7127
14200 2.71486
14300 2.717
14330 2.71765
14330 2.71765
14336 2.71721
14336 2.71721
14400 2.71858
14500 2.72071
14600 2.72284
14700 2.72495
14800 2.72706
14900 2.72916
15000 2.73126
15000 2.73126
15100 2.73334
15200 2.73542
15300 2.73749
15400 2.73955
15500 2.74161
15600 2.74365
15700 2.74569
15800 2.74772
15900 2.74975
16000 2.75177
16000 2.75177
16100 2.75378
16200 2.75578
16300 2.75777
16378 2.75933
16378 2.75933
16384 2.75888
16384 2.75888
16386 2.7579
16386 2.7579
16386 2.7579
16386 2.7579
16400 2.75817
16500 2.76016
16600 2.76214
16700 2.76411
16800 2.76607
16900 2.76803
17000 2.76998
17000 2.76998
17100 2.77193
17200 2.77386
17300 2.77579
17400 2.77771
17500 2.77963
17600 2.78153
17700 2.78344
17800 2.78533
17900 2.78722
18000 2.7891
18000 2.7891
18100 2.79097
18200 2.79284
18300 2.7947
18400 2.79655
18426 2.79704
18426 2.79704
18432 2.79657
18432 2.79657
18434 2.79564
18434 2.79564
18434 2.79564
18434 2.79564
18500 2.79686
18600 2.7987
18700 2.80054
18800 2.80237
18900 2.8042
19000 2.80602
19000 2.80602
19100 2.80783
19200 2.80963
19300 2.81143
19400 2.81322
19500 2.815
19600 2.81678
19700 2.81855
19800 2.82032
19900 2.82208
20000 2.82383
20000 2.82383
20082 2.82527
20082 2.82527
20082 2.82527
20082 2.82527
20082 2.82527
20086 2.82086
20086 2.82086
20087 2.82085
20087 2.82085
20088 2.82039
20088 2.82039
20088 2.82039
20088 2.82039
20100 2.8206
20200 2.82236
20300 2.82411
20400 2.82585
20474 2.82715
20474 2.82715
20480 2.82667
20480 2.82667
20482 2.8256
20482 2.8256
20482 2.8256
20482 2.8256
20500 2.82591
20600 2.82764
20700 2.82938
20800 2.8311
20900 2.83282
21000 2.83453
21000 2.83453
21100 2.83624
21200 2.83794
21300 2.83963
21400 2.84132
21500 2.843
21600 2.84468
21700 2.84635
21800 2.84801
21900 2.84967
22000 2.85132
22000 2.85132
22100 2.85296
22200 2.8546
22300 2.85624
22400 2.85786
22500 2.85948
22522 2.85985
22522 2.85985
22528 2.85935
22528 2.85935
22600 2.86051
22700 2.86213
22800 2.86373
22900 2.86533
23000 2.86692
23000 2.86692
23100 2.86851
23200 2.87009
23300 2.87167
23400 2.87324
23500 2.8748
23600 2.87636
23700 2.87792
23800 2.87946
23900 2.88101
24000 2.88254
24000 2.88254
24100 2.88407
24200 2.8856
24300 2.88712
24400 2.88863
24500 2.89014
24570 2.8912
24570 2.8912
24576 2.89069
24576 2.89069
24578 2.88965
24578 2.88965
24578 2.88965
24578 2.88965
24600 2.88998
24700 2.89148
24800 2.89298
24900 2.89447
25000 2.89596
25000 2.89596
25100 2.89744
25200 2.89891
25300 2.90038
25400 2.90185
25500 2.90331
25600 2.90476
25700 2.90621
25800 2.90765
25900 2.90909
26000 2.91053
26000 2.91053
26100 2.91195
26200 2.91338
26300 2.91479
26400 2.91621
26500 2.91761
26600 2.91902
26618 2.91927
26618 2.91927
26624 2.91875
26624 2.91875
26626 2.91778
26626 2.91778
26626 2.91778
26626 2.91778
26700 2.91881
26800 2.92021
26900 2.9216
27000 2.92299
27000 2.92299
27100 2.92437
27200 2.92575
27300 2.92712
27400 2.92849
27500 2.92985
27600 2.93121
27700 2.93256
27800 2.93391
27900 2.93525
28000 2.93659
28000 2.93659
28100 2.93792
28200 2.93925
28300 2.94057
28400 2.94189
28500 2.9432
28600 2.94451
28666 2.94537
28666 2.94537
28672 2.94484
28672 2.94484
28674 2.94378
28674 2.94378
28674 2.94378
28674 2.94378
28700 2.94411
28800 2.94542
28900 2.94672
29000 2.94801
29000 2.94801
29100 2.9493
29200 2.95059
29300 2.95187
29400 2.95315
29500 2.95442
29600 2.95568
29700 2.95695
29800 2.9582
29900 2.95946
30000 2.96071
30000 2.96071
30082 2.96174
30082 2.96174
30082 2.96174
30082 2.96174
30082 2.96174
30086 2.95709
30086 2.95709
30087 2.95707
30087 2.95707
30088 2.95658
30088 2.95658
30088 2.95658
30088 2.95658
30100 2.95674
30200 2.95799
30300 2.95925
30400 2.9605
30500 2.96174
30600 2.96298
30700 2.96422
30714 2.96439
30714 2.96439
30720 2.96386
30720 2.96386
30722 2.96286
30722 2.96286
30722 2.96286
30722 2.96286
30800 2.96382
30900 2.96506
31000 2.96628
31000 2.96628
31100 2.96751
31200 2.96873
31300 2.96994
31400 2.97115
31500 2.97236
31600 2.97356
31700 2.97475
31800 2.97595
31900 2.97713
32000 2.97832
32000 2.97832
32100 2.9795
32200 2.98067
32300 2.98184
32400 2.98301
32500 2.98417
32600 2.98533
32700 2.98648
32762 2.9872
32762 2.9872
32768 2.98665
32768 2.98665
32770 2.98551
32770 2.98551
32770 2.98551
32770 2.98551
32800 2.98585
32900 2.987
33000 2.98815
33000 2.98815
33100 2.98929
33200 2.99043
33300 2.99157
33400 2.9927
33500 2.99383
33600 2.99495
33700 2.99607
33800 2.99718
33900 2.99829
34000 2.9994
34000 2.9994
34100 3.0005
34200 3.0016
34300 3.00269
34400 3.00378
34500 3.00487
34600 3.00595
34700 3.00703
34800 3.0081
34810 3.00821
34810 3.00821
34816 3.00766
34816 3.00766
34900 3.00856
35000 3.00962
35000 3.00962
35100 3.01069
35200 3.01175
35300 3.01281
35400 3.01386
35500 3.01491
35600 3.01595
35700 3.017
35800 3.01803
35900 3.01907
36000 3.0201
36000 3.0201
36100 3.02112
36200 3.02214
36300 3.02316
36400 3.02418
36500 3.02519
36600 3.0262
36700 3.0272
36800 3.0282
36858 3.02878
36858 3.02878
36864 3.02822
36864 3.02822
36866 3.02711
36866 3.02711
36866 3.02711
36866 3.02711
36900 3.02745
37000 3.02845
37000 3.02845
37100 3.02945
37200 3.03044
37300 3.03143
37400 3.03241
37500 3.03339
37600 3.03437
37700 3.03534
37800 3.03631
37900 3.03728
38000 3.03824
38000 3.03824
38100 3.0392
38200 3.04016
38300 3.04111
38400 3.04206
38500 3.04301
38600 3.04395
38700 3.04489
38800 3.04582
38900 3.04676
38906 3.04682
38906 3.04682
38912 3.04624
38912 3.04624
38914 3.04521
38914 3.04521
38914 3.04521
38914 3.04521
39000 3.04601
39000 3.04601
39100 3.04695
39200 3.04787
39300 3.0488
39400 3.04972
39500 3.05064
39600 3.05155
39700 3.05246
39800 3.05337
39900 3.05427
40000 3.05517
40000 3.05517
40082 3.05592
40082 3.05592
40082 3.05592
40082 3.05592
40082 3.05592
40086 3.0511
40086 3.0511
40087 3.05109
40087 3.05109
40088 3.05058
40088 3.05058
40088 3.05058
40088 3.05058
40100 3.05069
40200 3.0516
40300 3.05252
40400 3.05342
40500 3.05433
40600 3.05523
40700 3.05612
40800 3.05702
40900 3.05791
40954 3.05839
40954 3.05839
40960 3.05781
40960 3.05781
40962 3.05664
40962 3.05664
40962 3.05664
40962 3.05664
41000 3.05697
41000 3.05697
41100 3.05786
41200 3.05875
41300 3.05964
41400 3.06052
41500 3.0614
41600 3.06227
41700 3.06314
41800 3.06401
41900 3.06488
42000 3.06574
42000 3.06574
42100 3.0666
42200 3.06745
42300 3.0683
42400 3.06915
42500 3.07
42600 3.07084
42700 3.07168
42800 3.07252
42900 3.07335
43000 3.07419
43000 3.07419
43002 3.07421
43002 3.07421
43008 3.07362
43008 3.07362
43100 3.07438
43200 3.07521
43300 3.07604
43400 3.07686
43500 3.07768
43600 3.07849
43700 3.0793
43800 3.08011
43900 3.08092
