0 3.03099
0 3.03077
0 3.03077
2 3.01391
2 3.01391
100 2.93443
200 2.87775
300 2.83849
400 2.8113
500 2.79247
600 2.77943
700 2.7704
800 2.76414
900 2.75981
1000 2.75681
1000 2.75681
1100 2.75473
1200 2.75329
1300 2.75229
1400 2.7516
1500 2.75112
1600 2.75079
1700 2.75056
1800 2.7504
1900 2.75029
2000 2.75022
2000 2.75022
2048 2.75019
2048 2.75019
2050 2.7379
2050 2.7379
2100 2.73993
2200 2.74304
2300 2.7452
2400 2.74669
2500 2.74772
2600 2.74843
2700 2.74893
2800 2.74927
2900 2.74951
3000 2.74968
3000 2.74968
3100 2.74979
3200 2.74987
3300 2.74992
3400 2.74996
3500 2.74999
3600 2.75
3700 2.75002
3800 2.75003
3900 2.75003
4000 2.75004
4000 2.75004
4096 2.75004
4096 2.75004
4098 2.73679
4098 2.73679
4100 2.73688
4200 2.74093
4300 2.74373
4400 2.74567
4500 2.74702
4502 2.74704
4502 2.74704
4504 2.72249
4504 2.72249
4504 2.72251
4504 2.72251
4505 2.71662
4505 2.71662
4505 2.71666
4505 2.71666
4506 2.70941
4506 2.70941
4506 2.70943
4506 2.70943
4507 2.69439
4507 2.69439
4600 2.71038
4700 2.72257
4800 2.73102
4900 2.73687
5000 2.74092
5000 2.74092
5100 2.74372
5200 2.74567
5300 2.74701
5400 2.74795
5500 2.74859
5600 2.74904
5700 2.74935
5800 2.74956
5900 2.74971
6000 2.74981
6000 2.74981
6100 2.74989
6144 2.74991
6144 2.74991
6146 2.73762
6146 2.73762
6146 2.73762
6146 2.73762
6200 2.82324
6300 2.94895
6400 3.04152
6500 3.10967
6600 3.15986
6700 3.19681
6800 3.22402
6900 3.24405
7000 3.2588
7000 3.2588
7100 3.26967
7200 3.27766
7300 3.28355
7400 3.28789
7500 3.29108
7600 3.29343
7700 3.29516
7800 3.29644
7900 3.29738
8000 3.29807
8000 3.29807
8100 3.29858
8186 3.29891
8186 3.29891
8192 3.28776
8192 3.28776
8194 3.2676
8194 3.2676
8194 3.2676
8194 3.2676
8200 3.26817
8300 3.27656
8400 3.28274
8500 3.28729
8600 3.29064
8700 3.29311
8800 3.29492
8900 3.29626
9000 3.29725
9000 3.29725
9100 3.29797
9200 3.29851
9300 3.2989
9400 3.29919
9500 3.2994
9600 3.29956
9700 3.29967
9800 3.29976
9900 3.29982
10000 3.29987
10000 3.29987
10082 3.2999
10082 3.2999
10082 3.2999
10082 3.2999
10082 3.2999
10086 3.21423
10086 3.21423
10087 3.21396
10087 3.21396
10088 3.2052
10088 3.2052
10088 3.2052
10088 3.2052
10100 3.2086
10200 3.2327
10234 3.23942
10234 3.23942
10240 3.22948
10240 3.22948
10242 3.21148
10242 3.21148
10242 3.21148
10242 3.21148
10300 3.22587
10400 3.24541
10500 3.25981
10600 3.2704
10700 3.27821
10800 3.28395
10900 3.28818
11000 3.2913
11000 3.2913
11100 3.29359
11200 3.29528
11300 3.29652
11400 3.29744
11500 3.29811
11600 3.29861
11700 3.29898
11800 3.29925
11900 3.29944
12000 3.29959
12000 3.29959
12100 3.2997
12200 3.29978
12282 3.29983
12282 3.29983
12288 3.28866
12288 3.28866
12290 3.2674
12290 3.2674
12290 3.2674
12290 3.2674
12300 3.26835
12400 3.27669
12500 3.28284
12600 3.28736
12700 3.29069
12800 3.29315
12900 3.29495
13000 3.29628
13000 3.29628
13100 3.29726
13200 3.29798
13300 3.29851
13400 3.29891
13500 3.29919
13600 3.2994
13700 3.29956
13800 3.29968
13900 3.29976
14000 3.29982
14000 3.29982
14100 3.29987
14200 3.2999
14300 3.29993
14330 3.29993
14330 3.29993
14336 3.28876
14336 3.28876
14400 3.29076
14500 3.2932
14600 3.29499
14700 3.29631
14800 3.29728
14900 3.298
15000 3.29852
15000 3.29852
15100 3.29891
15200 3.2992
15300 3.29941
15400 3.29956
15500 3.29968
15600 3.29976
15700 3.29982
15800 3.29987
15900 3.2999
16000 3.29993
16000 3.29993
16100 3.29995
16200 3.29996
16300 3.29997
16378 3.29998
16378 3.29998
16384 3.2888
16384 3.2888
16386 3.26863
16386 3.26863
16386 3.26863
16386 3.26863
16400 3.26993
16500 3.27786
16600 3.2837
16700 3.28799
16800 3.29116
16900 3.29349
17000 3.29521
17000 3.29521
17100 3.29647
17200 3.2974
17300 3.29808
17400 3.29859
17500 3.29896
17600 3.29923
17700 3.29943
17800 3.29958
17900 3.29969
18000 3.29977
18000 3.29977
18100 3.29983
18200 3.29988
18300 3.29991
18400 3.29993
18426 3.29994
18426 3.29994
18432 3.28876
18432 3.28876
18434 3.27005
18434 3.27005
18434 3.27005
18434 3.27005
18500 3.27553
18600 3.28198
18700 3.28673
18800 3.29023
18900 3.2928
19000 3.2947
19000 3.2947
19100 3.2961
19200 3.29713
19300 3.29788
19400 3.29844
19500 3.29885
19600 3.29915
19700 3.29938
19800 3.29954
19900 3.29966
20000 3.29975
20000 3.29975
20082 3.2998
20082 3.2998
20082 3.2998
20082 3.2998
20082 3.2998
20086 3.21414
20086 3.21414
20087 3.21387
20087 3.21387
20088 3.20511
20088 3.20511
20088 3.20511
20088 3.20511
20100 3.20851
20200 3.23263
20300 3.2504
20400 3.26347
20474 3.27091
20474 3.27091
20480 3.26033
20480 3.26033
20482 3.23946
20482 3.23946
20482 3.23946
20482 3.23946
20500 3.24265
20600 3.25777
20700 3.2689
20800 3.2771
20900 3.28314
21000 3.28758
21000 3.28758
21100 3.29086
21200 3.29327
21300 3.29504
21400 3.29635
21500 3.29731
21600 3.29802
21700 3.29854
21800 3.29892
21900 3.29921
22000 3.29942
22000 3.29942
22100 3.29957
22200 3.29968
22300 3.29976
22400 3.29983
22500 3.29987
22522 3.29988
22522 3.29988
22528 3.28871
22528 3.28871
22600 3.29094
22700 3.29333
22800 3.29509
22900 3.29638
23000 3.29734
23000 3.29734
23100 3.29804
23200 3.29855
23300 3.29893
23400 3.29921
23500 3.29942
23600 3.29957
23700 3.29968
23800 3.29977
23900 3.29983
24000 3.29987
24000 3.29987
24100 3.2999
24200 3.29993
24300 3.29995
24400 3.29996
24500 3.29997
24570 3.29997
24570 3.29997
24576 3.2888
24576 3.2888
24578 3.26863
24578 3.26863
24578 3.26863
24578 3.26863
24600 3.27066
24700 3.27839
24800 3.28409
24900 3.28828
25000 3.29137
25000 3.29137
25100 3.29365
25200 3.29532
25300 3.29655
25400 3.29746
25500 3.29813
25600 3.29862
25700 3.29898
25800 3.29925
25900 3.29945
26000 3.29959
26000 3.29959
26100 3.2997
26200 3.29978
26300 3.29984
26400 3.29988
26500 3.29991
26600 3.29993
26618 3.29994
26618 3.29994
26624 3.28876
26624 3.28876
26626 3.27005
26626 3.27005
26626 3.27005
26626 3.27005
26700 3.27612
26800 3.28242
26900 3.28705
27000 3.29047
27000 3.29047
27100 3.29298
27200 3.29483
27300 3.29619
27400 3.29719
27500 3.29793
27600 3.29848
27700 3.29888
27800 3.29917
27900 3.29939
28000 3.29955
28000 3.29955
28100 3.29967
28200 3.29975
28300 3.29982
28400 3.29987
28500 3.2999
28600 3.29993
28666 3.29994
28666 3.29994
28672 3.28877
28672 3.28877
28674 3.2686
28674 3.2686
28674 3.2686
28674 3.2686
28700 3.27098
28800 3.27863
28900 3.28427
29000 3.28841
29000 3.28841
29100 3.29147
29200 3.29372
29300 3.29537
29400 3.29659
29500 3.29749
29600 3.29815
29700 3.29864
29800 3.299
29900 3.29926
30000 3.29945
30000 3.29945
30082 3.29958
30082 3.29958
30082 3.29958
30082 3.29958
30082 3.29958
30086 3.21392
30086 3.21392
30087 3.21365
30087 3.21365
30088 3.20489
30088 3.20489
30088 3.20489
30088 3.20489
30100 3.2083
30200 3.23248
30300 3.25028
30400 3.26339
30500 3.27304
30600 3.28015
30700 3.28538
30714 3.28601
30714 3.28601
30720 3.27513
30720 3.27513
30722 3.25658
30722 3.25658
30722 3.25658
30722 3.25658
30800 3.2658
30900 3.27481
31000 3.28145
31000 3.28145
31100 3.28634
31200 3.28994
31300 3.29259
31400 3.29455
31500 3.29598
31600 3.29704
31700 3.29782
31800 3.29839
31900 3.29882
32000 3.29913
32000 3.29913
32100 3.29936
32200 3.29953
32300 3.29965
32400 3.29974
32500 3.29981
32600 3.29986
32700 3.29989
32762 3.29991
32762 3.29991
32768 3.28874
32768 3.28874
32770 3.26748
32770 3.26748
32770 3.26748
32770 3.26748
32800 3.27031
32900 3.27813
33000 3.2839
33000 3.2839
33100 3.28814
33200 3.29127
33300 3.29357
33400 3.29526
33500 3.29651
33600 3.29743
33700 3.29811
33800 3.29861
33900 3.29897
34000 3.29924
34000 3.29924
34100 3.29944
34200 3.29959
34300 3.2997
34400 3.29978
34500 3.29983
34600 3.29988
34700 3.29991
34800 3.29993
34810 3.29993
34810 3.29993
34816 3.28876
34816 3.28876
34900 3.29131
35000 3.2936
35000 3.2936
35100 3.29529
35200 3.29653
35300 3.29744
35400 3.29812
35500 3.29861
35600 3.29898
35700 3.29925
35800 3.29944
35900 3.29959
36000 3.2997
36000 3.2997
36100 3.29978
36200 3.29983
36300 3.29988
36400 3.29991
36500 3.29993
36600 3.29995
36700 3.29996
36800 3.29997
36858 3.29998
36858 3.29998
36864 3.2888
36864 3.2888
36866 3.26863
36866 3.26863
36866 3.26863
36866 3.26863
36900 3.27172
37000 3.27917
37000 3.27917
37100 3.28466
37200 3.28871
37300 3.29168
37400 3.29388
37500 3.29549
37600 3.29668
37700 3.29755
37800 3.2982
37900 3.29867
38000 3.29902
38000 3.29902
38100 3.29928
38200 3.29947
38300 3.29961
38400 3.29971
38500 3.29979
38600 3.29984
38700 3.29988
38800 3.29991
38900 3.29993
38906 3.29994
38906 3.29994
38912 3.28876
38912 3.28876
38914 3.27005
38914 3.27005
38914 3.27005
38914 3.27005
39000 3.27698
39000 3.27698
39100 3.28305
39200 3.28752
39300 3.29081
39400 3.29323
39500 3.29502
39600 3.29633
39700 3.2973
39800 3.29801
39900 3.29853
40000 3.29892
40000 3.29892
40082 3.29916
40082 3.29916
40082 3.29916
40082 3.29916
40082 3.29916
40086 3.21352
40086 3.21352
40087 3.21325
40087 3.21325
40088 3.20449
40088 3.20449
40088 3.20449
40088 3.20449
40100 3.20792
40200 3.2322
40300 3.25007
40400 3.26324
40500 3.27293
40600 3.28007
40700 3.28532
40800 3.28919
40900 3.29204
40954 3.29326
40954 3.29326
40960 3.28223
40960 3.28223
40962 3.26105
40962 3.26105
40962 3.26105
40962 3.26105
41000 3.2653
41000 3.2653
41100 3.27445
41200 3.28118
41300 3.28614
41400 3.2898
41500 3.29249
41600 3.29447
41700 3.29592
41800 3.297
41900 3.29779
42000 3.29837
42000 3.29837
42100 3.2988
42200 3.29912
42300 3.29935
42400 3.29952
42500 3.29964
42600 3.29974
42700 3.29981
42800 3.29986
42900 3.29989
43000 3.29992
43000 3.29992
43002 3.29992
43002 3.29992
43008 3.28875
43008 3.28875
43100 3.29151
43200 3.29375
43300 3.2954
43400 3.29661
43500 3.2975
43600 3.29816
43700 3.29864
43800 3.299
43900 3.29926
