0 3.03099
0 3.03088
0 3.03088
2 3.02536
2 3.02536
100 2.97694
200 2.92909
300 2.88297
400 2.8385
500 2.79565
600 2.75433
700 2.71451
800 2.67613
900 2.63912
1000 2.60346
1000 2.60346
1100 2.56907
1200 2.53593
1300 2.50399
1400 2.47319
1500 2.44351
1600 2.4149
1700 2.38731
1800 2.36073
1900 2.3351
2000 2.3104
2000 2.3104
2048 2.29886
2048 2.29886
2050 2.29527
2050 2.29527
2100 2.28354
2200 2.2607
2300 2.23868
2400 2.21745
2500 2.19699
2600 2.17727
2700 2.15826
2800 2.13993
2900 2.12226
3000 2.10524
3000 2.10524
3100 2.08882
3200 2.073
3300 2.05775
3400 2.04305
3500 2.02888
3600 2.01522
3700 2.00205
3800 1.98935
3900 1.97712
4000 1.96533
4000 1.96533
4096 1.9544
4096 1.9544
4098 1.95132
4098 1.95132
4100 1.95112
4200 1.94026
4300 1.9298
4400 1.91971
4500 1.90999
4502 1.90976
4502 1.90976
4504 1.90445
4504 1.90445
4504 1.90444
4504 1.90444
4505 1.90308
4505 1.90308
4505 1.90306
4505 1.90306
4506 1.90139
4506 1.90139
4506 1.90137
4506 1.90137
4507 1.89807
4507 1.89807
4600 1.88981
4700 1.88117
4800 1.87284
4900 1.8648
5000 1.85706
5000 1.85706
5100 1.8496
5200 1.8424
5300 1.83546
5400 1.82878
5500 1.82234
5600 1.81612
5700 1.81014
5800 1.80436
5900 1.7988
5900 1.7988
5900 1.7988
6000 1.82612
6000 1.82612
6100 1.85294
6200 1.87927
6300 1.90513
6400 1.93051
6500 1.95543
6600 1.9799
6700 2.00392
6800 2.02751
6900 2.05066
7000 2.0734
7000 2.0734
7100 2.09572
7200 2.11764
7300 2.13915
7400 2.16028
7500 2.18102
7600 2.20138
7700 2.22137
7800 2.241
7900 2.26027
8000 2.27919
8000 2.27919
8100 2.29777
8200 2.31601
8300 2.33391
8400 2.35149
8500 2.36876
8600 2.3857
8700 2.40234
8800 2.41867
8900 2.43471
9000 2.45046
9000 2.45046
9100 2.46592
9200 2.4811
9300 2.496
9400 2.51063
9500 2.52499
9600 2.5391
9700 2.55294
9800 2.56654
9900 2.57989
10000 2.59299
10000 2.59299
10100 2.60586
10200 2.61849
10300 2.63089
10400 2.64307
10500 2.65502
10600 2.66676
10700 2.67828
10800 2.68959
10900 2.7007
11000 2.71161
11000 2.71161
11100 2.72232
11200 2.73283
11300 2.74315
11400 2.75328
11500 2.76323
11600 2.773
11700 2.78259
11800 2.792
11900 2.80125
12000 2.81032
12000 2.81032
12100 2.81924
12200 2.82798
12300 2.83657
12400 2.84501
12500 2.85329
12600 2.86142
12700 2.8694
12800 2.87723
12900 2.88493
13000 2.89248
13000 2.89248
13100 2.89989
13200 2.90718
13300 2.91432
13400 2.92134
13500 2.92823
13600 2.935
13700 2.94164
13800 2.94816
13900 2.95456
14000 2.96085
14000 2.96085
14100 2.96702
14200 2.97308
14300 2.97903
14400 2.98487
14500 2.9906
14600 2.99623
14700 3.00176
14700 3.00176
14700 3.00176
14800 2.95302
14900 2.90603
15000 2.86074
15000 2.86074
15100 2.81708
15200 2.77499
15300 2.73442
15400 2.69532
15500 2.65763
15600 2.62129
15700 2.58627
15800 2.5525
15900 2.51996
16000 2.48859
16000 2.48859
16100 2.45835
16200 2.4292
16300 2.40111
16384 2.37829
16384 2.37829
16386 2.37425
16386 2.37425
16386 2.37425
16386 2.37425
16400 2.37659
16500 2.39339
16600 2.40989
16700 2.42609
16800 2.44199
16900 2.45761
17000 2.47294
17000 2.47294
17100 2.48799
17200 2.50276
17300 2.51727
17400 2.53151
17500 2.5455
17600 2.55923
17700 2.57271
17800 2.58594
17900 2.59894
18000 2.6117
18000 2.6117
18100 2.62422
18200 2.63652
18300 2.64859
18400 2.66045
18426 2.66354
18426 2.66354
18432 2.66146
18432 2.66146
18434 2.65712
18434 2.65712
18434 2.65712
18434 2.65712
18500 2.66486
18600 2.67642
18700 2.68777
18800 2.69891
18900 2.70985
19000 2.72058
19000 2.72058
19100 2.73113
19200 2.74148
19300 2.75164
19400 2.76162
19500 2.77142
19600 2.78104
19700 2.79048
19800 2.79975
19900 2.80886
20000 2.8178
20000 2.8178
20082 2.82506
20082 2.82506
20082 2.82506
20082 2.82506
20082 2.82506
20086 2.80309
20086 2.80309
20087 2.80302
20087 2.80302
20088 2.80075
20088 2.80075
20088 2.80075
20088 2.80075
20100 2.80184
20200 2.8109
20300 2.8198
20400 2.82854
20474 2.83494
20474 2.83494
20480 2.83251
20480 2.83251
20482 2.82716
20482 2.82716
20482 2.82716
20482 2.82716
20500 2.8287
20600 2.83727
20700 2.84569
20800 2.85396
20900 2.86208
21000 2.87005
21000 2.87005
21100 2.87787
21200 2.88555
21300 2.89309
21400 2.9005
21500 2.90777
21600 2.91491
21700 2.92191
21800 2.92879
21900 2.93555
22000 2.94218
22000 2.94218
22100 2.94869
22200 2.95508
22300 2.96136
22400 2.96752
22500 2.97357
22522 2.97491
22522 2.97491
22528 2.9722
22528 2.9722
22600 2.9765
22700 2.98239
22800 2.98817
22900 2.99384
23000 2.99942
23000 2.99942
23100 3.00489
23200 3.01026
23300 3.01553
23400 3.0207
23500 3.02579
23600 3.03078
23700 3.03568
23800 3.04049
23900 3.04521
24000 3.04984
24000 3.04984
24100 3.0544
24200 3.05887
24300 3.06325
24400 3.06756
24500 3.07179
24570 3.07472
24570 3.07472
24576 3.0718
24576 3.0718
24578 3.06619
24578 3.06619
24578 3.06619
24578 3.06619
24600 3.06713
24700 3.07136
24800 3.07552
24900 3.07961
25000 3.08362
25000 3.08362
25100 3.08756
25200 3.09142
25300 3.09522
25400 3.09894
25500 3.1026
25600 3.10619
25700 3.10972
25800 3.11318
25900 3.11658
26000 3.11992
26000 3.11992
26100 3.1232
26200 3.12641
26300 3.12957
26400 3.13267
26500 3.13572
26600 3.13871
26618 3.13925
26618 3.13925
26624 3.1362
26624 3.1362
26626 3.13086
26626 3.13086
26626 3.13086
26626 3.13086
26700 3.13314
26800 3.13618
26900 3.13916
27000 3.14209
27000 3.14209
27100 3.14496
27200 3.14778
27300 3.15055
27400 3.15327
27500 3.15594
27600 3.15856
27700 3.16113
27800 3.16366
27900 3.16614
28000 3.16858
28000 3.16858
28100 3.17097
28200 3.17332
28300 3.17562
28400 3.17789
28500 3.18011
28600 3.18229
28666 3.18372
28666 3.18372
28672 3.18057
28672 3.18057
28674 3.17471
28674 3.17471
28674 3.17471
28674 3.17471
28700 3.17531
28800 3.17758
28900 3.1798
29000 3.18199
29000 3.18199
29100 3.18414
29200 3.18625
29300 3.18832
29400 3.19035
29500 3.19234
29600 3.1943
29700 3.19622
29800 3.19811
29900 3.19997
30000 3.20179
30000 3.20179
30082 3.20327
30082 3.20327
30082 3.20327
30082 3.20327
30082 3.20327
30086 3.17801
30086 3.17801
30087 3.17792
30087 3.17792
30088 3.17526
30088 3.17526
30088 3.17526
30088 3.17526
30100 3.17553
30200 3.1778
30300 3.18002
30400 3.1822
30500 3.18435
30600 3.18645
30700 3.18852
30714 3.18881
30714 3.18881
30720 3.18566
30720 3.18566
30722 3.18022
30722 3.18022
30722 3.18022
30722 3.18022
30800 3.18192
30900 3.18407
31000 3.18618
31000 3.18618
31100 3.18825
31200 3.19028
31300 3.19228
31400 3.19424
31500 3.19616
31600 3.19805
31700 3.19991
31800 3.20173
31900 3.20351
32000 3.20527
32000 3.20527
32100 3.20699
32200 3.20869
32300 3.21035
32400 3.21198
32500 3.21358
32600 3.21515
32700 3.2167
32762 3.21765
32762 3.21765
32768 3.21443
32768 3.21443
32770 3.20818
32770 3.20818
32770 3.20818
32770 3.20818
32800 3.20867
32900 3.21034
33000 3.21197
33000 3.21197
33100 3.21357
33200 3.21514
33300 3.21669
33400 3.2182
33500 3.21969
33600 3.22115
33700 3.22259
33800 3.22399
33900 3.22538
34000 3.22673
34000 3.22673
34100 3.22807
34200 3.22938
34300 3.23066
34400 3.23192
34500 3.23316
34600 3.23438
34700 3.23557
34800 3.23674
34810 3.23686
34810 3.23686
34816 3.23361
34816 3.23361
34900 3.23463
35000 3.23582
35000 3.23582
35100 3.23698
35200 3.23813
35300 3.23926
35400 3.24036
35500 3.24145
35600 3.24251
35700 3.24356
35800 3.24458
35900 3.24559
36000 3.24658
36000 3.24658
36100 3.24755
36200 3.24851
36300 3.24944
36400 3.25036
36500 3.25127
36600 3.25215
36700 3.25302
36800 3.25388
36858 3.25437
36858 3.25437
36864 3.25108
36864 3.25108
36866 3.24507
36866 3.24507
36866 3.24507
36866 3.24507
36900 3.24541
37000 3.2464
37000 3.2464
37100 3.24737
37200 3.24833
37300 3.24927
37400 3.25019
37500 3.2511
37600 3.25199
37700 3.25286
37800 3.25372
37900 3.25456
38000 3.25539
38000 3.25539
38100 3.2562
38200 3.257
38300 3.25778
38400 3.25855
38500 3.2593
38600 3.26004
38700 3.26077
38800 3.26148
38900 3.26218
38906 3.26223
38906 3.26223
38912 3.25892
38912 3.25892
38914 3.25333
38914 3.25333
38914 3.25333
38914 3.25333
39000 3.25406
39000 3.25406
39100 3.25489
39200 3.25571
39300 3.25652
39400 3.25731
39500 3.25809
39600 3.25885
39700 3.2596
39800 3.26033
39900 3.26106
40000 3.26176
40000 3.26176
40082 3.26234
40082 3.26234
40082 3.26234
40082 3.26234
40082 3.26234
40086 3.23657
40086 3.23657
40087 3.23648
40087 3.23648
40088 3.23376
40088 3.23376
40088 3.23376
40088 3.23376
40100 3.2339
40200 3.2351
40300 3.23628
40400 3.23744
40500 3.23858
40600 3.2397
40700 3.2408
40800 3.24187
40900 3.24293
40954 3.2435
40954 3.2435
40960 3.24023
40960 3.24023
40962 3.23391
40962 3.23391
40962 3.23391
40962 3.23391
41000 3.23437
41000 3.23437
41100 3.23556
41200 3.23673
41300 3.23789
41400 3.23902
41500 3.24013
41600 3.24121
41700 3.24228
41800 3.24333
41900 3.24436
42000 3.24538
42000 3.24538
42100 3.24637
42200 3.24735
42300 3.2483
42400 3.24924
42500 3.25017
42600 3.25107
42700 3.25196
42800 3.25284
42900 3.2537
43000 3.25454
43000 3.25454
43002 3.25456
43002 3.25456
43008 3.25127
43008 3.25127
43100 3.25209
43200 3.25296
43300 3.25381
43400 3.25465
43500 3.25548
43600 3.25629
43700 3.25708
43800 3.25786
43900 3.25863
