0 3.03099
0 3.02981
0 3.02981
2 2.97402
2 2.97402
100 2.48608
200 2.06901
300 1.72191
300 1.72191
300 1.72191
400 1.72191
500 1.72191
600 1.72191
700 1.7219
800 1.7219
900 1.7219
1000 1.7219
1000 1.7219
1100 1.7219
1200 1.7219
1300 1.72189
1400 1.72189
1500 1.72189
1600 1.72189
1700 1.72189
1800 1.72189
1900 1.72189
2000 1.72188
2000 1.72188
2100 1.72188
2200 1.72188
2300 1.72188
2400 1.72188
2500 1.72188
2600 1.72187
2700 1.72187
2800 1.72187
2900 1.72187
3000 1.72187
3000 1.72187
3100 1.72187
3200 1.72187
3300 1.72186
3400 1.72186
3500 1.72186
3600 1.72186
3700 1.72186
3800 1.72186
3900 1.72186
4000 1.72185
4000 1.72185
4100 1.72185
4200 1.72185
4300 1.72185
4400 1.72185
4500 1.72185
4600 1.72184
4700 1.72184
4800 1.72184
4900 1.72184
5000 1.72184
5000 1.72184
5100 1.72184
5200 1.72184
5300 1.72183
5400 1.72183
5500 1.72183
5600 1.72183
5700 1.72183
5800 1.72183
5900 1.72182
6000 1.72182
6000 1.72182
6100 1.72182
6200 1.72182
6300 1.72182
6400 1.72182
6500 1.72182
6600 1.72181
6700 1.72181
6800 1.72181
6900 1.72181
7000 1.72181
7000 1.72181
7100 1.72181
7200 1.72181
7300 1.7218
7400 1.7218
7500 1.7218
7600 1.7218
7700 1.7218
7800 1.7218
7900 1.72179
8000 1.72179
8000 1.72179
8100 1.72179
8200 1.72179
8300 1.72179
8400 1.72179
8500 1.72179
8600 1.72178
8700 1.72178
8800 1.72178
8900 1.72178
9000 1.72178
9000 1.72178
9100 1.72178
9200 1.72177
9300 1.72177
9400 1.72177
9500 1.72177
9600 1.72177
9700 1.72177
9800 1.72177
9900 1.72176
10000 1.72176
10000 1.72176
10100 1.72176
10200 1.72176
10300 1.72176
10400 1.72176
10500 1.72176
10600 1.72175
10700 1.72175
10800 1.72175
10900 1.72175
11000 1.72175
11000 1.72175
11100 1.72175
11200 1.72174
11300 1.72174
11400 1.72174
11500 1.72174
11600 1.72174
11700 1.72174
11800 1.72174
11900 1.72173
12000 1.72173
12000 1.72173
12100 1.72173
12200 1.72173
12300 1.72173
12400 1.72173
12500 1.72173
12600 1.72172
12700 1.72172
12800 1.72172
12900 1.72172
13000 1.72172
13000 1.72172
13100 1.72172
13200 1.72171
13300 1.72171
13400 1.72171
13500 1.72171
13600 1.72171
13700 1.72171
13800 1.72171
13900 1.7217
14000 1.7217
14000 1.7217
14100 1.7217
14200 1.7217
14300 1.7217
14400 1.7217
14500 1.72169
14600 1.72169
14700 1.72169
14800 1.72169
14900 1.72169
15000 1.72169
15000 1.72169
15100 1.72169
15200 1.72168
15300 1.72168
15400 1.72168
15500 1.72168
15600 1.72168
15700 1.72168
15800 1.72168
15900 1.72167
16000 1.72167
16000 1.72167
16100 1.72167
16200 1.72167
16300 1.72167
16400 1.72167
16500 1.72166
16600 1.72166
16700 1.72166
16800 1.72166
16900 1.72166
17000 1.72166
17000 1.72166
17100 1.72166
17200 1.72165
17300 1.72165
17400 1.72165
17500 1.72165
17600 1.72165
17700 1.72165
17800 1.72164
17900 1.72164
18000 1.72164
18000 1.72164
18100 1.72164
18200 1.72164
18300 1.72164
18400 1.72164
18500 1.72163
18600 1.72163
18700 1.72163
18800 1.72163
18900 1.72163
19000 1.72163
19000 1.72163
19100 1.72163
19200 1.72162
19300 1.72162
19400 1.72162
19500 1.72162
19600 1.72162
19700 1.72162
19800 1.72161
19900 1.72161
20000 1.72161
20000 1.72161
20100 1.72161
20200 1.72161
20300 1.72161
20400 1.72161
20500 1.7216
20600 1.7216
20700 1.7216
20800 1.7216
20900 1.7216
21000 1.7216
21000 1.7216
21100 1.72159
21200 1.72159
21300 1.72159
21400 1.72159
21500 1.72159
21600 1.72159
21700 1.72159
21800 1.72158
21900 1.72158
22000 1.72158
22000 1.72158
22100 1.72158
22200 1.72158
22300 1.72158
22400 1.72158
22500 1.72157
22600 1.72157
22700 1.72157
22800 1.72157
22900 1.72157
23000 1.72157
23000 1.72157
23100 1.72156
23200 1.72156
23300 1.72156
23400 1.72156
23500 1.72156
23600 1.72156
23700 1.72156
23800 1.72155
23900 1.72155
24000 1.72155
24000 1.72155
24100 1.72155
24200 1.72155
24300 1.72155
24400 1.72155
24500 1.72154
24600 1.72154
24700 1.72154
24800 1.72154
24900 1.72154
25000 1.72154
25000 1.72154
25100 1.72153
25200 1.72153
25300 1.72153
25400 1.72153
25500 1.72153
25600 1.72153
25700 1.72153
25800 1.72152
25900 1.72152
26000 1.72152
26000 1.72152
26100 1.72152
26200 1.72152
26300 1.72152
26400 1.72151
26500 1.72151
26600 1.72151
26700 1.72151
26800 1.72151
26900 1.72151
27000 1.72151
27000 1.72151
27100 1.7215
27200 1.7215
27300 1.7215
27400 1.7215
27500 1.7215
27600 1.7215
27700 1.7215
27800 1.72149
27900 1.72149
28000 1.72149
28000 1.72149
28100 1.72149
28200 1.72149
28300 1.72149
28400 1.72148
28500 1.72148
28600 1.72148
28700 1.72148
28800 1.72148
28900 1.72148
29000 1.72148
29000 1.72148
29100 1.72147
29200 1.72147
29300 1.72147
29400 1.72147
29500 1.72147
29600 1.72147
29700 1.72146
29800 1.72146
29900 1.72146
30000 1.72146
30000 1.72146
30100 1.72146
30200 1.72146
30300 1.72146
30400 1.72145
30500 1.72145
30600 1.72145
30700 1.72145
30800 1.72145
30900 1.72145
31000 1.72145
31000 1.72145
31100 1.72144
31200 1.72144
31300 1.72144
31400 1.72144
31500 1.72144
31600 1.72144
31700 1.72143
31800 1.72143
31900 1.72143
32000 1.72143
32000 1.72143
32100 1.72143
32200 1.72143
32300 1.72143
32400 1.72142
32500 1.72142
32600 1.72142
32700 1.72142
32800 1.72142
32900 1.72142
33000 1.72141
33000 1.72141
33100 1.72141
33200 1.72141
33300 1.72141
33400 1.72141
33500 1.72141
33600 1.72141
33700 1.7214
33800 1.7214
33900 1.7214
34000 1.7214
34000 1.7214
34100 1.7214
34200 1.7214
34300 1.7214
34400 1.72139
34500 1.72139
34600 1.72139
34700 1.72139
34800 1.72139
34900 1.72139
35000 1.72138
35000 1.72138
35100 1.72138
35200 1.72138
35300 1.72138
35400 1.72138
35500 1.72138
35600 1.72138
35700 1.72137
35800 1.72137
35900 1.72137
36000 1.72137
36000 1.72137
36100 1.72137
36200 1.72137
36300 1.72137
36400 1.72136
36500 1.72136
36600 1.72136
36700 1.72136
36800 1.72136
36900 1.72136
37000 1.72135
37000 1.72135
37100 1.72135
37200 1.72135
37300 1.72135
37400 1.72135
37500 1.72135
37600 1.72135
37700 1.72134
37800 1.72134
37900 1.72134
38000 1.72134
38000 1.72134
38100 1.72134
38200 1.72134
38300 1.72133
38400 1.72133
38500 1.72133
38600 1.72133
38700 1.72133
38800 1.72133
38900 1.72133
39000 1.72132
39000 1.72132
39100 1.72132
39200 1.72132
39300 1.72132
39400 1.72132
39500 1.72132
39600 1.72132
39700 1.72131
39800 1.72131
39900 1.72131
40000 1.72131
40000 1.72131
40100 1.72131
40200 1.72131
40300 1.7213
40400 1.7213
40500 1.7213
40600 1.7213
40700 1.7213
40800 1.7213
40900 1.7213
41000 1.72129
41000 1.72129
41100 1.72129
41200 1.72129
41300 1.72129
41400 1.72129
41500 1.72129
41600 1.72128
41700 1.72128
41800 1.72128
41900 1.72128
42000 1.72128
42000 1.72128
42100 1.72128
42200 1.72128
42300 1.72127
42400 1.72127
42500 1.72127
42600 1.72127
42700 1.72127
42800 1.72127
42900 1.72127
43000 1.72126
43000 1.72126
43100 1.72126
43200 1.72126
43300 1.72126
43400 1.72126
43500 1.72126
43600 1.72125
43700 1.72125
43800 1.72125
43900 1.72125
