0 3.03099
0 3.03096
0 3.03096
2 3.02985
2 3.02985
100 3.0195
200 3.00896
300 2.99847
400 2.98804
500 2.97767
600 2.96735
700 2.95709
800 2.94689
900 2.93674
1000 2.92665
1000 2.92665
1100 2.91662
1200 2.90663
1300 2.89671
1400 2.88684
1500 2.87702
1600 2.86726
1700 2.85755
1800 2.84789
1900 2.83829
2000 2.82874
2000 2.82874
2048 2.82418
2048 2.82418
2050 2.82322
2050 2.82322
2100 2.81848
2200 2.80904
2300 2.79965
2400 2.79032
2500 2.78103
2600 2.77179
2700 2.76261
2800 2.75348
2900 2.74439
3000 2.73536
3000 2.73536
3100 2.72637
3200 2.71744
3300 2.70855
3400 2.69971
3500 2.69093
3600 2.68219
3700 2.67349
3800 2.66485
3900 2.65625
4000 2.6477
4000 2.6477
4096 2.63954
4096 2.63954
4098 2.63858
4098 2.63858
4100 2.63843
4200 2.62998
4300 2.62157
4400 2.61321
4500 2.6049
4502 2.6047
4502 2.6047
4504 2.60316
4504 2.60316
4504 2.60315
4504 2.60315
4505 2.60272
4505 2.60272
4505 2.6027
4505 2.6027
4506 2.60217
4506 2.60217
4506 2.60216
4506 2.60216
4507 2.60119
4507 2.60119
4600 2.59359
4700 2.58539
4800 2.57723
4900 2.56911
5000 2.56104
5000 2.56104
5100 2.55301
5200 2.54503
5300 2.53709
5400 2.5292
5500 2.52134
5600 2.51354
5700 2.50577
5800 2.49805
5900 2.49037
6000 2.48273
6000 2.48273
6100 2.47513
6144 2.4718
6144 2.4718
6146 2.47098
6146 2.47098
6146 2.47098
6146 2.47098
6200 2.4718
6300 2.47332
6400 2.47484
6500 2.47635
6600 2.47786
6700 2.47937
6800 2.48088
6900 2.48238
7000 2.48388
7000 2.48388
7100 2.48538
7200 2.48687
7300 2.48836
7400 2.48985
7500 2.49134
7600 2.49282
7700 2.49431
7800 2.49578
7900 2.49726
8000 2.49873
8000 2.49873
8100 2.5002
8186 2.50147
8186 2.50147
8192 2.50104
8192 2.50104
8194 2.50014
8194 2.50014
8194 2.50014
8194 2.50014
8200 2.50023
8300 2.50169
8400 2.50316
8500 2.50462
8600 2.50608
8700 2.50754
8800 2.50899
8900 2.51044
9000 2.51189
9000 2.51189
9100 2.51334
9200 2.51478
9300 2.51622
9400 2.51766
9500 2.51909
9600 2.52053
9700 2.52196
9800 2.52339
9900 2.52481
10000 2.52623
10000 2.52623
10082 2.52741
10082 2.52741
10082 2.52741
10082 2.52741
10082 2.52741
10086 2.52346
10086 2.52346
10087 2.52344
10087 2.52344
10088 2.52303
10088 2.52303
10088 2.52303
10088 2.52303
10100 2.5232
10200 2.52463
10234 2.52512
10234 2.52512
10240 2.52468
10240 2.52468
10242 2.52384
10242 2.52384
10242 2.52384
10242 2.52384
10300 2.52466
10400 2.52608
10500 2.5275
10600 2.52892
10700 2.53034
10800 2.53175
10900 2.53316
11000 2.53457
11000 2.53457
11100 2.53597
11200 2.53737
11300 2.53877
11400 2.54017
11500 2.54156
11600 2.54295
11700 2.54434
11800 2.54573
11900 2.54711
12000 2.54849
12000 2.54849
12100 2.54987
12200 2.55125
12282 2.55238
12282 2.55238
12288 2.55193
12288 2.55193
12290 2.55097
12290 2.55097
12290 2.55097
12290 2.55097
12300 2.5511
12400 2.55247
12500 2.55385
12600 2.55521
12700 2.55658
12800 2.55794
12900 2.55931
13000 2.56067
13000 2.56067
13100 2.56202
13200 2.56338
13300 2.56473
13400 2.56608
13500 2.56742
13600 2.56877
13700 2.57011
13800 2.57145
13900 2.57279
14000 2.57412
14000 2.57412
14100 2.57545
14200 2.57678
14300 2.57811
14330 2.57851
14330 2.57851
14336 2.57806
14336 2.57806
14400 2.5789
14500 2.58023
14600 2.58155
14700 2.58287
14800 2.58418
14900 2.58549
15000 2.58681
15000 2.58681
15100 2.58811
15200 2.58942
15300 2.59072
15400 2.59203
15500 2.59332
15600 2.59462
15700 2.59592
15800 2.59721
15900 2.5985
16000 2.59978
16000 2.59978
16100 2.60107
16200 2.60235
16300 2.60363
16378 2.60463
16378 2.60463
16384 2.60417
16384 2.60417
16386 2.60323
16386 2.60323
16386 2.60323
16386 2.60323
16400 2.60341
16500 2.60468
16600 2.60596
16700 2.60723
16800 2.60851
16900 2.60977
17000 2.61104
17000 2.61104
17100 2.6123
17200 2.61357
17300 2.61483
17400 2.61608
17500 2.61734
17600 2.61859
17700 2.61984
17800 2.62109
17900 2.62233
18000 2.62358
18000 2.62358
18100 2.62482
18200 2.62606
18300 2.62729
18400 2.62853
18426 2.62885
18426 2.62885
18432 2.62838
18432 2.62838
18434 2.6275
18434 2.6275
18434 2.6275
18434 2.6275
18500 2.62832
18600 2.62955
18700 2.63078
18800 2.63201
18900 2.63323
19000 2.63446
19000 2.63446
19100 2.63568
19200 2.6369
19300 2.63811
19400 2.63933
19500 2.64054
19600 2.64175
19700 2.64296
19800 2.64416
19900 2.64537
20000 2.64657
20000 2.64657
20082 2.64756
20082 2.64756
20082 2.64756
20082 2.64756
20082 2.64756
20086 2.64341
20086 2.64341
20087 2.64339
20087 2.64339
20088 2.64296
20088 2.64296
20088 2.64296
20088 2.64296
20100 2.6431
20200 2.64431
20300 2.64551
20400 2.64671
20474 2.6476
20474 2.6476
20480 2.64713
20480 2.64713
20482 2.64612
20482 2.64612
20482 2.64612
20482 2.64612
20500 2.64633
20600 2.64753
20700 2.64873
20800 2.64992
20900 2.65111
21000 2.65231
21000 2.65231
21100 2.65349
21200 2.65468
21300 2.65586
21400 2.65705
21500 2.65823
21600 2.6594
21700 2.66058
21800 2.66175
21900 2.66292
22000 2.66409
22000 2.66409
22100 2.66526
22200 2.66642
22300 2.66759
22400 2.66875
22500 2.6699
22522 2.67016
22522 2.67016
22528 2.66968
22528 2.66968
22600 2.67051
22700 2.67167
22800 2.67282
22900 2.67397
23000 2.67512
23000 2.67512
23100 2.67627
23200 2.67741
23300 2.67855
23400 2.67969
23500 2.68083
23600 2.68197
23700 2.6831
23800 2.68423
23900 2.68536
24000 2.68649
24000 2.68649
24100 2.68762
24200 2.68874
24300 2.68986
24400 2.69098
24500 2.6921
24570 2.69288
24570 2.69288
24576 2.69239
24576 2.69239
24578 2.69142
24578 2.69142
24578 2.69142
24578 2.69142
24600 2.69166
24700 2.69278
24800 2.69389
24900 2.695
25000 2.69611
25000 2.69611
25100 2.69722
25200 2.69833
25300 2.69943
25400 2.70053
25500 2.70163
25600 2.70273
25700 2.70383
25800 2.70492
25900 2.70601
26000 2.7071
26000 2.7071
26100 2.70819
26200 2.70928
26300 2.71036
26400 2.71144
26500 2.71252
26600 2.7136
26618 2.7138
26618 2.7138
26624 2.7133
26624 2.7133
26626 2.71239
26626 2.71239
26626 2.71239
26626 2.71239
26700 2.71319
26800 2.71426
26900 2.71534
27000 2.71641
27000 2.71641
27100 2.71748
27200 2.71855
27300 2.71962
27400 2.72068
27500 2.72174
27600 2.72281
27700 2.72386
27800 2.72492
27900 2.72598
28000 2.72703
28000 2.72703
28100 2.72808
28200 2.72913
28300 2.73018
28400 2.73122
28500 2.73227
28600 2.73331
28666 2.734
28666 2.734
28672 2.7335
28672 2.7335
28674 2.7325
28674 2.7325
28674 2.7325
28674 2.7325
28700 2.73277
28800 2.73381
28900 2.73485
29000 2.73589
29000 2.73589
29100 2.73692
29200 2.73796
29300 2.73899
29400 2.74002
29500 2.74104
29600 2.74207
29700 2.74309
29800 2.74412
29900 2.74514
30000 2.74615
30000 2.74615
30082 2.74699
30082 2.74699
30082 2.74699
30082 2.74699
30082 2.74699
30086 2.74268
30086 2.74268
30087 2.74266
30087 2.74266
30088 2.74221
30088 2.74221
30088 2.74221
30088 2.74221
30100 2.74233
30200 2.74335
30300 2.74438
30400 2.7454
30500 2.74641
30600 2.74743
30700 2.74844
30714 2.74859
30714 2.74859
30720 2.74808
30720 2.74808
30722 2.74715
30722 2.74715
30722 2.74715
30722 2.74715
30800 2.74795
30900 2.74896
31000 2.74997
31000 2.74997
31100 2.75098
31200 2.75199
31300 2.75299
31400 2.754
31500 2.755
31600 2.756
31700 2.757
31800 2.75799
31900 2.75899
32000 2.75998
32000 2.75998
32100 2.76097
32200 2.76196
32300 2.76295
32400 2.76393
32500 2.76491
32600 2.7659
32700 2.76688
32762 2.76749
32762 2.76749
32768 2.76697
32768 2.76697
32770 2.76591
32770 2.76591
32770 2.76591
32770 2.76591
32800 2.7662
32900 2.76718
33000 2.76816
33000 2.76816
33100 2.76914
33200 2.77011
33300 2.77108
33400 2.77205
33500 2.77302
33600 2.77399
33700 2.77495
33800 2.77592
33900 2.77688
34000 2.77784
34000 2.77784
34100 2.7788
34200 2.77975
34300 2.78071
34400 2.78166
34500 2.78261
34600 2.78356
34700 2.78451
34800 2.78545
34810 2.78555
34810 2.78555
34816 2.78503
34816 2.78503
34900 2.78583
35000 2.78677
35000 2.78677
35100 2.78771
35200 2.78865
35300 2.78959
35400 2.79053
35500 2.79146
35600 2.79239
35700 2.79333
35800 2.79425
35900 2.79518
36000 2.79611
36000 2.79611
36100 2.79703
36200 2.79796
36300 2.79888
36400 2.7998
36500 2.80071
36600 2.80163
36700 2.80255
36800 2.80346
36858 2.80399
36858 2.80399
36864 2.80347
36864 2.80347
36866 2.80244
36866 2.80244
36866 2.80244
36866 2.80244
36900 2.80275
37000 2.80366
37000 2.80366
37100 2.80458
37200 2.80548
37300 2.80639
37400 2.8073
37500 2.8082
37600 2.8091
37700 2.81
37800 2.8109
37900 2.8118
38000 2.8127
38000 2.8127
38100 2.81359
38200 2.81448
38300 2.81537
38400 2.81626
38500 2.81715
38600 2.81804
38700 2.81892
38800 2.8198
38900 2.82068
38906 2.82074
38906 2.82074
38912 2.82021
38912 2.82021
38914 2.81926
38914 2.81926
38914 2.81926
38914 2.81926
39000 2.82002
39000 2.82002
39100 2.8209
39200 2.82178
39300 2.82265
39400 2.82353
39500 2.8244
39600 2.82528
39700 2.82615
39800 2.82702
39900 2.82788
40000 2.82875
40000 2.82875
40082 2.82946
40082 2.82946
40082 2.82946
40082 2.82946
40082 2.82946
40086 2.82501
40086 2.82501
40087 2.825
40087 2.825
40088 2.82453
40088 2.82453
40088 2.82453
40088 2.82453
40100 2.82463
40200 2.8255
40300 2.82637
40400 2.82724
40500 2.82811
40600 2.82898
40700 2.82984
40800 2.8307
40900 2.83156
40954 2.83203
40954 2.83203
40960 2.8315
40960 2.8315
40962 2.83041
40962 2.83041
40962 2.83041
40962 2.83041
41000 2.83073
41000 2.83073
41100 2.83159
41200 2.83245
41300 2.83331
41400 2.83417
41500 2.83502
41600 2.83588
41700 2.83673
41800 2.83758
41900 2.83843
42000 2.83927
42000 2.83927
42100 2.84012
42200 2.84096
42300 2.8418
42400 2.84264
42500 2.84348
42600 2.84432
42700 2.84516
42800 2.84599
42900 2.84683
43000 2.84766
43000 2.84766
43002 2.84768
43002 2.84768
43008 2.84714
43008 2.84714
43100 2.8479
43200 2.84873
43300 2.84956
43400 2.85039
43500 2.85121
43600 2.85204
43700 2.85286
43800 2.85368
43900 2.8545
