0 3.03099
0 3.03093
0 3.03093
2 3.02817
2 3.02817
100 3.0037
200 2.97906
300 2.95488
400 2.93114
500 2.90783
600 2.88494
700 2.86247
800 2.84041
900 2.81875
1000 2.79748
1000 2.79748
1100 2.7766
1200 2.7561
1300 2.73598
1400 2.71622
1500 2.69681
1600 2.67777
1700 2.65907
1800 2.64071
1900 2.62268
2000 2.60498
2000 2.60498
2048 2.5966
2048 2.5966
2050 2.5945
2050 2.5945
2100 2.58587
2200 2.56884
2300 2.55212
2400 2.53571
2500 2.51959
2600 2.50377
2700 2.48824
2800 2.47299
2900 2.45801
3000 2.44331
3000 2.44331
3100 2.42887
3200 2.4147
3300 2.40079
3400 2.38713
3500 2.37372
3600 2.36055
3700 2.34762
3800 2.33493
3900 2.32247
4000 2.31023
4000 2.31023
4096 2.29869
4096 2.29869
4098 2.29676
4098 2.29676
4100 2.29655
4200 2.28478
4300 2.27323
4400 2.26189
4500 2.25076
4502 2.2505
4502 2.2505
4504 2.24728
4504 2.24728
4504 2.24726
4504 2.24726
4505 2.24641
4505 2.24641
4505 2.24638
4505 2.24638
4506 2.24532
4506 2.24532
4506 2.24531
4506 2.24531
4507 2.2433
4507 2.2433
4600 2.23335
4700 2.22273
4800 2.21231
4900 2.20208
5000 2.19204
5000 2.19204
5100 2.18217
5200 2.17249
5300 2.16299
5400 2.15365
5500 2.14449
5600 2.13549
5700 2.12666
5800 2.11799
5900 2.10947
6000 2.10111
6000 2.10111
6100 2.09291
6144 2.08934
6144 2.08934
6146 2.08777
6146 2.08777
6146 2.08777
6146 2.08777
6200 2.09376
6300 2.10479
6400 2.11571
6500 2.12654
6600 2.13726
6700 2.14789
6800 2.15842
6900 2.16886
7000 2.1792
7000 2.1792
7100 2.18944
7200 2.19959
7300 2.20965
7400 2.21962
7500 2.22949
7600 2.23928
7700 2.24897
7800 2.25858
7900 2.2681
8000 2.27753
8000 2.27753
8100 2.28688
8186 2.29488
8186 2.29488
8192 2.29422
8192 2.29422
8194 2.2923
8194 2.2923
8194 2.2923
8194 2.2923
8200 2.29283
8300 2.30204
8400 2.31116
8500 2.3202
8600 2.32915
8700 2.33803
8800 2.34682
8900 2.35553
9000 2.36417
9000 2.36417
9100 2.37272
9200 2.3812
9300 2.3896
9400 2.39792
9500 2.40616
9600 2.41433
9700 2.42243
9800 2.43045
9900 2.4384
10000 2.44627
10000 2.44627
10082 2.45273
10082 2.45273
10082 2.45273
10082 2.45273
10082 2.45273
10086 2.44334
10086 2.44334
10087 2.44332
10087 2.44332
10088 2.44236
10088 2.44236
10088 2.44236
10088 2.44236
10100 2.4433
10200 2.45113
10234 2.45381
10234 2.45381
10240 2.45299
10240 2.45299
10242 2.45103
10242 2.45103
10242 2.45103
10242 2.45103
10300 2.45554
10400 2.46326
10500 2.47091
10600 2.47848
10700 2.48599
10800 2.49343
10900 2.50081
11000 2.50811
11000 2.50811
11100 2.51535
11200 2.52252
11300 2.52963
11400 2.53667
11500 2.54365
11600 2.55056
11700 2.55741
11800 2.5642
11900 2.57092
12000 2.57759
12000 2.57759
12100 2.58419
12200 2.59074
12282 2.59608
12282 2.59608
12288 2.59511
12288 2.59511
12290 2.59272
12290 2.59272
12290 2.59272
12290 2.59272
12300 2.59335
12400 2.59981
12500 2.60621
12600 2.61255
12700 2.61883
12800 2.62506
12900 2.63123
13000 2.63734
13000 2.63734
13100 2.6434
13200 2.6494
13300 2.65535
13400 2.66124
13500 2.66708
13600 2.67286
13700 2.6786
13800 2.68428
13900 2.6899
14000 2.69548
14000 2.69548
14100 2.70101
14200 2.70648
14300 2.71191
14330 2.71355
14330 2.71355
14336 2.71246
14336 2.71246
14400 2.7159
14500 2.72124
14600 2.72653
14700 2.73177
14800 2.73696
14900 2.74211
15000 2.74721
15000 2.74721
15100 2.75226
15200 2.75727
15300 2.76223
15400 2.76714
15500 2.77202
15600 2.77684
15700 2.78162
15800 2.78636
15900 2.79106
16000 2.79571
16000 2.79571
16100 2.80032
16200 2.80489
16300 2.80941
16378 2.81293
16378 2.81293
16384 2.81174
16384 2.81174
16386 2.80922
16386 2.80922
16386 2.80922
16386 2.80922
16400 2.80985
16500 2.81433
16600 2.81877
16700 2.82316
16800 2.82752
16900 2.83184
17000 2.83612
17000 2.83612
17100 2.84036
17200 2.84456
17300 2.84873
17400 2.85285
17500 2.85694
17600 2.86099
17700 2.865
17800 2.86898
17900 2.87292
18000 2.87682
18000 2.87682
18100 2.88069
18200 2.88452
18300 2.88832
18400 2.89208
18426 2.89307
18426 2.89307
18432 2.89179
18432 2.89179
18434 2.88938
18434 2.88938
18434 2.88938
18434 2.88938
18500 2.89186
18600 2.89559
18700 2.89929
18800 2.90295
18900 2.90658
19000 2.91017
19000 2.91017
19100 2.91374
19200 2.91727
19300 2.92077
19400 2.92423
19500 2.92767
19600 2.93107
19700 2.93444
19800 2.93778
19900 2.94109
20000 2.94438
20000 2.94438
20082 2.94706
20082 2.94706
20082 2.94706
20082 2.94706
20082 2.94706
20086 2.93552
20086 2.93552
20087 2.93549
20087 2.93549
20088 2.93428
20088 2.93428
20088 2.93428
20088 2.93428
20100 2.93468
20200 2.93802
20300 2.94133
20400 2.94461
20474 2.94703
20474 2.94703
20480 2.9457
20480 2.9457
20482 2.94289
20482 2.94289
20482 2.94289
20482 2.94289
20500 2.94347
20600 2.94672
20700 2.94995
20800 2.95315
20900 2.95632
21000 2.95946
21000 2.95946
21100 2.96258
21200 2.96566
21300 2.96872
21400 2.97175
21500 2.97475
21600 2.97772
21700 2.98066
21800 2.98358
21900 2.98648
22000 2.98934
22000 2.98934
22100 2.99218
22200 2.99499
22300 2.99778
22400 3.00054
22500 3.00328
22522 3.00389
22522 3.00389
22528 3.0025
22528 3.0025
22600 3.00446
22700 3.00716
22800 3.00984
22900 3.01249
23000 3.01512
23000 3.01512
23100 3.01772
23200 3.0203
23300 3.02286
23400 3.02539
23500 3.0279
23600 3.03039
23700 3.03286
23800 3.0353
23900 3.03772
24000 3.04011
24000 3.04011
24100 3.04249
24200 3.04484
24300 3.04718
24400 3.04949
24500 3.05178
24570 3.05338
24570 3.05338
24576 3.05194
24576 3.05194
24578 3.04915
24578 3.04915
24578 3.04915
24578 3.04915
24600 3.04965
24700 3.05194
24800 3.05421
24900 3.05646
25000 3.05868
25000 3.05868
25100 3.06089
25200 3.06307
25300 3.06524
25400 3.06738
25500 3.06951
25600 3.07162
25700 3.0737
25800 3.07577
25900 3.07782
26000 3.07985
26000 3.07985
26100 3.08187
26200 3.08386
26300 3.08583
26400 3.08779
26500 3.08973
26600 3.09165
26618 3.09201
26618 3.09201
26624 3.09053
26624 3.09053
26626 3.0879
26626 3.0879
26626 3.0879
26626 3.0879
26700 3.08934
26800 3.09126
26900 3.09317
27000 3.09506
27000 3.09506
27100 3.09694
27200 3.09879
27300 3.10063
27400 3.10245
27500 3.10426
27600 3.10605
27700 3.10782
27800 3.10958
27900 3.11132
28000 3.11304
28000 3.11304
28100 3.11475
28200 3.11644
28300 3.11812
28400 3.11978
28500 3.12143
28600 3.12306
28666 3.12414
28666 3.12414
28672 3.12263
28672 3.12263
28674 3.11976
28674 3.11976
28674 3.11976
28674 3.11976
28700 3.12019
28800 3.12183
28900 3.12346
29000 3.12507
29000 3.12507
29100 3.12667
29200 3.12826
29300 3.12983
29400 3.13138
29500 3.13292
29600 3.13445
29700 3.13596
29800 3.13746
29900 3.13895
30000 3.14042
30000 3.14042
30082 3.14163
30082 3.14163
30082 3.14163
30082 3.14163
30082 3.14163
30086 3.12924
30086 3.12924
30087 3.1292
30087 3.1292
30088 3.12789
30088 3.12789
30088 3.12789
30088 3.12789
30100 3.12808
30200 3.12965
30300 3.13121
30400 3.13275
30500 3.13428
30600 3.13579
30700 3.13729
30714 3.13751
30714 3.13751
30720 3.13598
30720 3.13598
30722 3.13331
30722 3.13331
30722 3.13331
30722 3.13331
30800 3.1345
30900 3.13602
31000 3.13751
31000 3.13751
31100 3.139
31200 3.14047
31300 3.14193
31400 3.14337
31500 3.1448
31600 3.14622
31700 3.14763
31800 3.14902
31900 3.1504
32000 3.15177
32000 3.15177
32100 3.15312
32200 3.15447
32300 3.1558
32400 3.15711
32500 3.15842
32600 3.15971
32700 3.161
32762 3.16179
32762 3.16179
32768 3.16024
32768 3.16024
32770 3.15717
32770 3.15717
32770 3.15717
32770 3.15717
32800 3.15756
32900 3.15887
33000 3.16016
33000 3.16016
33100 3.16143
33200 3.1627
33300 3.16395
33400 3.1652
33500 3.16643
33600 3.16765
33700 3.16886
33800 3.17006
33900 3.17125
34000 3.17242
34000 3.17242
34100 3.17359
34200 3.17474
34300 3.17589
34400 3.17702
34500 3.17815
34600 3.17926
34700 3.18036
34800 3.18146
34810 3.18157
34810 3.18157
34816 3.18
34816 3.18
34900 3.18092
35000 3.18201
35000 3.18201
35100 3.18309
35200 3.18416
35300 3.18522
35400 3.18627
35500 3.18731
35600 3.18834
35700 3.18936
35800 3.19037
35900 3.19137
36000 3.19236
36000 3.19236
36100 3.19335
36200 3.19432
36300 3.19529
36400 3.19624
36500 3.19719
36600 3.19813
36700 3.19906
36800 3.19998
36858 3.20052
36858 3.20052
36864 3.19893
36864 3.19893
36866 3.19598
36866 3.19598
36866 3.19598
36866 3.19598
36900 3.1963
37000 3.19725
37000 3.19725
37100 3.19819
37200 3.19912
37300 3.20004
37400 3.20095
37500 3.20186
37600 3.20276
37700 3.20364
37800 3.20453
37900 3.2054
38000 3.20626
38000 3.20626
38100 3.20712
38200 3.20797
38300 3.20881
38400 3.20964
38500 3.21047
38600 3.21129
38700 3.2121
38800 3.2129
38900 3.2137
38906 3.21375
38906 3.21375
38912 3.21214
38912 3.21214
38914 3.20939
38914 3.20939
38914 3.20939
38914 3.20939
39000 3.21011
39000 3.21011
39100 3.21093
39200 3.21174
39300 3.21255
39400 3.21335
39500 3.21414
39600 3.21492
39700 3.2157
39800 3.21647
39900 3.21724
40000 3.21799
40000 3.21799
40082 3.21861
40082 3.21861
40082 3.21861
40082 3.21861
40082 3.21861
40086 3.20589
40086 3.20589
40087 3.20584
40087 3.20584
40088 3.2045
40088 3.2045
40088 3.2045
40088 3.2045
40100 3.2046
40200 3.20547
40300 3.20634
40400 3.20719
40500 3.20804
40600 3.20888
40700 3.20972
40800 3.21054
40900 3.21136
40954 3.2118
40954 3.2118
40960 3.2102
40960 3.2102
40962 3.20707
40962 3.20707
40962 3.20707
40962 3.20707
41000 3.20739
41000 3.20739
41100 3.20824
41200 3.20908
41300 3.20991
41400 3.21073
41500 3.21155
41600 3.21236
41700 3.21316
41800 3.21395
41900 3.21474
42000 3.21552
42000 3.21552
42100 3.21629
42200 3.21705
42300 3.21781
42400 3.21856
42500 3.21931
42600 3.22005
42700 3.22078
42800 3.2215
42900 3.22222
43000 3.22293
43000 3.22293
43002 3.22295
43002 3.22295
43008 3.22133
43008 3.22133
43100 3.22199
43200 3.22271
43300 3.22341
43400 3.22411
43500 3.22481
43600 3.22549
43700 3.22617
43800 3.22685
43900 3.22752
