0 3.03099
0 3.03096
0 3.03096
2 3.02984
2 3.02984
100 3.01905
200 3.00803
300 2.99706
400 2.98613
500 2.97524
600 2.96439
700 2.95359
800 2.94283
900 2.9321
1000 2.92142
1000 2.92142
1100 2.91078
1200 2.90018
1300 2.88963
1400 2.87911
1500 2.86863
1600 2.8582
1700 2.8478
1800 2.83744
1900 2.82713
2000 2.81685
2000 2.81685
2048 2.81193
2048 2.81193
2050 2.81097
2050 2.81097
2100 2.80586
2200 2.79566
2300 2.78551
2400 2.77539
2500 2.76531
2600 2.75527
2700 2.74527
2800 2.73531
2900 2.72539
3000 2.7155
3000 2.7155
3100 2.70566
3200 2.69585
3300 2.68608
3400 2.67634
3500 2.66665
3600 2.65699
3700 2.64737
3800 2.63778
3900 2.62823
4000 2.61872
4000 2.61872
4096 2.60963
4096 2.60963
4098 2.60866
4098 2.60866
4100 2.60849
4200 2.59906
4300 2.58966
4400 2.58029
4500 2.57097
4502 2.57074
4502 2.57074
4504 2.5692
4504 2.5692
4504 2.56919
4504 2.56919
4505 2.56876
4505 2.56876
4505 2.56873
4505 2.56873
4506 2.5682
4506 2.5682
4506 2.56818
4506 2.56818
4507 2.56722
4507 2.56722
4600 2.55867
4700 2.54943
4800 2.54022
4900 2.53105
5000 2.52191
5000 2.52191
5100 2.51281
5200 2.50374
5300 2.49471
5400 2.48571
5500 2.47675
5600 2.46782
5700 2.45893
5800 2.45007
5900 2.44124
6000 2.43245
6000 2.43245
6100 2.42369
6144 2.41985
6144 2.41985
6146 2.41902
6146 2.41902
6146 2.41902
6146 2.41902
6200 2.41911
6300 2.41927
6400 2.41943
6500 2.41959
6600 2.41975
6700 2.41992
6800 2.42008
6900 2.42024
7000 2.4204
7000 2.4204
7100 2.42056
7200 2.42072
7300 2.42089
7400 2.42105
7500 2.42121
7600 2.42137
7700 2.42153
7800 2.42169
7900 2.42185
8000 2.42201
8000 2.42201
8100 2.42218
8186 2.42231
8186 2.42231
8192 2.42183
8192 2.42183
8194 2.42093
8194 2.42093
8194 2.42093
8194 2.42093
8200 2.42094
8300 2.4211
8400 2.42126
8500 2.42142
8600 2.42158
8700 2.42175
8800 2.42191
8900 2.42207
9000 2.42223
9000 2.42223
9100 2.42239
9200 2.42255
9300 2.42271
9400 2.42287
9500 2.42304
9600 2.4232
9700 2.42336
9800 2.42352
9900 2.42368
10000 2.42384
10000 2.42384
10082 2.42397
10082 2.42397
10082 2.42397
10082 2.42397
10082 2.42397
10086 2.42013
10086 2.42013
10087 2.42012
10087 2.42012
10088 2.41971
10088 2.41971
10088 2.41971
10088 2.41971
10100 2.41973
10200 2.41989
10234 2.41995
10234 2.41995
10240 2.41946
10240 2.41946
10242 2.41863
10242 2.41863
10242 2.41863
10242 2.41863
10300 2.41872
10400 2.41888
10500 2.41905
10600 2.41921
10700 2.41937
10800 2.41953
10900 2.41969
11000 2.41986
11000 2.41986
11100 2.42002
11200 2.42018
11300 2.42034
11400 2.4205
11500 2.42066
11600 2.42082
11700 2.42099
11800 2.42115
11900 2.42131
12000 2.42147
12000 2.42147
12100 2.42163
12200 2.42179
12282 2.42193
12282 2.42193
12288 2.42144
12288 2.42144
12290 2.42049
12290 2.42049
12290 2.42049
12290 2.42049
12300 2.42051
12400 2.42067
12500 2.42083
12600 2.42099
12700 2.42115
12800 2.42131
12900 2.42148
13000 2.42164
13000 2.42164
13100 2.4218
13200 2.42196
13300 2.42212
13400 2.42228
13500 2.42244
13600 2.4226
13700 2.42277
13800 2.42293
13900 2.42309
14000 2.42325
14000 2.42325
14100 2.42341
14200 2.42357
14300 2.42373
14330 2.42378
14330 2.42378
14336 2.42329
14336 2.42329
14400 2.42339
14500 2.42356
14600 2.42372
14700 2.42388
14800 2.42404
14900 2.4242
15000 2.42436
15000 2.42436
15100 2.42452
15200 2.42468
15300 2.42484
15400 2.425
15500 2.42516
15600 2.42532
15700 2.42548
15800 2.42565
15900 2.42581
16000 2.42597
16000 2.42597
16100 2.42613
16200 2.42629
16300 2.42645
16378 2.42657
16378 2.42657
16384 2.42608
16384 2.42608
16386 2.42519
16386 2.42519
16386 2.42519
16386 2.42519
16400 2.42521
16500 2.42537
16600 2.42553
16700 2.42569
16800 2.42585
16900 2.42601
17000 2.42617
17000 2.42617
17100 2.42633
17200 2.42649
17300 2.42665
17400 2.42681
17500 2.42697
17600 2.42713
17700 2.42729
17800 2.42745
17900 2.42761
18000 2.42777
18000 2.42777
18100 2.42793
18200 2.42809
18300 2.42825
18400 2.42841
18426 2.42846
18426 2.42846
18432 2.42797
18432 2.42797
18434 2.42713
18434 2.42713
18434 2.42713
18434 2.42713
18500 2.42724
18600 2.4274
18700 2.42756
18800 2.42772
18900 2.42788
19000 2.42804
19000 2.42804
19100 2.4282
19200 2.42836
19300 2.42852
19400 2.42868
19500 2.42884
19600 2.429
19700 2.42916
19800 2.42932
19900 2.42948
20000 2.42964
20000 2.42964
20082 2.42977
20082 2.42977
20082 2.42977
20082 2.42977
20082 2.42977
20086 2.42592
20086 2.42592
20087 2.42591
20087 2.42591
20088 2.4255
20088 2.4255
20088 2.4255
20088 2.4255
20100 2.42552
20200 2.42568
20300 2.42584
20400 2.426
20474 2.42612
20474 2.42612
20480 2.42563
20480 2.42563
20482 2.42468
20482 2.42468
20482 2.42468
20482 2.42468
20500 2.42471
20600 2.42487
20700 2.42503
20800 2.42519
20900 2.42536
21000 2.42552
21000 2.42552
21100 2.42568
21200 2.42584
21300 2.426
21400 2.42616
21500 2.42632
21600 2.42648
21700 2.42664
21800 2.4268
21900 2.42696
22000 2.42712
22000 2.42712
22100 2.42728
22200 2.42744
22300 2.4276
22400 2.42776
22500 2.42792
22522 2.42796
22522 2.42796
22528 2.42747
22528 2.42747
22600 2.42758
22700 2.42774
22800 2.4279
22900 2.42806
23000 2.42822
23000 2.42822
23100 2.42838
23200 2.42854
23300 2.4287
23400 2.42886
23500 2.42902
23600 2.42918
23700 2.42934
23800 2.4295
23900 2.42966
24000 2.42982
24000 2.42982
24100 2.42998
24200 2.43014
24300 2.4303
24400 2.43046
24500 2.43062
24570 2.43073
24570 2.43073
24576 2.43024
24576 2.43024
24578 2.42934
24578 2.42934
24578 2.42934
24578 2.42934
24600 2.42938
24700 2.42954
24800 2.4297
24900 2.42986
25000 2.43002
25000 2.43002
25100 2.43018
25200 2.43034
25300 2.4305
25400 2.43066
25500 2.43082
25600 2.43098
25700 2.43114
25800 2.43129
25900 2.43145
26000 2.43161
26000 2.43161
26100 2.43177
26200 2.43193
26300 2.43209
26400 2.43225
26500 2.43241
26600 2.43257
26618 2.4326
26618 2.4326
26624 2.43211
26624 2.43211
26626 2.43127
26626 2.43127
26626 2.43127
26626 2.43127
26700 2.43139
26800 2.43155
26900 2.43171
27000 2.43187
27000 2.43187
27100 2.43203
27200 2.43219
27300 2.43235
27400 2.43251
27500 2.43267
27600 2.43283
27700 2.43299
27800 2.43314
27900 2.4333
28000 2.43346
28000 2.43346
28100 2.43362
28200 2.43378
28300 2.43394
28400 2.4341
28500 2.43426
28600 2.43442
28666 2.43452
28666 2.43452
28672 2.43403
28672 2.43403
28674 2.43313
28674 2.43313
28674 2.43313
28674 2.43313
28700 2.43317
28800 2.43333
28900 2.43349
29000 2.43365
29000 2.43365
29100 2.43381
29200 2.43397
29300 2.43413
29400 2.43428
29500 2.43444
29600 2.4346
29700 2.43476
29800 2.43492
29900 2.43508
30000 2.43524
30000 2.43524
30082 2.43537
30082 2.43537
30082 2.43537
30082 2.43537
30082 2.43537
30086 2.43151
30086 2.43151
30087 2.4315
30087 2.4315
30088 2.43109
30088 2.43109
30088 2.43109
30088 2.43109
30100 2.43111
30200 2.43127
30300 2.43143
30400 2.43158
30500 2.43174
30600 2.4319
30700 2.43206
30714 2.43209
30714 2.43209
30720 2.4316
30720 2.4316
30722 2.43076
30722 2.43076
30722 2.43076
30722 2.43076
30800 2.43089
30900 2.43104
31000 2.4312
31000 2.4312
31100 2.43136
31200 2.43152
31300 2.43168
31400 2.43184
31500 2.432
31600 2.43216
31700 2.43232
31800 2.43248
31900 2.43264
32000 2.4328
32000 2.4328
32100 2.43296
32200 2.43312
32300 2.43328
32400 2.43343
32500 2.43359
32600 2.43375
32700 2.43391
32762 2.43401
32762 2.43401
32768 2.43352
32768 2.43352
32770 2.43257
32770 2.43257
32770 2.43257
32770 2.43257
32800 2.43262
32900 2.43278
33000 2.43294
33000 2.43294
33100 2.4331
33200 2.43325
33300 2.43341
33400 2.43357
33500 2.43373
33600 2.43389
33700 2.43405
33800 2.43421
33900 2.43437
34000 2.43453
34000 2.43453
34100 2.43469
34200 2.43484
34300 2.435
34400 2.43516
34500 2.43532
34600 2.43548
34700 2.43564
34800 2.4358
34810 2.43581
34810 2.43581
34816 2.43532
34816 2.43532
34900 2.43546
35000 2.43561
35000 2.43561
35100 2.43577
35200 2.43593
35300 2.43609
35400 2.43625
35500 2.43641
35600 2.43657
35700 2.43672
35800 2.43688
35900 2.43704
36000 2.4372
36000 2.4372
36100 2.43736
36200 2.43752
36300 2.43768
36400 2.43783
36500 2.43799
36600 2.43815
36700 2.43831
36800 2.43847
36858 2.43856
36858 2.43856
36864 2.43807
36864 2.43807
36866 2.43716
36866 2.43716
36866 2.43716
36866 2.43716
36900 2.43722
37000 2.43738
37000 2.43738
37100 2.43754
37200 2.43769
37300 2.43785
37400 2.43801
37500 2.43817
37600 2.43833
37700 2.43848
37800 2.43864
37900 2.4388
38000 2.43896
38000 2.43896
38100 2.43912
38200 2.43928
38300 2.43943
38400 2.43959
38500 2.43975
38600 2.43991
38700 2.44007
38800 2.44022
38900 2.44038
38906 2.44039
38906 2.44039
38912 2.4399
38912 2.4399
38914 2.43906
38914 2.43906
38914 2.43906
38914 2.43906
39000 2.4392
39000 2.4392
39100 2.43936
39200 2.43951
39300 2.43967
39400 2.43983
39500 2.43999
39600 2.44015
39700 2.4403
39800 2.44046
39900 2.44062
40000 2.44078
40000 2.44078
40082 2.44091
40082 2.44091
40082 2.44091
40082 2.44091
40082 2.44091
40086 2.43704
40086 2.43704
40087 2.43702
40087 2.43702
40088 2.43661
40088 2.43661
40088 2.43661
40088 2.43661
40100 2.43663
40200 2.43679
40300 2.43695
40400 2.43711
40500 2.43727
40600 2.43743
40700 2.43758
40800 2.43774
40900 2.4379
40954 2.43799
40954 2.43799
40960 2.4375
40960 2.4375
40962 2.43654
40962 2.43654
40962 2.43654
40962 2.43654
41000 2.4366
41000 2.4366
41100 2.43676
41200 2.43692
41300 2.43708
41400 2.43724
41500 2.4374
41600 2.43755
41700 2.43771
41800 2.43787
41900 2.43803
42000 2.43819
42000 2.43819
42100 2.43835
42200 2.4385
42300 2.43866
42400 2.43882
42500 2.43898
42600 2.43914
42700 2.43929
42800 2.43945
42900 2.43961
43000 2.43977
43000 2.43977
43002 2.43977
43002 2.43977
43008 2.43928
43008 2.43928
43100 2.43943
43200 2.43958
43300 2.43974
43400 2.4399
43500 2.44006
43600 2.44022
43700 2.44037
43800 2.44053
43900 2.44069
