0 3.03099
0 3.03061
0 3.03061
2 3.01208
2 3.01208
100 2.8482
200 2.69484
300 2.55493
400 2.42729
500 2.31085
600 2.20463
700 2.10772
800 2.01932
900 1.93867
1000 1.8651
1000 1.8651
1100 1.79798
1100 1.79798
1100 1.79798
1200 1.84326
1300 1.88718
1400 1.92976
1500 1.97107
1600 2.01113
1700 2.04998
1800 2.08767
1900 2.12421
2000 2.15966
2000 2.15966
2100 2.19403
2200 2.22737
2300 2.2597
2400 2.29106
2500 2.32148
2600 2.35098
2700 2.37958
2800 2.40733
2900 2.43424
3000 2.46034
3000 2.46034
3100 2.48565
3200 2.5102
3300 2.534
3400 2.55709
3500 2.57949
3600 2.60121
3700 2.62227
3800 2.6427
3900 2.66252
4000 2.68173
4000 2.68173
4100 2.70037
4200 2.71845
4300 2.73598
4400 2.75298
4500 2.76947
4600 2.78546
4700 2.80097
4800 2.81601
4900 2.8306
5000 2.84475
5000 2.84475
5100 2.85847
5200 2.87178
5300 2.88469
5400 2.89721
5500 2.90935
5600 2.92113
5700 2.93255
5800 2.94362
5900 2.95437
6000 2.96478
6000 2.96478
6100 2.97489
6200 2.98469
6300 2.99419
6400 3.00341
6400 3.00341
6400 3.00341
6500 2.83643
6600 2.68409
6700 2.54512
6800 2.41835
6900 2.30269
7000 2.19719
7000 2.19719
7100 2.10093
7200 2.01313
7300 1.93302
7400 1.85995
7500 1.79328
7500 1.79328
7500 1.79328
7600 1.8387
7700 1.88275
7800 1.92548
7900 1.96691
8000 2.0071
8000 2.0071
8100 2.04607
8200 2.08387
8300 2.12053
8400 2.15609
8500 2.19057
8600 2.22401
8700 2.25645
8800 2.28791
8900 2.31841
9000 2.348
9000 2.348
9100 2.3767
9200 2.40453
9300 2.43153
9400 2.45771
9500 2.4831
9600 2.50772
9700 2.53161
9800 2.55477
9900 2.57723
10000 2.59902
10000 2.59902
10100 2.62015
10200 2.64064
10300 2.66052
10400 2.6798
10500 2.69849
10600 2.71662
10700 2.73421
10800 2.75127
10900 2.76781
11000 2.78385
11000 2.78385
11100 2.79941
11200 2.8145
11300 2.82913
11400 2.84333
11500 2.85709
11600 2.87044
11700 2.88339
11800 2.89595
11900 2.90813
12000 2.91994
12000 2.91994
12100 2.9314
12200 2.94251
12300 2.95328
12400 2.96373
12500 2.97387
12600 2.9837
12700 2.99324
12800 3.00248
12800 3.00248
12800 3.00248
12900 2.83558
13000 2.68332
13000 2.68332
13100 2.54442
13200 2.4177
13300 2.30211
13400 2.19665
13500 2.10045
13600 2.01268
13700 1.93262
13800 1.85958
13900 1.79294
13900 1.79294
13900 1.79294
14000 1.83837
14000 1.83837
14100 1.88243
14200 1.92517
14300 1.96661
14400 2.00681
14500 2.04579
14600 2.0836
14700 2.12027
14800 2.15583
14900 2.19032
15000 2.22377
15000 2.22377
15100 2.25621
15200 2.28768
15300 2.31819
15400 2.34779
15500 2.37649
15600 2.40433
15700 2.43133
15800 2.45752
15900 2.48291
16000 2.50755
16000 2.50755
16100 2.53143
16200 2.5546
16300 2.57707
16400 2.59886
16500 2.62
16600 2.6405
16700 2.66038
16800 2.67966
16900 2.69836
17000 2.71649
17000 2.71649
17100 2.73408
17200 2.75114
17300 2.76769
17400 2.78373
17500 2.7993
17600 2.81439
17700 2.82903
17800 2.84322
17900 2.85699
18000 2.87035
18000 2.87035
18100 2.8833
18200 2.89586
18300 2.90804
18400 2.91986
18500 2.93131
18600 2.94243
18700 2.95321
18800 2.96366
18900 2.9738
19000 2.98363
19000 2.98363
19100 2.99317
19200 3.00241
19200 3.00241
19200 3.00241
19300 2.83552
19400 2.68327
19500 2.54437
19600 2.41766
19700 2.30206
19800 2.19661
19900 2.10041
20000 2.01265
20000 2.01265
20100 1.93259
20200 1.85955
20300 1.79292
20300 1.79292
20300 1.79292
20400 1.83835
20500 1.88241
20600 1.92514
20700 1.96659
20800 2.00679
20900 2.04577
21000 2.08358
21000 2.08358
21100 2.12025
21200 2.15581
21300 2.1903
21400 2.22375
21500 2.2562
21600 2.28766
21700 2.31818
21800 2.34778
21900 2.37648
22000 2.40432
22000 2.40432
22100 2.43132
22200 2.45751
22300 2.4829
22400 2.50753
22500 2.53142
22600 2.55459
22700 2.57706
22800 2.59885
22900 2.61999
23000 2.64049
23000 2.64049
23100 2.66037
23200 2.67965
23300 2.69835
23400 2.71648
23500 2.73407
23600 2.75113
23700 2.76768
23800 2.78372
23900 2.79929
24000 2.81438
24000 2.81438
24100 2.82902
24200 2.84322
24300 2.85698
24400 2.87034
24500 2.88329
24600 2.89585
24700 2.90803
24800 2.91985
24900 2.93131
25000 2.94242
25000 2.94242
25100 2.9532
25200 2.96365
25300 2.97379
25400 2.98362
25500 2.99316
25600 3.00241
25600 3.00241
25600 3.00241
25700 2.83551
25800 2.68326
25900 2.54437
26000 2.41766
26000 2.41766
26100 2.30206
26200 2.19661
26300 2.10041
26400 2.01265
26500 1.93258
26600 1.85955
26624 1.84299
26624 1.84299
26626 1.83335
26626 1.83335
26700 1.7852
26700 1.7852
26700 1.7852
26800 1.83087
26900 1.87515
27000 1.91811
27000 1.91811
27100 1.95976
27200 2.00016
27300 2.03935
27400 2.07735
27500 2.11421
27600 2.14995
27700 2.18462
27800 2.21824
27900 2.25085
28000 2.28248
28000 2.28248
28100 2.31315
28200 2.3429
28300 2.37175
28400 2.39973
28500 2.42687
28600 2.45319
28700 2.47872
28800 2.50348
28900 2.52749
29000 2.55077
29000 2.55077
29100 2.57336
29200 2.59526
29300 2.61651
29400 2.63711
29500 2.65709
29600 2.67647
29700 2.69527
29800 2.7135
29900 2.73118
30000 2.74832
30000 2.74832
30100 2.76495
30200 2.78108
30300 2.79672
30400 2.81189
30500 2.82661
30600 2.84088
30700 2.85472
30800 2.86814
30900 2.88116
31000 2.89378
31000 2.89378
31100 2.90603
31200 2.9179
31300 2.92942
31400 2.94059
31500 2.95142
31600 2.96193
31700 2.97212
31800 2.98201
31900 2.99159
32000 3.00089
32000 3.00089
32000 3.00089
32000 3.00089
32000 3.00089
32000 3.00089
32001 2.9981
32001 2.9981
32001 2.99782
32001 2.99782
32002 2.98948
32002 2.98948
32003 2.98902
32003 2.98902
32004 2.97872
32004 2.97872
32004 2.97845
32004 2.97845
32005 2.96001
32005 2.96001
32005 2.95947
32005 2.95947
32007 2.93022
32007 2.93022
32007 2.92995
32007 2.92995
32008 2.92183
32008 2.92183
32100 2.77502
32200 2.62808
32300 2.49402
32400 2.37173
32500 2.26017
32600 2.15839
32700 2.06554
32768 2.0071
32768 2.0071
32770 1.99558
32770 1.99558
32770 1.99558
32770 1.99558
32800 2.00742
32900 2.04639
33000 2.08418
33000 2.08418
33100 2.12083
33200 2.15637
33300 2.19085
33400 2.22428
33500 2.25671
33600 2.28816
33700 2.31866
33800 2.34824
33900 2.37693
34000 2.40476
34000 2.40476
34100 2.43175
34200 2.45792
34300 2.4833
34400 2.50792
34500 2.5318
34600 2.55496
34700 2.57741
34800 2.5992
34810 2.60143
34810 2.60143
34816 2.59374
34816 2.59374
34818 2.57933
34818 2.57933
34818 2.57933
34818 2.57933
34900 2.59718
35000 2.61837
35000 2.61837
35100 2.63892
35200 2.65884
35300 2.67817
35400 2.69692
35500 2.7151
35600 2.73273
35700 2.74983
35800 2.76641
35900 2.7825
36000 2.7981
36000 2.7981
36100 2.81322
36110 2.81475
36110 2.81475
36110 2.81475
36110 2.81475
36110 2.81475
36114 2.74188
36114 2.74188
36114 2.74163
36114 2.74163
36115 2.7341
36115 2.7341
36115 2.7341
36115 2.7341
36200 2.74852
36300 2.76514
36400 2.78126
36500 2.7969
36600 2.81207
36700 2.82677
36800 2.84104
36858 2.84917
36858 2.84917
36864 2.84022
36864 2.84022
36866 2.82206
36866 2.82206
36866 2.82206
36866 2.82206
36900 2.82696
37000 2.84122
37000 2.84122
37100 2.85505
37200 2.86846
37300 2.88147
37400 2.89408
37500 2.90632
37600 2.91819
37700 2.92969
37800 2.94086
37900 2.95168
38000 2.96218
38000 2.96218
38100 2.97236
38200 2.98224
38300 2.99182
38400 3.00111
38500 3.01012
38600 3.01886
38700 3.02733
38800 3.03555
38900 3.04352
38906 3.04402
38906 3.04402
38912 3.03407
38912 3.03407
39000 3.04114
39000 3.04114
39100 3.04894
39200 3.05651
39300 3.06385
39400 3.07097
39500 3.07787
39600 3.08457
39700 3.09106
39800 3.09736
39900 3.10346
40000 3.10939
40000 3.10939
40100 3.11513
40200 3.12071
40300 3.12611
40400 3.13135
40500 3.13643
40600 3.14136
40700 3.14614
40800 3.15078
40900 3.15528
40954 3.15767
40954 3.15767
40960 3.14714
40960 3.14714
40962 3.12781
40962 3.12781
40962 3.12781
40962 3.12781
41000 3.12979
41000 3.12979
41100 3.13492
41200 3.1399
41300 3.14472
41400 3.1494
41500 3.15394
41600 3.15834
41700 3.16261
41800 3.16675
41900 3.17077
42000 3.17466
42000 3.17466
42100 3.17844
42200 3.1821
42300 3.18566
42400 3.1891
42500 3.19245
42600 3.19569
42700 3.19883
42800 3.20188
42900 3.20484
43000 3.2077
43000 3.2077
43002 3.20777
43002 3.20777
43008 3.19699
43008 3.19699
43010 3.17874
43010 3.17874
43010 3.17874
43010 3.17874
43100 3.18204
43200 3.18559
43300 3.18904
43400 3.19238
43500 3.19563
43600 3.19877
43700 3.20182
43800 3.20478
43900 3.20765
