0 3.03099
0 3.03087
0 3.03087
2 3.02525
2 3.02525
100 2.97206
200 2.91862
300 2.86626
400 2.81494
500 2.76465
600 2.71536
700 2.66706
800 2.61973
900 2.57334
1000 2.52788
1000 2.52788
1100 2.48333
1200 2.43966
1300 2.39688
1400 2.35495
1500 2.31385
1600 2.27358
1700 2.23411
1800 2.19544
1900 2.15753
2000 2.12039
2000 2.12039
2048 2.10282
2048 2.10282
2050 2.09925
2050 2.09925
2100 2.08118
2200 2.04556
2300 2.01066
2400 1.97645
2500 1.94292
2600 1.91007
2700 1.87787
2800 1.84632
2900 1.8154
3000 1.78509
3000 1.78509
3000 1.78509
3000 1.78509
3100 1.78787
3200 1.79065
3300 1.79342
3400 1.79618
3500 1.79894
3600 1.80169
3700 1.80444
3800 1.80719
3900 1.80993
4000 1.81266
4000 1.81266
4100 1.81539
4200 1.81811
4300 1.82083
4400 1.82355
4500 1.82626
4600 1.82896
4700 1.83166
4800 1.83435
4900 1.83704
5000 1.83973
5000 1.83973
5100 1.8424
5200 1.84508
5300 1.84775
5400 1.85041
5500 1.85307
5600 1.85573
5700 1.85838
5800 1.86102
5900 1.86366
6000 1.8663
6000 1.8663
6100 1.86893
6200 1.87155
6300 1.87417
6400 1.87679
6500 1.8794
6600 1.88201
6700 1.88461
6800 1.88721
6900 1.8898
7000 1.89239
7000 1.89239
7100 1.89497
7200 1.89755
7300 1.90012
7400 1.90269
7500 1.90525
7600 1.90781
7700 1.91037
7800 1.91291
7900 1.91546
8000 1.918
8000 1.918
8100 1.92054
8200 1.92307
8300 1.92559
8400 1.92811
8500 1.93063
8600 1.93314
8700 1.93565
8800 1.93816
8900 1.94065
9000 1.94315
9000 1.94315
9100 1.94564
9200 1.94812
9300 1.9506
9400 1.95308
9500 1.95555
9600 1.95802
9700 1.96048
9800 1.96294
9900 1.96539
10000 1.96784
10000 1.96784
10100 1.97028
10200 1.97272
10300 1.97516
10400 1.97759
10500 1.98001
10600 1.98244
10700 1.98485
10800 1.98727
10900 1.98967
11000 1.99208
11000 1.99208
11100 1.99448
11200 1.99687
11300 1.99926
11400 2.00165
11500 2.00403
11600 2.00641
11700 2.00878
11800 2.01115
11900 2.01352
12000 2.01588
12000 2.01588
12100 2.01823
12200 2.02059
12300 2.02293
12400 2.02528
12500 2.02762
12600 2.02995
12700 2.03228
12800 2.03461
12900 2.03693
13000 2.03924
13000 2.03924
13100 2.04156
13200 2.04387
13300 2.04617
13400 2.04847
13500 2.05077
13600 2.05306
13700 2.05535
13800 2.05763
13900 2.05991
14000 2.06219
14000 2.06219
14100 2.06446
14200 2.06672
14300 2.06899
14400 2.07125
14500 2.0735
14600 2.07575
14700 2.078
14800 2.08024
14900 2.08248
15000 2.08471
15000 2.08471
15100 2.08694
15200 2.08917
15300 2.09139
15400 2.0936
15500 2.09582
15600 2.09803
15700 2.10023
15800 2.10243
15900 2.10463
16000 2.10682
16000 2.10682
16100 2.10901
16200 2.1112
16300 2.11338
16400 2.11556
16500 2.11773
16600 2.1199
16700 2.12206
16800 2.12422
16900 2.12638
17000 2.12854
17000 2.12854
17100 2.13068
17200 2.13283
17300 2.13497
17400 2.13711
17500 2.13924
17600 2.14137
17700 2.1435
17800 2.14562
17900 2.14774
18000 2.14985
18000 2.14985
18100 2.15196
18200 2.15407
18300 2.15617
18400 2.15827
18500 2.16036
18600 2.16245
18700 2.16454
18800 2.16662
18900 2.1687
19000 2.17078
19000 2.17078
19100 2.17285
19200 2.17492
19300 2.17698
19400 2.17904
19500 2.1811
19600 2.18315
19700 2.1852
19800 2.18725
19900 2.18929
20000 2.19133
20000 2.19133
20100 2.19336
20200 2.19539
20300 2.19742
20400 2.19944
20500 2.20146
20600 2.20348
20700 2.20549
20800 2.2075
20900 2.2095
21000 2.2115
21000 2.2115
21100 2.2135
21200 2.21549
21300 2.21748
21400 2.21947
21500 2.22145
21600 2.22343
21700 2.2254
21800 2.22737
21900 2.22934
22000 2.23131
22000 2.23131
22100 2.23327
22200 2.23523
22300 2.23718
22400 2.23913
22500 2.24107
22600 2.24302
22700 2.24496
22800 2.24689
22900 2.24882
23000 2.25075
23000 2.25075
23100 2.25268
23200 2.2546
23300 2.25652
23400 2.25843
23500 2.26034
23600 2.26225
23700 2.26415
23800 2.26605
23900 2.26795
24000 2.26985
24000 2.26985
24100 2.27174
24200 2.27362
24300 2.2755
24400 2.27738
24500 2.27926
24600 2.28113
24700 2.283
24800 2.28487
24900 2.28673
25000 2.28859
25000 2.28859
25100 2.29045
25200 2.2923
25300 2.29415
25400 2.29599
25500 2.29783
25600 2.29967
25700 2.30151
25800 2.30334
25900 2.30517
26000 2.30699
26000 2.30699
26100 2.30882
26200 2.31063
26300 2.31245
26400 2.31426
26500 2.31607
26600 2.31787
26700 2.31968
26800 2.32147
26900 2.32327
27000 2.32506
27000 2.32506
27100 2.32685
27200 2.32864
27300 2.33042
27400 2.3322
27500 2.33397
27600 2.33574
27700 2.33751
27800 2.33928
27900 2.34104
28000 2.3428
28000 2.3428
28100 2.34456
28200 2.34631
28300 2.34806
28400 2.34981
28500 2.35155
28600 2.35329
28700 2.35503
28800 2.35676
28900 2.35849
29000 2.36022
29000 2.36022
29100 2.36194
29200 2.36366
29300 2.36538
29400 2.3671
29500 2.36881
29600 2.37052
29700 2.37222
29800 2.37392
29900 2.37562
30000 2.37732
30000 2.37732
30100 2.37901
30200 2.3807
30300 2.38239
30400 2.38407
30500 2.38575
30600 2.38743
30700 2.3891
30800 2.39077
30900 2.39244
31000 2.39411
31000 2.39411
31100 2.39577
31200 2.39743
31300 2.39908
31400 2.40074
31500 2.40239
31600 2.40403
31700 2.40568
31800 2.40732
31900 2.40896
32000 2.41059
32000 2.41059
32100 2.41222
32200 2.41385
32300 2.41548
32400 2.4171
32500 2.41872
32600 2.42034
32700 2.42195
32800 2.42356
32900 2.42517
33000 2.42677
33000 2.42677
33100 2.42838
33200 2.42997
33300 2.43157
33400 2.43316
33500 2.43475
33600 2.43634
33700 2.43793
33800 2.43951
33900 2.44109
34000 2.44266
34000 2.44266
34100 2.44424
34200 2.44581
34300 2.44737
34400 2.44894
34500 2.4505
34600 2.45206
34700 2.45361
34800 2.45516
34900 2.45671
35000 2.45826
35000 2.45826
35100 2.45981
35200 2.46135
35300 2.46289
35400 2.46442
35500 2.46596
35600 2.46749
35700 2.46901
35800 2.47054
35900 2.47206
36000 2.47358
36000 2.47358
36100 2.47509
36200 2.47661
36300 2.47812
36400 2.47963
36500 2.48113
36600 2.48263
36700 2.48413
36800 2.48563
36900 2.48712
37000 2.48861
37000 2.48861
37100 2.4901
37200 2.49159
37300 2.49307
37400 2.49455
37500 2.49603
37600 2.49751
37700 2.49898
37800 2.50045
37900 2.50191
38000 2.50338
38000 2.50338
38100 2.50484
38200 2.5063
38300 2.50775
38400 2.50921
38500 2.51066
38600 2.51211
38700 2.51355
38800 2.51499
38900 2.51644
39000 2.51787
39000 2.51787
39100 2.51931
39200 2.52074
39300 2.52217
39400 2.5236
39500 2.52502
39600 2.52644
39700 2.52786
39800 2.52928
39900 2.53069
40000 2.5321
40000 2.5321
40100 2.53351
40200 2.53492
40300 2.53632
40400 2.53772
40500 2.53912
40600 2.54052
40700 2.54191
40800 2.5433
40900 2.54469
41000 2.54608
41000 2.54608
41100 2.54746
41200 2.54884
41300 2.55022
41400 2.55159
41500 2.55297
41600 2.55434
41700 2.5557
41800 2.55707
41900 2.55843
42000 2.55979
42000 2.55979
42100 2.56115
42200 2.56251
42300 2.56386
42400 2.56521
42500 2.56656
42600 2.5679
42700 2.56925
42800 2.57059
42900 2.57193
43000 2.57326
43000 2.57326
43100 2.57459
43200 2.57592
43300 2.57725
43400 2.57858
43500 2.5799
43600 2.58122
43700 2.58254
43800 2.58386
43900 2.58517
