0 3.03099
0 3.03079
0 3.03079
2 3.02144
2 3.02144
100 2.93348
200 2.84629
300 2.762
400 2.68049
500 2.60168
600 2.52548
700 2.4518
800 2.38056
900 2.31169
1000 2.24509
1000 2.24509
1100 2.18069
1200 2.11843
1300 2.05823
1400 2.00002
1500 1.94374
1600 1.88932
1700 1.83671
1800 1.78583
1800 1.78583
1800 1.78583
1900 1.79046
2000 1.79507
2000 1.79507
2100 1.79967
2200 1.80426
2300 1.80883
2400 1.81339
2500 1.81793
2600 1.82246
2700 1.82697
2800 1.83147
2900 1.83596
3000 1.84044
3000 1.84044
3100 1.8449
3200 1.84934
3300 1.85378
3400 1.8582
3500 1.8626
3600 1.867
3700 1.87138
3800 1.87574
3900 1.88009
4000 1.88443
4000 1.88443
4100 1.88876
4200 1.89307
4300 1.89737
4400 1.90166
4500 1.90593
4600 1.91019
4700 1.91444
4800 1.91867
4900 1.92289
5000 1.9271
5000 1.9271
5100 1.9313
5200 1.93548
5300 1.93965
5400 1.94381
5500 1.94795
5600 1.95209
5700 1.9562
5800 1.96031
5900 1.96441
6000 1.96849
6000 1.96849
6100 1.97256
6200 1.97661
6300 1.98066
6400 1.98469
6500 1.98871
6600 1.99272
6700 1.99671
6800 2.00069
6900 2.00466
7000 2.00862
7000 2.00862
7100 2.01257
7200 2.0165
7300 2.02043
7400 2.02434
7500 2.02824
7600 2.03212
7700 2.036
7800 2.03986
7900 2.04371
8000 2.04755
8000 2.04755
8100 2.05138
8200 2.05519
8300 2.059
8400 2.06279
8500 2.06657
8600 2.07034
8700 2.0741
8800 2.07784
8900 2.08158
9000 2.0853
9000 2.0853
9100 2.08901
9200 2.09271
9300 2.0964
9400 2.10008
9500 2.10375
9600 2.10741
9700 2.11105
9800 2.11468
9900 2.11831
10000 2.12192
10000 2.12192
10100 2.12552
10200 2.12911
10300 2.13268
10400 2.13625
10500 2.13981
10600 2.14335
10700 2.14689
10800 2.15041
10900 2.15392
11000 2.15743
11000 2.15743
11100 2.16092
11200 2.1644
11300 2.16787
11400 2.17133
11500 2.17478
11600 2.17822
11700 2.18165
11800 2.18506
11900 2.18847
12000 2.19187
12000 2.19187
12100 2.19525
12200 2.19863
12300 2.202
12400 2.20535
12500 2.2087
12600 2.21203
12700 2.21536
12800 2.21867
12900 2.22197
13000 2.22527
13000 2.22527
13100 2.22855
13200 2.23183
13300 2.23509
13400 2.23835
13500 2.24159
13600 2.24483
13700 2.24805
13800 2.25126
13900 2.25447
14000 2.25766
14000 2.25766
14100 2.26085
14200 2.26403
14300 2.26719
14400 2.27035
14500 2.27349
14600 2.27663
14700 2.27976
14800 2.28288
14900 2.28598
15000 2.28908
15000 2.28908
15100 2.29217
15200 2.29525
15300 2.29832
15400 2.30138
15500 2.30443
15600 2.30748
15700 2.31051
15800 2.31353
15900 2.31655
16000 2.31955
16000 2.31955
16100 2.32255
16200 2.32554
16300 2.32851
16400 2.33148
16500 2.33444
16600 2.33739
16700 2.34034
16800 2.34327
16900 2.34619
17000 2.34911
17000 2.34911
17100 2.35201
17200 2.35491
17300 2.3578
17400 2.36068
17500 2.36355
17600 2.36641
17700 2.36926
17800 2.37211
17900 2.37494
18000 2.37777
18000 2.37777
18100 2.38059
18200 2.3834
18300 2.3862
18400 2.38899
18500 2.39177
18600 2.39455
18700 2.39732
18800 2.40007
18900 2.40282
19000 2.40557
19000 2.40557
19100 2.4083
19200 2.41102
19300 2.41374
19400 2.41645
19500 2.41915
19600 2.42184
19700 2.42452
19800 2.4272
19900 2.42987
20000 2.43253
20000 2.43253
20100 2.43518
20200 2.43782
20300 2.44045
20400 2.44308
20500 2.4457
20600 2.44831
20700 2.45091
20800 2.45351
20900 2.45609
21000 2.45867
21000 2.45867
21100 2.46124
21200 2.46381
21300 2.46636
21400 2.46891
21500 2.47145
21600 2.47398
21700 2.4765
21800 2.47902
21900 2.48153
22000 2.48403
22000 2.48403
22100 2.48652
22200 2.48901
22300 2.49149
22400 2.49396
22500 2.49642
22600 2.49888
22700 2.50133
22800 2.50377
22900 2.5062
23000 2.50862
23000 2.50862
23100 2.51104
23200 2.51345
23300 2.51586
23400 2.51825
23500 2.52064
23600 2.52302
23700 2.5254
23800 2.52777
23900 2.53012
24000 2.53248
24000 2.53248
24100 2.53482
24200 2.53716
24300 2.53949
24400 2.54182
24500 2.54413
24600 2.54644
24700 2.54875
24800 2.55104
24900 2.55333
25000 2.55561
25000 2.55561
25100 2.55789
25200 2.56015
25300 2.56241
25400 2.56467
25500 2.56692
25600 2.56916
25700 2.57139
25800 2.57361
25900 2.57583
26000 2.57805
26000 2.57805
26100 2.58025
26200 2.58245
26300 2.58465
26400 2.58683
26500 2.58901
26600 2.59118
26700 2.59335
26800 2.59551
26900 2.59766
27000 2.59981
27000 2.59981
27100 2.60195
27200 2.60408
27300 2.60621
27400 2.60833
27500 2.61044
27600 2.61255
27700 2.61465
27800 2.61674
27900 2.61883
28000 2.62091
28000 2.62091
28100 2.62299
28200 2.62505
28300 2.62712
28400 2.62917
28500 2.63122
28600 2.63327
28700 2.6353
28800 2.63734
28900 2.63936
29000 2.64138
29000 2.64138
29100 2.64339
29200 2.6454
29300 2.6474
29400 2.64939
29500 2.65138
29600 2.65336
29700 2.65534
29800 2.65731
29900 2.65927
30000 2.66123
30000 2.66123
30100 2.66318
30200 2.66513
30300 2.66707
30400 2.669
30500 2.67093
30600 2.67285
30700 2.67477
30800 2.67668
30900 2.67858
31000 2.68048
31000 2.68048
31100 2.68237
31200 2.68426
31300 2.68614
31400 2.68802
31500 2.68989
31600 2.69175
31700 2.69361
31800 2.69546
31900 2.69731
32000 2.69915
32000 2.69915
32100 2.70099
32200 2.70282
32300 2.70464
32400 2.70646
32500 2.70828
32600 2.71008
32700 2.71189
32800 2.71368
32900 2.71548
33000 2.71726
33000 2.71726
33100 2.71904
33200 2.72082
33300 2.72259
33400 2.72435
33500 2.72611
33600 2.72786
33700 2.72961
33800 2.73136
33900 2.73309
34000 2.73482
34000 2.73482
34100 2.73655
34200 2.73827
34300 2.73999
34400 2.7417
34500 2.74341
34600 2.74511
34700 2.7468
34800 2.74849
34900 2.75018
35000 2.75186
35000 2.75186
35100 2.75353
35200 2.7552
35300 2.75687
35400 2.75853
35500 2.76018
35600 2.76183
35700 2.76348
35800 2.76511
35900 2.76675
36000 2.76838
36000 2.76838
36100 2.77
36200 2.77162
36300 2.77324
36400 2.77485
36500 2.77645
36600 2.77805
36700 2.77965
36800 2.78124
36900 2.78282
37000 2.7844
37000 2.7844
37100 2.78598
37200 2.78755
37300 2.78911
37400 2.79067
37500 2.79223
37600 2.79378
37700 2.79533
37800 2.79687
37900 2.79841
38000 2.79994
38000 2.79994
38100 2.80147
38200 2.80299
38300 2.80451
38400 2.80602
38500 2.80753
38600 2.80904
38700 2.81054
38800 2.81203
38900 2.81352
39000 2.81501
39000 2.81501
39100 2.81649
39200 2.81797
39300 2.81944
39400 2.82091
39500 2.82237
39600 2.82383
39700 2.82529
39800 2.82674
39900 2.82818
40000 2.82963
40000 2.82963
40100 2.83106
40200 2.8325
40300 2.83392
40400 2.83535
40500 2.83677
40600 2.83818
40700 2.83959
40800 2.841
40900 2.8424
41000 2.8438
41000 2.8438
41100 2.8452
41200 2.84658
41300 2.84797
41400 2.84935
41500 2.85073
41600 2.8521
41700 2.85347
41800 2.85483
41900 2.85619
42000 2.85755
42000 2.85755
42100 2.8589
42200 2.86025
42300 2.86159
42400 2.86293
42500 2.86427
42600 2.8656
42700 2.86693
42800 2.86825
42900 2.86957
43000 2.87088
43000 2.87088
43100 2.87219
43200 2.8735
43300 2.8748
43400 2.8761
43500 2.8774
43600 2.87869
43700 2.87998
43800 2.88126
43900 2.88254
