0 3.03099
0 3.03094
0 3.03094
2 3.02826
2 3.02826
100 3.00754
200 2.98697
300 2.96706
400 2.94777
500 2.92909
600 2.911
700 2.89349
800 2.87653
900 2.8601
1000 2.8442
1000 2.8442
1100 2.82879
1200 2.81388
1300 2.79944
1400 2.78545
1500 2.7719
1600 2.75879
1700 2.74609
1800 2.73379
1900 2.72188
2000 2.71034
2000 2.71034
2048 2.70494
2048 2.70494
2050 2.70289
2050 2.70289
2100 2.69738
2200 2.68662
2300 2.6762
2400 2.66612
2500 2.65635
2600 2.64688
2700 2.63772
2800 2.62885
2900 2.62026
3000 2.61194
3000 2.61194
3100 2.60388
3200 2.59608
3300 2.58853
3400 2.58121
3500 2.57413
3600 2.56727
3700 2.56062
3800 2.55419
3900 2.54796
4000 2.54193
4000 2.54193
4096 2.53631
4096 2.53631
4098 2.53434
4098 2.53434
4100 2.53424
4200 2.52864
4300 2.52322
4400 2.51797
4500 2.51289
4502 2.51276
4502 2.51276
4504 2.50929
4504 2.50929
4504 2.50928
4504 2.50928
4505 2.50841
4505 2.50841
4505 2.50839
4505 2.50839
4506 2.5073
4506 2.5073
4506 2.5073
4506 2.5073
4507 2.50513
4507 2.50513
4600 2.50081
4700 2.49627
4800 2.49187
4900 2.48762
5000 2.48349
5000 2.48349
5100 2.4795
5200 2.47563
5300 2.47188
5400 2.46826
5500 2.46474
5600 2.46134
5700 2.45805
5800 2.45486
5900 2.45177
6000 2.44878
6000 2.44878
6100 2.44589
6144 2.44464
6144 2.44464
6146 2.44294
6146 2.44294
6146 2.44294
6146 2.44294
6200 2.45349
6300 2.4727
6400 2.49147
6500 2.50982
6600 2.52776
6700 2.54528
6800 2.56241
6900 2.57915
7000 2.59551
7000 2.59551
7100 2.6115
7200 2.62713
7300 2.6424
7400 2.65732
7500 2.67191
7600 2.68616
7700 2.70009
7800 2.71371
7900 2.72701
8000 2.74002
8000 2.74002
8100 2.75273
8186 2.76348
8186 2.76348
8192 2.76275
8192 2.76275
8194 2.76045
8194 2.76045
8194 2.76045
8194 2.76045
8200 2.76117
8300 2.7734
8400 2.78535
8500 2.79703
8600 2.80845
8700 2.8196
8800 2.8305
8900 2.84116
9000 2.85157
9000 2.85157
9100 2.86175
9200 2.8717
9300 2.88142
9400 2.89092
9500 2.9002
9600 2.90927
9700 2.91814
9800 2.92681
9900 2.93528
10000 2.94355
10000 2.94355
10082 2.95026
10082 2.95026
10082 2.95026
10082 2.95026
10082 2.95026
10086 2.93891
10086 2.93891
10087 2.93888
10087 2.93888
10088 2.93772
10088 2.93772
10088 2.93772
10088 2.93772
10100 2.93871
10200 2.94691
10234 2.94969
10234 2.94969
10240 2.94862
10240 2.94862
10242 2.94625
10242 2.94625
10242 2.94625
10242 2.94625
10300 2.95093
10400 2.95885
10500 2.96659
10600 2.97416
10700 2.98155
10800 2.98878
10900 2.99584
11000 3.00275
11000 3.00275
11100 3.00949
11200 3.01608
11300 3.02253
11400 3.02883
11500 3.03498
11600 3.04099
11700 3.04687
11800 3.05262
11900 3.05823
12000 3.06372
12000 3.06372
12100 3.06908
12200 3.07432
12282 3.07855
12282 3.07855
12288 3.07726
12288 3.07726
12290 3.07436
12290 3.07436
12290 3.07436
12290 3.07436
12300 3.07486
12400 3.07997
12500 3.08497
12600 3.08985
12700 3.09461
12800 3.09928
12900 3.10383
13000 3.10828
13000 3.10828
13100 3.11263
13200 3.11689
13300 3.12104
13400 3.1251
13500 3.12907
13600 3.13295
13700 3.13674
13800 3.14045
13900 3.14407
14000 3.14761
14000 3.14761
14100 3.15107
14200 3.15445
14300 3.15775
14330 3.15874
14330 3.15874
14336 3.1573
14336 3.1573
14400 3.15938
14500 3.16257
14600 3.16569
14700 3.16874
14800 3.17172
14900 3.17463
15000 3.17748
15000 3.17748
15100 3.18026
15200 3.18297
15300 3.18563
15400 3.18822
15500 3.19076
15600 3.19324
15700 3.19566
15800 3.19803
15900 3.20034
16000 3.20261
16000 3.20261
16100 3.20482
16200 3.20698
16300 3.20909
16378 3.21071
16378 3.21071
16384 3.20918
16384 3.20918
16386 3.20624
16386 3.20624
16386 3.20624
16386 3.20624
16400 3.20654
16500 3.20866
16600 3.21073
16700 3.21276
16800 3.21474
16900 3.21667
17000 3.21857
17000 3.21857
17100 3.22041
17200 3.22222
17300 3.22398
17400 3.22571
17500 3.2274
17600 3.22904
17700 3.23065
17800 3.23223
17900 3.23377
18000 3.23527
18000 3.23527
18100 3.23674
18200 3.23817
18300 3.23958
18400 3.24095
18426 3.2413
18426 3.2413
18432 3.23972
18432 3.23972
18434 3.23696
18434 3.23696
18434 3.23696
18434 3.23696
18500 3.2379
18600 3.23931
18700 3.24069
18800 3.24204
18900 3.24335
19000 3.24464
19000 3.24464
19100 3.24589
19200 3.24712
19300 3.24832
19400 3.24949
19500 3.25064
19600 3.25176
19700 3.25285
19800 3.25392
19900 3.25497
20000 3.25599
20000 3.25599
20082 3.25682
20082 3.25682
20082 3.25682
20082 3.25682
20082 3.25682
20086 3.24396
20086 3.24396
20087 3.24391
20087 3.24391
20088 3.24256
20088 3.24256
20088 3.24256
20088 3.24256
20100 3.24271
20200 3.24401
20300 3.24528
20400 3.24653
20474 3.24743
20474 3.24743
20480 3.24583
20480 3.24583
20482 3.24268
20482 3.24268
20482 3.24268
20482 3.24268
20500 3.24292
20600 3.24421
20700 3.24548
20800 3.24672
20900 3.24792
21000 3.24911
21000 3.24911
21100 3.25026
21200 3.25139
21300 3.25249
21400 3.25357
21500 3.25462
21600 3.25565
21700 3.25666
21800 3.25764
21900 3.2586
22000 3.25954
22000 3.25954
22100 3.26046
22200 3.26136
22300 3.26224
22400 3.26309
22500 3.26393
22522 3.26412
22522 3.26412
22528 3.26249
22528 3.26249
22600 3.2631
22700 3.26394
22800 3.26476
22900 3.26556
23000 3.26634
23000 3.26634
23100 3.2671
23200 3.26785
23300 3.26858
23400 3.26929
23500 3.26999
23600 3.27067
23700 3.27134
23800 3.27199
23900 3.27262
24000 3.27324
24000 3.27324
24100 3.27385
24200 3.27444
24300 3.27502
24400 3.27559
24500 3.27614
24570 3.27653
24570 3.27653
24576 3.27488
24576 3.27488
24578 3.27185
24578 3.27185
24578 3.27185
24578 3.27185
24600 3.27199
24700 3.27262
24800 3.27325
24900 3.27385
25000 3.27445
25000 3.27445
25100 3.27503
25200 3.27559
25300 3.27615
25400 3.27669
25500 3.27722
25600 3.27773
25700 3.27824
25800 3.27873
25900 3.27921
26000 3.27969
26000 3.27969
26100 3.28015
26200 3.2806
26300 3.28104
26400 3.28147
26500 3.28189
26600 3.2823
26618 3.28237
26618 3.28237
26624 3.28071
26624 3.28071
26626 3.2779
26626 3.2779
26626 3.2779
26626 3.2779
26700 3.27827
26800 3.27876
26900 3.27924
27000 3.27972
27000 3.27972
27100 3.28018
27200 3.28063
27300 3.28107
27400 3.28149
27500 3.28191
27600 3.28232
27700 3.28273
27800 3.28312
27900 3.2835
28000 3.28388
28000 3.28388
28100 3.28424
28200 3.2846
28300 3.28495
28400 3.28529
28500 3.28562
28600 3.28595
28666 3.28616
28666 3.28616
28672 3.28449
28672 3.28449
28674 3.28145
28674 3.28145
28674 3.28145
28674 3.28145
28700 3.28156
28800 3.28198
28900 3.28239
29000 3.28279
29000 3.28279
29100 3.28318
29200 3.28356
29300 3.28393
29400 3.2843
29500 3.28465
29600 3.285
29700 3.28534
29800 3.28568
29900 3.286
30000 3.28632
30000 3.28632
30082 3.28658
30082 3.28658
30082 3.28658
30082 3.28658
30082 3.28658
30086 3.27357
30086 3.27357
30087 3.27352
30087 3.27352
30088 3.27214
30088 3.27214
30088 3.27214
30088 3.27214
30100 3.27222
30200 3.27285
30300 3.27347
30400 3.27407
30500 3.27466
30600 3.27523
30700 3.27579
30714 3.27587
30714 3.27587
30720 3.27423
30720 3.27423
30722 3.27142
30722 3.27142
30722 3.27142
30722 3.27142
30800 3.27193
30900 3.27256
31000 3.27319
31000 3.27319
31100 3.27379
31200 3.27439
31300 3.27497
31400 3.27554
31500 3.27609
31600 3.27663
31700 3.27716
31800 3.27768
31900 3.27819
32000 3.27868
32000 3.27868
32100 3.27917
32200 3.27964
32300 3.2801
32400 3.28055
32500 3.281
32600 3.28143
32700 3.28185
32762 3.28211
32762 3.28211
32768 3.28045
32768 3.28045
32770 3.27724
32770 3.27724
32770 3.27724
32770 3.27724
32800 3.2774
32900 3.27791
33000 3.27841
33000 3.27841
33100 3.2789
33200 3.27938
33300 3.27985
33400 3.28031
33500 3.28075
33600 3.28119
33700 3.28162
33800 3.28203
33900 3.28244
34000 3.28284
34000 3.28284
34100 3.28323
34200 3.28361
34300 3.28398
34400 3.28434
34500 3.2847
34600 3.28505
34700 3.28539
34800 3.28572
34810 3.28575
34810 3.28575
34816 3.28409
34816 3.28409
34900 3.28439
35000 3.28474
35000 3.28474
35100 3.28509
35200 3.28543
35300 3.28576
35400 3.28608
35500 3.2864
35600 3.28671
35700 3.28701
35800 3.2873
35900 3.28759
36000 3.28787
36000 3.28787
36100 3.28815
36200 3.28842
36300 3.28868
36400 3.28894
36500 3.28919
36600 3.28943
36700 3.28967
36800 3.28991
36858 3.29004
36858 3.29004
36864 3.28837
36864 3.28837
36866 3.28532
36866 3.28532
36866 3.28532
36866 3.28532
36900 3.28543
37000 3.28576
37000 3.28576
37100 3.28609
37200 3.2864
37300 3.28671
37400 3.28701
37500 3.28731
37600 3.28759
37700 3.28787
37800 3.28815
37900 3.28842
38000 3.28868
38000 3.28868
38100 3.28894
38200 3.28919
38300 3.28943
38400 3.28967
38500 3.28991
38600 3.29014
38700 3.29036
38800 3.29058
38900 3.29079
38906 3.29081
38906 3.29081
38912 3.28913
38912 3.28913
38914 3.2863
38914 3.2863
38914 3.2863
38914 3.2863
39000 3.28657
39000 3.28657
39100 3.28688
39200 3.28717
39300 3.28746
39400 3.28775
39500 3.28803
39600 3.2883
39700 3.28856
39800 3.28882
39900 3.28908
40000 3.28932
40000 3.28932
40082 3.28953
40082 3.28953
40082 3.28953
40082 3.28953
40082 3.28953
40086 3.2765
40086 3.2765
40087 3.27646
40087 3.27646
40088 3.27508
40088 3.27508
40088 3.27508
40088 3.27508
40100 3.27515
40200 3.27571
40300 3.27626
40400 3.2768
40500 3.27733
40600 3.27784
40700 3.27834
40800 3.27884
40900 3.27932
40954 3.27957
40954 3.27957
40960 3.27792
40960 3.27792
40962 3.27472
40962 3.27472
40962 3.27472
40962 3.27472
41000 3.27494
41000 3.27494
41100 3.27551
41200 3.27606
41300 3.2766
41400 3.27714
41500 3.27765
41600 3.27816
41700 3.27866
41800 3.27914
41900 3.27961
42000 3.28008
42000 3.28008
42100 3.28053
42200 3.28097
42300 3.2814
42400 3.28182
42500 3.28224
42600 3.28264
42700 3.28303
42800 3.28342
42900 3.28379
43000 3.28416
43000 3.28416
43002 3.28417
43002 3.28417
43008 3.28251
43008 3.28251
43100 3.28287
43200 3.28326
43300 3.28364
43400 3.28401
43500 3.28437
43600 3.28473
43700 3.28508
43800 3.28541
43900 3.28575
