0 3.03099
0 3.0306
0 3.0306
2 3.01198
2 3.01198
100 2.84276
200 2.68197
300 2.53303
400 2.39506
500 2.26726
600 2.14887
700 2.0392
800 1.93761
900 1.8435
1000 1.75632
1000 1.75632
1000 1.75632
1000 1.75632
1100 1.77977
1200 1.80286
1300 1.82559
1400 1.84799
1500 1.87004
1600 1.89176
1700 1.91315
1800 1.93421
1900 1.95495
2000 1.97538
2000 1.97538
2100 1.9955
2200 2.01531
2300 2.03482
2400 2.05404
2500 2.07296
2600 2.0916
2700 2.10995
2800 2.12802
2900 2.14582
3000 2.16335
3000 2.16335
3100 2.18061
3200 2.19761
3300 2.21436
3400 2.23084
3500 2.24708
3600 2.26307
3700 2.27882
3800 2.29433
3900 2.3096
4000 2.32465
4000 2.32465
4100 2.33946
4200 2.35405
4300 2.36841
4400 2.38256
4500 2.39649
4600 2.41022
4700 2.42373
4800 2.43704
4900 2.45014
5000 2.46305
5000 2.46305
5100 2.47576
5200 2.48828
5300 2.50061
5400 2.51275
5500 2.5247
5600 2.53648
5700 2.54807
5800 2.55949
5900 2.57074
6000 2.58182
6000 2.58182
6100 2.59272
6200 2.60346
6300 2.61404
6400 2.62446
6500 2.63472
6600 2.64482
6700 2.65477
6800 2.66457
6900 2.67422
7000 2.68373
7000 2.68373
7100 2.69308
7200 2.7023
7300 2.71138
7400 2.72032
7500 2.72912
7600 2.73779
7700 2.74633
7800 2.75474
7900 2.76302
8000 2.77117
8000 2.77117
8100 2.7792
8200 2.78711
8300 2.7949
8400 2.80257
8500 2.81013
8600 2.81757
8700 2.82489
8800 2.83211
8900 2.83921
9000 2.84621
9000 2.84621
9100 2.8531
9200 2.85989
9300 2.86657
9400 2.87315
9500 2.87964
9600 2.88602
9700 2.89231
9800 2.8985
9900 2.9046
10000 2.9106
10000 2.9106
10100 2.91651
10200 2.92234
10300 2.92807
10400 2.93372
10500 2.93928
10600 2.94476
10700 2.95015
10800 2.95547
10900 2.9607
11000 2.96585
11000 2.96585
11100 2.97093
11200 2.97592
11300 2.98084
11400 2.98569
11500 2.99046
11600 2.99516
11700 2.99979
11700 2.99979
11700 2.99979
11800 2.82744
11900 2.66779
12000 2.51989
12000 2.51989
12100 2.38289
12200 2.25598
12288 2.15206
12288 2.15206
12290 2.13916
12290 2.13916
12300 2.12811
12400 2.01997
12500 1.91979
12502 1.91747
12502 1.91747
12504 1.89875
12504 1.89875
12504 1.89859
12504 1.89859
12505 1.89347
12505 1.89347
12505 1.89322
12505 1.89322
12506 1.88689
12506 1.88689
12506 1.88674
12506 1.88674
12507 1.87521
12507 1.87521
12600 1.79247
12600 1.79247
12600 1.79247
12700 1.81536
12800 1.83791
12900 1.86012
13000 1.88199
13000 1.88199
13100 1.90352
13200 1.92473
13300 1.94562
13400 1.96619
13500 1.98645
13600 2.0064
13700 2.02604
13800 2.04539
13900 2.06445
14000 2.08321
14000 2.08321
14100 2.10169
14200 2.11989
14300 2.13781
14400 2.15546
14500 2.17285
14600 2.18996
14700 2.20682
14800 2.22343
14900 2.23978
15000 2.25588
15000 2.25588
15100 2.27174
15200 2.28735
15300 2.30273
15400 2.31788
15500 2.33279
15600 2.34748
15700 2.36195
15800 2.3762
15900 2.39023
16000 2.40404
16000 2.40404
16100 2.41765
16200 2.43105
16300 2.44425
16400 2.45724
16500 2.47004
16600 2.48265
16700 2.49506
16800 2.50729
16900 2.51932
17000 2.53118
17000 2.53118
17100 2.54286
17200 2.55436
17300 2.56568
17400 2.57683
17500 2.58781
17600 2.59863
17700 2.60928
17800 2.61977
17900 2.6301
18000 2.64028
18000 2.64028
18100 2.6503
18200 2.66016
18300 2.66988
18400 2.67945
18500 2.68887
18600 2.69815
18700 2.70729
18800 2.7163
18900 2.72516
19000 2.73389
19000 2.73389
19100 2.74249
19200 2.75095
19300 2.75929
19400 2.7675
19500 2.77559
19600 2.78355
19700 2.7914
19800 2.79912
19900 2.80673
20000 2.81422
20000 2.81422
20100 2.8216
20200 2.82886
20300 2.83602
20400 2.84306
20500 2.85
20600 2.85684
20700 2.86357
20800 2.87019
20900 2.87672
21000 2.88315
21000 2.88315
21100 2.88948
21200 2.89571
21300 2.90185
21400 2.9079
21500 2.91385
21600 2.91972
21700 2.92549
21800 2.93118
21900 2.93678
22000 2.9423
22000 2.9423
22100 2.94773
22200 2.95308
22300 2.95835
22400 2.96353
22500 2.96864
22600 2.97367
22700 2.97863
22800 2.98351
22900 2.98832
23000 2.99305
23000 2.99305
23100 2.99771
23200 3.0023
23200 3.0023
23200 3.0023
23300 2.82976
23400 2.66994
23500 2.52188
23600 2.38474
23700 2.25769
23800 2.14001
23900 2.03099
24000 1.93
24000 1.93
24100 1.83646
24200 1.7498
24200 1.7498
24200 1.7498
24300 1.77334
24400 1.79653
24500 1.81936
24600 1.84185
24700 1.864
24800 1.88581
24900 1.90728
25000 1.92844
25000 1.92844
25100 1.94927
25200 1.96978
25300 1.98998
25400 2.00988
25500 2.02947
25600 2.04877
25700 2.06777
25800 2.08649
25900 2.10492
26000 2.12307
26000 2.12307
26100 2.14094
26200 2.15855
26300 2.17588
26400 2.19295
26500 2.20977
26600 2.22633
26700 2.24263
26800 2.25869
26900 2.27451
27000 2.29008
27000 2.29008
27100 2.30542
27200 2.32052
27300 2.3354
27400 2.35005
27500 2.36448
27600 2.37868
27700 2.39268
27800 2.40646
27900 2.42003
28000 2.43339
28000 2.43339
28100 2.44655
28200 2.45951
28300 2.47228
28400 2.48485
28500 2.49723
28600 2.50942
28700 2.52143
28800 2.53325
28900 2.5449
29000 2.55636
29000 2.55636
29100 2.56766
29200 2.57878
29300 2.58973
29400 2.60052
29500 2.61114
29600 2.6216
29700 2.63191
29800 2.64205
29900 2.65205
30000 2.66189
30000 2.66189
30100 2.67158
30200 2.68112
30300 2.69052
30400 2.69978
30500 2.70889
30600 2.71787
30700 2.72671
30800 2.73541
30900 2.74399
31000 2.75243
31000 2.75243
31100 2.76075
31200 2.76894
31300 2.777
31400 2.78495
31500 2.79277
31600 2.80047
31700 2.80806
31800 2.81553
31900 2.82288
32000 2.83013
32000 2.83013
32100 2.83727
32200 2.84429
32300 2.85121
32400 2.85803
32500 2.86474
32600 2.87135
32700 2.87786
32800 2.88427
32900 2.89058
33000 2.8968
33000 2.8968
33100 2.90292
33200 2.90895
33300 2.91489
33400 2.92074
33500 2.9265
33600 2.93217
33700 2.93776
33800 2.94326
33900 2.94868
34000 2.95401
34000 2.95401
34100 2.95927
34200 2.96444
34300 2.96954
34400 2.97455
34500 2.9795
34600 2.98436
34700 2.98916
34800 2.99388
34900 2.99852
35000 3.0031
35000 3.0031
35000 3.0031
35000 3.0031
35100 2.83051
35200 2.67063
35300 2.52252
35400 2.38533
35500 2.25824
35600 2.14051
35700 2.03146
35800 1.93044
35900 1.83686
36000 1.75017
36000 1.75017
36000 1.75017
36000 1.75017
36100 1.77371
36200 1.79689
36300 1.81972
36400 1.8422
36500 1.86434
36600 1.88615
36700 1.90762
36800 1.92877
36900 1.94959
37000 1.9701
37000 1.9701
37100 1.9903
37200 2.01019
37300 2.02978
37400 2.04907
37500 2.06807
37600 2.08678
37700 2.10521
37800 2.12335
37900 2.14122
38000 2.15882
38000 2.15882
38100 2.17615
38200 2.19322
38300 2.21003
38400 2.22658
38500 2.24289
38600 2.25894
38700 2.27475
38800 2.29032
38900 2.30566
39000 2.32076
39000 2.32076
39100 2.33563
39200 2.35028
39300 2.3647
39400 2.37891
39500 2.39289
39600 2.40667
39700 2.42024
39800 2.4336
39900 2.44676
40000 2.45972
40000 2.45972
40100 2.47248
40200 2.48505
40300 2.49742
40400 2.50961
40500 2.52161
40600 2.53344
40700 2.54508
40800 2.55654
40900 2.56783
41000 2.57895
41000 2.57895
41100 2.5899
41200 2.60069
41300 2.61131
41400 2.62177
41500 2.63207
41600 2.64221
41700 2.6522
41800 2.66204
41900 2.67173
42000 2.68127
42000 2.68127
42100 2.69067
42200 2.69992
42300 2.70903
42400 2.71801
42500 2.72685
42600 2.73555
42700 2.74412
42800 2.75256
42900 2.76088
43000 2.76907
43000 2.76907
43100 2.77713
43200 2.78507
43300 2.79289
43400 2.80059
43500 2.80817
43600 2.81564
43700 2.823
43800 2.83024
43900 2.83738
