0 3.03099
0 3.0306
0 3.0306
2 3.0119
2 3.0119
100 2.83834
200 2.67143
300 2.51492
400 2.36814
500 2.23051
600 2.10144
700 1.98041
800 1.86691
900 1.76047
900 1.76047
900 1.76047
1000 1.76518
1000 1.76518
1100 1.76987
1200 1.77454
1300 1.77921
1400 1.78385
1500 1.78849
1600 1.79311
1700 1.79771
1800 1.8023
1900 1.80688
2000 1.81144
2000 1.81144
2100 1.81599
2200 1.82052
2300 1.82505
2400 1.82955
2500 1.83405
2600 1.83853
2700 1.84299
2800 1.84744
2900 1.85188
3000 1.85631
3000 1.85631
3100 1.86072
3200 1.86512
3300 1.8695
3400 1.87387
3500 1.87823
3600 1.88258
3700 1.88691
3800 1.89123
3900 1.89553
4000 1.89982
4000 1.89982
4100 1.9041
4200 1.90837
4300 1.91262
4400 1.91686
4500 1.92109
4600 1.9253
4700 1.9295
4800 1.93369
4900 1.93786
5000 1.94203
5000 1.94203
5100 1.94618
5200 1.95031
5300 1.95444
5400 1.95855
5500 1.96265
5600 1.96674
5700 1.97081
5800 1.97487
5900 1.97892
6000 1.98296
6000 1.98296
6100 1.98698
6200 1.99099
6300 1.995
6400 1.99898
6500 2.00296
6600 2.00692
6700 2.01087
6800 2.01481
6900 2.01874
7000 2.02266
7000 2.02266
7100 2.02656
7200 2.03045
7300 2.03433
7400 2.0382
7500 2.04205
7600 2.0459
7700 2.04973
7800 2.05355
7900 2.05736
8000 2.06116
8000 2.06116
8100 2.06494
8200 2.06871
8300 2.07248
8400 2.07623
8500 2.07997
8600 2.0837
8700 2.08741
8800 2.09112
8900 2.09481
9000 2.09849
9000 2.09849
9100 2.10217
9200 2.10583
9300 2.10948
9400 2.11311
9500 2.11674
9600 2.12036
9700 2.12396
9800 2.12755
9900 2.13114
10000 2.13471
10000 2.13471
10100 2.13827
10200 2.14182
10300 2.14536
10400 2.14889
10500 2.1524
10600 2.15591
10700 2.15941
10800 2.16289
10900 2.16637
11000 2.16983
11000 2.16983
11100 2.17328
11200 2.17673
11300 2.18016
11400 2.18358
11500 2.18699
11600 2.19039
11700 2.19378
11800 2.19716
11900 2.20053
12000 2.20389
12000 2.20389
12100 2.20724
12200 2.21058
12300 2.21391
12400 2.21723
12500 2.22054
12600 2.22384
12700 2.22712
12800 2.2304
12900 2.23367
13000 2.23693
13000 2.23693
13100 2.24018
13200 2.24342
13300 2.24664
13400 2.24986
13500 2.25307
13600 2.25627
13700 2.25946
13800 2.26264
13900 2.26581
14000 2.26897
14000 2.26897
14100 2.27212
14200 2.27526
14300 2.27839
14400 2.28151
14500 2.28463
14600 2.28773
14700 2.29082
14800 2.29391
14900 2.29698
15000 2.30004
15000 2.30004
15100 2.3031
15200 2.30615
15300 2.30918
15400 2.31221
15500 2.31523
15600 2.31824
15700 2.32124
15800 2.32423
15900 2.32721
16000 2.33018
16000 2.33018
16100 2.33314
16200 2.3361
16300 2.33904
16400 2.34198
16500 2.34491
16600 2.34783
16700 2.35074
16800 2.35364
16900 2.35653
17000 2.35941
17000 2.35941
17100 2.36228
17200 2.36515
17300 2.36801
17400 2.37085
17500 2.37369
17600 2.37652
17700 2.37934
17800 2.38216
17900 2.38496
18000 2.38776
18000 2.38776
18100 2.39055
18200 2.39332
18300 2.39609
18400 2.39886
18500 2.40161
18600 2.40435
18700 2.40709
18800 2.40982
18900 2.41254
19000 2.41525
19000 2.41525
19100 2.41795
19200 2.42065
19300 2.42334
19400 2.42601
19500 2.42869
19600 2.43135
19700 2.434
19800 2.43665
19900 2.43929
20000 2.44192
20000 2.44192
20100 2.44454
20200 2.44715
20300 2.44976
20400 2.45235
20500 2.45494
20600 2.45753
20700 2.4601
20800 2.46267
20900 2.46522
21000 2.46778
21000 2.46778
21100 2.47032
21200 2.47285
21300 2.47538
21400 2.4779
21500 2.48041
21600 2.48292
21700 2.48541
21800 2.4879
21900 2.49038
22000 2.49286
22000 2.49286
22100 2.49532
22200 2.49778
22300 2.50023
22400 2.50268
22500 2.50511
22600 2.50754
22700 2.50996
22800 2.51237
22900 2.51478
23000 2.51718
23000 2.51718
23100 2.51957
23200 2.52196
23300 2.52433
23400 2.5267
23500 2.52907
23600 2.53142
23700 2.53377
23800 2.53611
23900 2.53844
24000 2.54077
24000 2.54077
24100 2.54309
24200 2.5454
24300 2.54771
24400 2.55001
24500 2.5523
24600 2.55458
24700 2.55686
24800 2.55913
24900 2.56139
25000 2.56365
25000 2.56365
25100 2.5659
25200 2.56814
25300 2.57038
25400 2.57261
25500 2.57483
25600 2.57705
25700 2.57926
25800 2.58146
25900 2.58365
26000 2.58584
26000 2.58584
26100 2.58802
26200 2.5902
26300 2.59237
26400 2.59453
26500 2.59668
26600 2.59883
26700 2.60098
26800 2.60311
26900 2.60524
27000 2.60736
27000 2.60736
27100 2.60948
27200 2.61159
27300 2.61369
27400 2.61579
27500 2.61788
27600 2.61996
27700 2.62204
27800 2.62411
27900 2.62618
28000 2.62823
28000 2.62823
28100 2.63029
28200 2.63233
28300 2.63437
28400 2.63641
28500 2.63843
28600 2.64045
28700 2.64247
28800 2.64448
28900 2.64648
29000 2.64848
29000 2.64848
29100 2.65047
29200 2.65245
29300 2.65443
29400 2.6564
29500 2.65837
29600 2.66033
29700 2.66228
29800 2.66423
29900 2.66617
30000 2.66811
30000 2.66811
30100 2.67004
30200 2.67197
30300 2.67388
30400 2.6758
30500 2.6777
30600 2.6796
30700 2.6815
30800 2.68339
30900 2.68527
31000 2.68715
31000 2.68715
31100 2.68902
31200 2.69089
31300 2.69275
31400 2.69461
31500 2.69646
31600 2.6983
31700 2.70014
31800 2.70197
31900 2.7038
32000 2.70562
32000 2.70562
32100 2.70743
32200 2.70924
32300 2.71105
32400 2.71285
32500 2.71464
32600 2.71643
32700 2.71821
32800 2.71999
32900 2.72176
33000 2.72353
33000 2.72353
33100 2.72529
33200 2.72704
33300 2.7288
33400 2.73054
33500 2.73228
33600 2.73401
33700 2.73574
33800 2.73747
33900 2.73919
34000 2.7409
34000 2.7409
34100 2.74261
34200 2.74431
34300 2.74601
34400 2.7477
34500 2.74939
34600 2.75107
34700 2.75274
34800 2.75442
34900 2.75608
35000 2.75774
35000 2.75774
35100 2.7594
35200 2.76105
35300 2.7627
35400 2.76434
35500 2.76598
35600 2.76761
35700 2.76923
35800 2.77086
35900 2.77247
36000 2.77408
36000 2.77408
36100 2.77569
36200 2.77729
36300 2.77889
36400 2.78048
36500 2.78207
36600 2.78365
36700 2.78523
36800 2.7868
36900 2.78837
37000 2.78993
37000 2.78993
37100 2.79149
37200 2.79304
37300 2.79459
37400 2.79613
37500 2.79767
37600 2.79921
37700 2.80074
37800 2.80226
37900 2.80378
38000 2.8053
38000 2.8053
38100 2.80681
38200 2.80832
38300 2.80982
38400 2.81131
38500 2.81281
38600 2.8143
38700 2.81578
38800 2.81726
38900 2.81873
39000 2.8202
39000 2.8202
39100 2.82167
39200 2.82313
39300 2.82459
39400 2.82604
39500 2.82749
39600 2.82893
39700 2.83037
39800 2.8318
39900 2.83323
40000 2.83466
40000 2.83466
40100 2.83608
40200 2.8375
40300 2.83891
40400 2.84032
40500 2.84172
40600 2.84312
40700 2.84452
40800 2.84591
40900 2.84729
41000 2.84868
41000 2.84868
41100 2.85006
41200 2.85143
41300 2.8528
41400 2.85417
41500 2.85553
41600 2.85689
41700 2.85824
41800 2.85959
41900 2.86093
42000 2.86227
42000 2.86227
42100 2.86361
42200 2.86494
42300 2.86627
42400 2.8676
42500 2.86892
42600 2.87024
42700 2.87155
42800 2.87286
42900 2.87416
43000 2.87546
43000 2.87546
43100 2.87676
43200 2.87805
43300 2.87934
43400 2.88062
43500 2.88191
43600 2.88318
43700 2.88446
43800 2.88572
43900 2.88699
