0 3.03099
0 3.03093
0 3.03093
2 3.02813
2 3.02813
100 3.00175
200 2.97503
300 2.94861
400 2.92249
500 2.89667
600 2.87115
700 2.84592
800 2.82097
900 2.79631
1000 2.77193
1000 2.77193
1100 2.74783
1200 2.72401
1300 2.70045
1400 2.67717
1500 2.65415
1600 2.63139
1700 2.6089
1800 2.58666
1900 2.56467
2000 2.54294
2000 2.54294
2048 2.53259
2048 2.53259
2050 2.53045
2050 2.53045
2100 2.51975
2200 2.49853
2300 2.47755
2400 2.45681
2500 2.4363
2600 2.41603
2700 2.39599
2800 2.37618
2900 2.3566
3000 2.33724
3000 2.33724
3100 2.3181
3200 2.29918
3300 2.28047
3400 2.26198
3500 2.2437
3600 2.22563
3700 2.20776
3800 2.1901
3900 2.17264
4000 2.15538
4000 2.15538
4096 2.13899
4096 2.13899
4098 2.13706
4098 2.13706
4100 2.13676
4200 2.1199
4300 2.10324
4400 2.08678
4500 2.07049
4502 2.0701
4502 2.0701
4504 2.06705
4504 2.06705
4504 2.06702
4504 2.06702
4505 2.06618
4505 2.06618
4505 2.06614
4505 2.06614
4506 2.06509
4506 2.06509
4506 2.06506
4506 2.06506
4507 2.06316
4507 2.06316
4600 2.04839
4700 2.03255
4800 2.01689
4900 2.0014
5000 1.9861
5000 1.9861
5100 1.97096
5200 1.956
5300 1.94121
5400 1.92659
5500 1.91214
5600 1.89785
5700 1.88373
5800 1.86976
5900 1.85596
6000 1.84231
6000 1.84231
6100 1.82882
6144 1.82293
6144 1.82293
6146 1.82143
6146 1.82143
6146 1.82143
6146 1.82143
6200 1.82326
6300 1.82665
6400 1.83002
6500 1.83339
6600 1.83676
6700 1.84011
6800 1.84346
6900 1.8468
7000 1.85013
7000 1.85013
7100 1.85346
7200 1.85677
7300 1.86008
7400 1.86338
7500 1.86668
7600 1.86997
7700 1.87324
7800 1.87652
7900 1.87978
8000 1.88304
8000 1.88304
8100 1.88629
8186 1.88909
8186 1.88909
8192 1.8883
8192 1.8883
8194 1.88662
8194 1.88662
8194 1.88662
8194 1.88662
8200 1.8868
8300 1.89005
8400 1.89328
8500 1.8965
8600 1.89972
8700 1.90293
8800 1.90614
8900 1.90933
9000 1.91252
9000 1.91252
9100 1.9157
9200 1.91888
9300 1.92204
9400 1.9252
9500 1.92836
9600 1.9315
9700 1.93464
9800 1.93777
9900 1.94089
10000 1.94401
10000 1.94401
10082 1.94658
10082 1.94658
10082 1.94658
10082 1.94658
10082 1.94658
10086 1.939
10086 1.939
10087 1.93897
10087 1.93897
10088 1.93819
10088 1.93819
10088 1.93819
10088 1.93819
10100 1.93856
10200 1.94168
10234 1.94275
10234 1.94275
10240 1.94193
10240 1.94193
10242 1.94032
10242 1.94032
10242 1.94032
10242 1.94032
10300 1.94213
10400 1.94524
10500 1.94835
10600 1.95145
10700 1.95454
10800 1.95763
10900 1.9607
11000 1.96378
11000 1.96378
11100 1.96684
11200 1.9699
11300 1.97295
11400 1.97599
11500 1.97903
11600 1.98205
11700 1.98508
11800 1.98809
11900 1.9911
12000 1.9941
12000 1.9941
12100 1.9971
12200 2.00008
12282 2.00254
12282 2.00254
12288 2.00168
12288 2.00168
12290 1.99979
12290 1.99979
12290 1.99979
12290 1.99979
12300 2.00008
12400 2.00306
12500 2.00603
12600 2.009
12700 2.01196
12800 2.01491
12900 2.01786
13000 2.0208
13000 2.0208
13100 2.02373
13200 2.02666
13300 2.02958
13400 2.03249
13500 2.0354
13600 2.0383
13700 2.04119
13800 2.04408
13900 2.04696
14000 2.04983
14000 2.04983
14100 2.0527
14200 2.05556
14300 2.05841
14330 2.05928
14330 2.05928
14336 2.05838
14336 2.05838
14400 2.0602
14500 2.06304
14600 2.06588
14700 2.06871
14800 2.07153
14900 2.07435
15000 2.07716
15000 2.07716
15100 2.07996
15200 2.08276
15300 2.08555
15400 2.08834
15500 2.09112
15600 2.09389
15700 2.09665
15800 2.09941
15900 2.10217
16000 2.10491
16000 2.10491
16100 2.10765
16200 2.11039
16300 2.11311
16378 2.11525
16378 2.11525
16384 2.11432
16384 2.11432
16386 2.11241
16386 2.11241
16386 2.11241
16386 2.11241
16400 2.11279
16500 2.11551
16600 2.11823
16700 2.12094
16800 2.12364
16900 2.12634
17000 2.12903
17000 2.12903
17100 2.13171
17200 2.13439
17300 2.13707
17400 2.13973
17500 2.14239
17600 2.14505
17700 2.14769
17800 2.15034
17900 2.15297
18000 2.1556
18000 2.1556
18100 2.15823
18200 2.16085
18300 2.16346
18400 2.16606
18426 2.16675
18426 2.16675
18432 2.16578
18432 2.16578
18434 2.16397
18434 2.16397
18434 2.16397
18434 2.16397
18500 2.16569
18600 2.16829
18700 2.17089
18800 2.17348
18900 2.17606
19000 2.17864
19000 2.17864
19100 2.18121
19200 2.18377
19300 2.18633
19400 2.18889
19500 2.19143
19600 2.19398
19700 2.19651
19800 2.19904
19900 2.20157
20000 2.20409
20000 2.20409
20082 2.20616
20082 2.20616
20082 2.20616
20082 2.20616
20082 2.20616
20086 2.19753
20086 2.19753
20087 2.1975
20087 2.1975
20088 2.19659
20088 2.19659
20088 2.19659
20088 2.19659
20100 2.1969
20200 2.19943
20300 2.20195
20400 2.20447
20474 2.20634
20474 2.20634
20480 2.20535
20480 2.20535
20482 2.20324
20482 2.20324
20482 2.20324
20482 2.20324
20500 2.20369
20600 2.2062
20700 2.20871
20800 2.21121
20900 2.21371
21000 2.2162
21000 2.2162
21100 2.21869
21200 2.22117
21300 2.22364
21400 2.22611
21500 2.22857
21600 2.23103
21700 2.23348
21800 2.23592
21900 2.23836
22000 2.2408
22000 2.2408
22100 2.24323
22200 2.24565
22300 2.24807
22400 2.25048
22500 2.25288
22522 2.25342
22522 2.25342
22528 2.2524
22528 2.2524
22600 2.25413
22700 2.25653
22800 2.25892
22900 2.26131
23000 2.26369
23000 2.26369
23100 2.26607
23200 2.26844
23300 2.2708
23400 2.27316
23500 2.27552
23600 2.27787
23700 2.28021
23800 2.28255
23900 2.28488
24000 2.28721
24000 2.28721
24100 2.28953
24200 2.29185
24300 2.29416
24400 2.29647
24500 2.29877
24570 2.30039
24570 2.30039
24576 2.29933
24576 2.29933
24578 2.29725
24578 2.29725
24578 2.29725
24578 2.29725
24600 2.29775
24700 2.30005
24800 2.30234
24900 2.30463
25000 2.30691
25000 2.30691
25100 2.30919
25200 2.31146
25300 2.31373
25400 2.31599
25500 2.31824
25600 2.3205
25700 2.32274
25800 2.32498
25900 2.32722
26000 2.32945
26000 2.32945
26100 2.33167
26200 2.33389
26300 2.33611
26400 2.33832
26500 2.34052
26600 2.34272
26618 2.34313
26618 2.34313
26624 2.34205
26624 2.34205
26626 2.34008
26626 2.34008
26626 2.34008
26626 2.34008
26700 2.34171
26800 2.3439
26900 2.3461
27000 2.34828
27000 2.34828
27100 2.35046
27200 2.35264
27300 2.35481
27400 2.35698
27500 2.35914
27600 2.3613
27700 2.36345
27800 2.3656
27900 2.36774
28000 2.36988
28000 2.36988
28100 2.37201
28200 2.37414
28300 2.37626
28400 2.37838
28500 2.3805
28600 2.3826
28666 2.384
28666 2.384
28672 2.3829
28672 2.3829
28674 2.38073
28674 2.38073
28674 2.38073
28674 2.38073
28700 2.38127
28800 2.38338
28900 2.38548
29000 2.38758
29000 2.38758
29100 2.38967
29200 2.39176
29300 2.39384
29400 2.39592
29500 2.39799
29600 2.40006
29700 2.40212
29800 2.40418
29900 2.40624
30000 2.40829
30000 2.40829
30082 2.40998
30082 2.40998
30082 2.40998
30082 2.40998
30082 2.40998
30086 2.40051
30086 2.40051
30087 2.40048
30087 2.40048
30088 2.39949
30088 2.39949
30088 2.39949
30088 2.39949
30100 2.39973
30200 2.4018
30300 2.40386
30400 2.40591
30500 2.40796
30600 2.41001
30700 2.41205
30714 2.41234
30714 2.41234
30720 2.41122
30720 2.41122
30722 2.40918
30722 2.40918
30722 2.40918
30722 2.40918
30800 2.41078
30900 2.41281
31000 2.41485
31000 2.41485
31100 2.41688
31200 2.4189
31300 2.42092
31400 2.42294
31500 2.42495
31600 2.42696
31700 2.42896
31800 2.43096
31900 2.43295
32000 2.43494
32000 2.43494
32100 2.43692
32200 2.4389
32300 2.44087
32400 2.44284
32500 2.44481
32600 2.44677
32700 2.44873
32762 2.44994
32762 2.44994
32768 2.4488
32768 2.4488
32770 2.44644
32770 2.44644
32770 2.44644
32770 2.44644
32800 2.44703
32900 2.44898
33000 2.45093
33000 2.45093
33100 2.45288
33200 2.45482
33300 2.45676
33400 2.45869
33500 2.46062
33600 2.46255
33700 2.46447
33800 2.46638
33900 2.46829
34000 2.4702
34000 2.4702
34100 2.4721
34200 2.474
34300 2.4759
34400 2.47779
34500 2.47967
34600 2.48155
34700 2.48343
34800 2.4853
34810 2.4855
34810 2.4855
34816 2.48433
34816 2.48433
34900 2.4859
35000 2.48776
35000 2.48776
35100 2.48963
35200 2.49148
35300 2.49334
35400 2.49519
35500 2.49703
35600 2.49887
35700 2.50071
35800 2.50254
35900 2.50437
36000 2.5062
36000 2.5062
36100 2.50802
36200 2.50983
36300 2.51164
36400 2.51345
36500 2.51525
36600 2.51705
36700 2.51885
36800 2.52064
36858 2.52168
36858 2.52168
36864 2.52049
36864 2.52049
36866 2.51819
36866 2.51819
36866 2.51819
36866 2.51819
36900 2.5188
37000 2.52059
37000 2.52059
37100 2.52237
37200 2.52416
37300 2.52594
37400 2.52771
37500 2.52948
37600 2.53125
37700 2.53301
37800 2.53477
37900 2.53652
38000 2.53828
38000 2.53828
38100 2.54002
38200 2.54176
38300 2.5435
38400 2.54524
38500 2.54697
38600 2.54869
38700 2.55042
38800 2.55214
38900 2.55385
38906 2.55396
38906 2.55396
38912 2.55275
38912 2.55275
38914 2.55058
38914 2.55058
38914 2.55058
38914 2.55058
39000 2.55206
39000 2.55206
39100 2.55377
39200 2.55549
39300 2.55719
39400 2.5589
39500 2.5606
39600 2.56229
39700 2.56398
39800 2.56567
39900 2.56735
40000 2.56903
40000 2.56903
40082 2.57042
40082 2.57042
40082 2.57042
40082 2.57042
40082 2.57042
40086 2.5603
40086 2.5603
40087 2.56027
40087 2.56027
40088 2.5592
40088 2.5592
40088 2.5592
40088 2.5592
40100 2.55941
40200 2.5611
40300 2.5628
40400 2.56449
40500 2.56618
40600 2.56786
40700 2.56954
40800 2.57121
40900 2.57288
40954 2.57379
40954 2.57379
40960 2.57256
40960 2.57256
40962 2.57008
40962 2.57008
40962 2.57008
40962 2.57008
41000 2.57071
41000 2.57071
41100 2.57239
41200 2.57405
41300 2.57572
41400 2.57738
41500 2.57904
41600 2.58069
41700 2.58234
41800 2.58398
41900 2.58563
42000 2.58726
42000 2.58726
42100 2.5889
42200 2.59053
42300 2.59216
42400 2.59378
42500 2.5954
42600 2.59701
42700 2.59862
42800 2.60023
42900 2.60184
43000 2.60344
43000 2.60344
43002 2.60348
43002 2.60348
43008 2.60223
43008 2.60223
43100 2.6037
43200 2.6053
43300 2.60689
43400 2.60848
43500 2.61007
43600 2.61165
43700 2.61323
43800 2.6148
43900 2.61637
