0 3.03099
0 3.03096
0 3.03096
2 3.02984
2 3.02984
100 3.0191
200 3.00814
300 2.99722
400 2.98634
500 2.97551
600 2.96472
700 2.95398
800 2.94328
900 2.93262
1000 2.92201
1000 2.92201
1100 2.91144
1200 2.90091
1300 2.89042
1400 2.87998
1500 2.86957
1600 2.85921
1700 2.8489
1800 2.83862
1900 2.82838
2000 2.81819
2000 2.81819
2048 2.81331
2048 2.81331
2050 2.81235
2050 2.81235
2100 2.80728
2200 2.79717
2300 2.7871
2400 2.77708
2500 2.76709
2600 2.75714
2700 2.74723
2800 2.73737
2900 2.72754
3000 2.71775
3000 2.71775
3100 2.708
3200 2.6983
3300 2.68863
3400 2.679
3500 2.6694
3600 2.65985
3700 2.65034
3800 2.64086
3900 2.63142
4000 2.62202
4000 2.62202
4096 2.61303
4096 2.61303
4098 2.61207
4098 2.61207
4100 2.6119
4200 2.60258
4300 2.5933
4400 2.58405
4500 2.57484
4502 2.57462
4502 2.57462
4504 2.57308
4504 2.57308
4504 2.57307
4504 2.57307
4505 2.57263
4505 2.57263
4505 2.57261
4505 2.57261
4506 2.57207
4506 2.57207
4506 2.57206
4506 2.57206
4507 2.5711
4507 2.5711
4600 2.56266
4700 2.55354
4800 2.54445
4900 2.5354
5000 2.52639
5000 2.52639
5100 2.51741
5200 2.50847
5300 2.49957
5400 2.4907
5500 2.48187
5600 2.47307
5700 2.46431
5800 2.45558
5900 2.44689
6000 2.43823
6000 2.43823
6100 2.42961
6144 2.42583
6144 2.42583
6146 2.425
6146 2.425
6146 2.425
6146 2.425
6200 2.42517
6300 2.4255
6400 2.42582
6500 2.42614
6600 2.42646
6700 2.42678
6800 2.4271
6900 2.42742
7000 2.42774
7000 2.42774
7100 2.42806
7200 2.42838
7300 2.4287
7400 2.42902
7500 2.42934
7600 2.42966
7700 2.42998
7800 2.4303
7900 2.43062
8000 2.43094
8000 2.43094
8100 2.43126
8186 2.43153
8186 2.43153
8192 2.43105
8192 2.43105
8194 2.43016
8194 2.43016
8194 2.43016
8194 2.43016
8200 2.43017
8300 2.43049
8400 2.43081
8500 2.43113
8600 2.43145
8700 2.43177
8800 2.43209
8900 2.43241
9000 2.43273
9000 2.43273
9100 2.43305
9200 2.43336
9300 2.43368
9400 2.434
9500 2.43432
9600 2.43464
9700 2.43495
9800 2.43527
9900 2.43559
10000 2.43591
10000 2.43591
10082 2.43617
10082 2.43617
10082 2.43617
10082 2.43617
10082 2.43617
10086 2.43231
10086 2.43231
10087 2.4323
10087 2.4323
10088 2.43189
10088 2.43189
10088 2.43189
10088 2.43189
10100 2.43193
10200 2.43225
10234 2.43236
10234 2.43236
10240 2.43188
10240 2.43188
10242 2.43105
10242 2.43105
10242 2.43105
10242 2.43105
10300 2.43123
10400 2.43155
10500 2.43187
10600 2.43219
10700 2.43251
10800 2.43283
10900 2.43314
11000 2.43346
11000 2.43346
11100 2.43378
11200 2.4341
11300 2.43442
11400 2.43473
11500 2.43505
11600 2.43537
11700 2.43569
11800 2.436
11900 2.43632
12000 2.43664
12000 2.43664
12100 2.43696
12200 2.43727
12282 2.43753
12282 2.43753
12288 2.43705
12288 2.43705
12290 2.4361
12290 2.4361
12290 2.4361
12290 2.4361
12300 2.43613
12400 2.43645
12500 2.43677
12600 2.43709
12700 2.4374
12800 2.43772
12900 2.43804
13000 2.43835
13000 2.43835
13100 2.43867
13200 2.43899
13300 2.4393
13400 2.43962
13500 2.43993
13600 2.44025
13700 2.44056
13800 2.44088
13900 2.4412
14000 2.44151
14000 2.44151
14100 2.44183
14200 2.44214
14300 2.44246
14330 2.44255
14330 2.44255
14336 2.44207
14336 2.44207
14400 2.44227
14500 2.44259
14600 2.4429
14700 2.44321
14800 2.44353
14900 2.44384
15000 2.44416
15000 2.44416
15100 2.44447
15200 2.44479
15300 2.4451
15400 2.44541
15500 2.44573
15600 2.44604
15700 2.44636
15800 2.44667
15900 2.44698
16000 2.4473
16000 2.4473
16100 2.44761
16200 2.44792
16300 2.44823
16378 2.44848
16378 2.44848
16384 2.44799
16384 2.44799
16386 2.44709
16386 2.44709
16386 2.44709
16386 2.44709
16400 2.44714
16500 2.44745
16600 2.44776
16700 2.44807
16800 2.44839
16900 2.4487
17000 2.44901
17000 2.44901
17100 2.44932
17200 2.44964
17300 2.44995
17400 2.45026
17500 2.45057
17600 2.45089
17700 2.4512
17800 2.45151
17900 2.45182
18000 2.45213
18000 2.45213
18100 2.45244
18200 2.45275
18300 2.45307
18400 2.45338
18426 2.45346
18426 2.45346
18432 2.45297
18432 2.45297
18434 2.45213
18434 2.45213
18434 2.45213
18434 2.45213
18500 2.45234
18600 2.45265
18700 2.45296
18800 2.45327
18900 2.45358
19000 2.45389
19000 2.45389
19100 2.4542
19200 2.45452
19300 2.45483
19400 2.45514
19500 2.45545
19600 2.45576
19700 2.45607
19800 2.45638
19900 2.45669
20000 2.457
20000 2.457
20082 2.45725
20082 2.45725
20082 2.45725
20082 2.45725
20082 2.45725
20086 2.45336
20086 2.45336
20087 2.45335
20087 2.45335
20088 2.45294
20088 2.45294
20088 2.45294
20088 2.45294
20100 2.45298
20200 2.45329
20300 2.4536
20400 2.45391
20474 2.45414
20474 2.45414
20480 2.45365
20480 2.45365
20482 2.4527
20482 2.4527
20482 2.4527
20482 2.4527
20500 2.45275
20600 2.45307
20700 2.45338
20800 2.45369
20900 2.454
21000 2.45431
21000 2.45431
21100 2.45462
21200 2.45493
21300 2.45524
21400 2.45555
21500 2.45586
21600 2.45617
21700 2.45648
21800 2.45679
21900 2.4571
22000 2.45741
22000 2.45741
22100 2.45772
22200 2.45803
22300 2.45834
22400 2.45865
22500 2.45895
22522 2.45902
22522 2.45902
22528 2.45854
22528 2.45854
22600 2.45876
22700 2.45907
22800 2.45938
22900 2.45969
23000 2.45999
23000 2.45999
23100 2.4603
23200 2.46061
23300 2.46092
23400 2.46123
23500 2.46154
23600 2.46184
23700 2.46215
23800 2.46246
23900 2.46277
24000 2.46307
24000 2.46307
24100 2.46338
24200 2.46369
24300 2.464
24400 2.4643
24500 2.46461
24570 2.46482
24570 2.46482
24576 2.46434
24576 2.46434
24578 2.46343
24578 2.46343
24578 2.46343
24578 2.46343
24600 2.46349
24700 2.4638
24800 2.46411
24900 2.46442
25000 2.46472
25000 2.46472
25100 2.46503
25200 2.46534
25300 2.46564
25400 2.46595
25500 2.46625
25600 2.46656
25700 2.46687
25800 2.46717
25900 2.46748
26000 2.46778
26000 2.46778
26100 2.46809
26200 2.4684
26300 2.4687
26400 2.46901
26500 2.46931
26600 2.46962
26618 2.46967
26618 2.46967
26624 2.46918
26624 2.46918
26626 2.46834
26626 2.46834
26626 2.46834
26626 2.46834
26700 2.46856
26800 2.46887
26900 2.46917
27000 2.46948
27000 2.46948
27100 2.46978
27200 2.47009
27300 2.47039
27400 2.4707
27500 2.471
27600 2.47131
27700 2.47161
27800 2.47192
27900 2.47222
28000 2.47252
28000 2.47252
28100 2.47283
28200 2.47313
28300 2.47343
28400 2.47374
28500 2.47404
28600 2.47434
28666 2.47455
28666 2.47455
28672 2.47406
28672 2.47406
28674 2.47314
28674 2.47314
28674 2.47314
28674 2.47314
28700 2.47322
28800 2.47352
28900 2.47383
29000 2.47413
29000 2.47413
29100 2.47443
29200 2.47474
29300 2.47504
29400 2.47534
29500 2.47565
29600 2.47595
29700 2.47625
29800 2.47655
29900 2.47686
30000 2.47716
30000 2.47716
30082 2.47741
30082 2.47741
30082 2.47741
30082 2.47741
30082 2.47741
30086 2.47349
30086 2.47349
30087 2.47347
30087 2.47347
30088 2.47306
30088 2.47306
30088 2.47306
30088 2.47306
30100 2.4731
30200 2.4734
30300 2.4737
30400 2.47401
30500 2.47431
30600 2.47461
30700 2.47492
30714 2.47496
30714 2.47496
30720 2.47447
30720 2.47447
30722 2.47362
30722 2.47362
30722 2.47362
30722 2.47362
30800 2.47386
30900 2.47416
31000 2.47447
31000 2.47447
31100 2.47477
31200 2.47507
31300 2.47537
31400 2.47568
31500 2.47598
31600 2.47628
31700 2.47659
31800 2.47689
31900 2.47719
32000 2.47749
32000 2.47749
32100 2.47779
32200 2.4781
32300 2.4784
32400 2.4787
32500 2.479
32600 2.4793
32700 2.4796
32762 2.47979
32762 2.47979
32768 2.4793
32768 2.4793
32770 2.47834
32770 2.47834
32770 2.47834
32770 2.47834
32800 2.47842
32900 2.47873
33000 2.47903
33000 2.47903
33100 2.47933
33200 2.47963
33300 2.47993
33400 2.48023
33500 2.48053
33600 2.48083
33700 2.48114
33800 2.48144
33900 2.48174
34000 2.48204
34000 2.48204
34100 2.48234
34200 2.48264
34300 2.48294
34400 2.48324
34500 2.48354
34600 2.48384
34700 2.48414
34800 2.48444
34810 2.48447
34810 2.48447
34816 2.48398
34816 2.48398
34900 2.48423
35000 2.48453
35000 2.48453
35100 2.48483
35200 2.48513
35300 2.48542
35400 2.48572
35500 2.48602
35600 2.48632
35700 2.48662
35800 2.48692
35900 2.48722
36000 2.48752
36000 2.48752
36100 2.48781
36200 2.48811
36300 2.48841
36400 2.48871
36500 2.48901
36600 2.4893
36700 2.4896
36800 2.4899
36858 2.49007
36858 2.49007
36864 2.48958
36864 2.48958
36866 2.48866
36866 2.48866
36866 2.48866
36866 2.48866
36900 2.48876
37000 2.48906
37000 2.48906
37100 2.48936
37200 2.48965
37300 2.48995
37400 2.49025
37500 2.49055
37600 2.49084
37700 2.49114
37800 2.49144
37900 2.49173
38000 2.49203
38000 2.49203
38100 2.49233
38200 2.49262
38300 2.49292
38400 2.49322
38500 2.49351
38600 2.49381
38700 2.49411
38800 2.4944
38900 2.4947
38906 2.49472
38906 2.49472
38912 2.49422
38912 2.49422
38914 2.49337
38914 2.49337
38914 2.49337
38914 2.49337
39000 2.49362
39000 2.49362
39100 2.49392
39200 2.49421
39300 2.49451
39400 2.49481
39500 2.4951
39600 2.4954
39700 2.49569
39800 2.49599
39900 2.49628
40000 2.49658
40000 2.49658
40082 2.49682
40082 2.49682
40082 2.49682
40082 2.49682
40082 2.49682
40086 2.49287
40086 2.49287
40087 2.49286
40087 2.49286
40088 2.49244
40088 2.49244
40088 2.49244
40088 2.49244
40100 2.49247
40200 2.49277
40300 2.49307
40400 2.49336
40500 2.49366
40600 2.49396
40700 2.49425
40800 2.49455
40900 2.49484
40954 2.495
40954 2.495
40960 2.49451
40960 2.49451
40962 2.49354
40962 2.49354
40962 2.49354
40962 2.49354
41000 2.49365
41000 2.49365
41100 2.49395
41200 2.49424
41300 2.49454
41400 2.49483
41500 2.49513
41600 2.49542
41700 2.49572
41800 2.49602
41900 2.49631
42000 2.49661
42000 2.49661
42100 2.4969
42200 2.4972
42300 2.49749
42400 2.49779
42500 2.49808
42600 2.49837
42700 2.49867
42800 2.49896
42900 2.49926
43000 2.49955
43000 2.49955
43002 2.49956
43002 2.49956
43008 2.49906
43008 2.49906
43100 2.49933
43200 2.49963
43300 2.49992
43400 2.50021
43500 2.50051
43600 2.5008
43700 2.50109
43800 2.50139
43900 2.50168
