0 3.03099
0 3.02981
0 3.02981
2 2.97408
2 2.97408
100 2.49091
200 2.08164
300 1.74415
300 1.74415
300 1.74415
400 1.75837
500 1.77246
600 1.78642
700 1.80025
800 1.81396
900 1.82754
1000 1.841
1000 1.841
1100 1.85433
1200 1.86755
1300 1.88064
1400 1.89361
1500 1.90647
1600 1.9192
1700 1.93182
1800 1.94433
1900 1.95672
2000 1.96899
2000 1.96899
2100 1.98116
2200 1.99321
2300 2.00515
2400 2.01699
2500 2.02871
2600 2.04033
2700 2.05184
2800 2.06325
2900 2.07455
3000 2.08575
3000 2.08575
3100 2.09685
3200 2.10785
3300 2.11874
3400 2.12954
3500 2.14024
3600 2.15083
3700 2.16134
3800 2.17174
3900 2.18205
4000 2.19227
4000 2.19227
4100 2.20239
4200 2.21243
4300 2.22236
4400 2.23221
4500 2.24197
4600 2.25164
4700 2.26122
4800 2.27071
4900 2.28012
5000 2.28944
5000 2.28944
5100 2.29868
5200 2.30783
5300 2.31689
5400 2.32588
5500 2.33478
5600 2.3436
5700 2.35234
5800 2.361
5900 2.36958
6000 2.37809
6000 2.37809
6100 2.38651
6200 2.39486
6300 2.40313
6400 2.41133
6500 2.41945
6600 2.42749
6700 2.43547
6800 2.44337
6900 2.4512
7000 2.45895
7000 2.45895
7100 2.46664
7200 2.47425
7300 2.4818
7400 2.48928
7500 2.49668
7600 2.50402
7700 2.5113
7800 2.51851
7900 2.52565
8000 2.53272
8000 2.53272
8100 2.53973
8200 2.54668
8300 2.55356
8400 2.56038
8500 2.56714
8600 2.57384
8700 2.58048
8800 2.58705
8900 2.59356
9000 2.60002
9000 2.60002
9100 2.60642
9200 2.61275
9300 2.61903
9400 2.62526
9500 2.63142
9600 2.63753
9700 2.64358
9800 2.64958
9900 2.65552
10000 2.66141
10000 2.66141
10100 2.66725
10200 2.67303
10300 2.67876
10400 2.68443
10500 2.69006
10600 2.69563
10700 2.70115
10800 2.70662
10900 2.71205
11000 2.71742
11000 2.71742
11100 2.72274
11200 2.72801
11300 2.73324
11400 2.73842
11500 2.74355
11600 2.74863
11700 2.75367
11800 2.75866
11900 2.76361
12000 2.76851
12000 2.76851
12100 2.77336
12200 2.77818
12300 2.78294
12400 2.78767
12500 2.79235
12600 2.79699
12700 2.80158
12800 2.80613
12900 2.81065
13000 2.81512
13000 2.81512
13100 2.81955
13200 2.82394
13300 2.82828
13400 2.83259
13500 2.83686
13600 2.8411
13700 2.84529
13800 2.84944
13900 2.85356
14000 2.85764
14000 2.85764
14100 2.86168
14200 2.86568
14300 2.86965
14400 2.87358
14500 2.87747
14600 2.88133
14700 2.88516
14800 2.88895
14900 2.8927
15000 2.89642
15000 2.89642
15100 2.90011
15200 2.90376
15300 2.90738
15400 2.91097
15500 2.91452
15600 2.91804
15700 2.92153
15800 2.92499
15900 2.92841
16000 2.93181
16000 2.93181
16100 2.93517
16200 2.9385
16300 2.9418
16400 2.94508
16500 2.94832
16600 2.95153
16700 2.95471
16800 2.95787
16900 2.96099
17000 2.96409
17000 2.96409
17100 2.96715
17200 2.97019
17300 2.97321
17400 2.97619
17500 2.97915
17600 2.98208
17700 2.98498
17800 2.98786
17900 2.99071
18000 2.99353
18000 2.99353
18100 2.99633
18200 2.99911
18300 3.00185
18300 3.00185
18300 3.00185
18400 2.50298
18432 2.36261
18432 2.36261
18434 2.32242
18434 2.32242
18500 2.06383
18502 2.05498
18502 2.05498
18504 1.99449
18504 1.99449
18504 1.99392
18504 1.99392
18505 1.97727
18505 1.97727
18505 1.97634
18505 1.97634
18506 1.9559
18506 1.9559
18506 1.95534
18506 1.95534
18507 1.91918
18507 1.91918
18599 1.63251
18599 1.63251
18599 1.63251
18599 1.63251
18600 1.63252
18700 1.64776
18800 1.66286
18900 1.67782
19000 1.69265
19000 1.69265
19100 1.70734
19200 1.7219
19300 1.73632
19400 1.75061
19500 1.76477
19600 1.7788
19700 1.79271
19800 1.80648
19900 1.82013
20000 1.83366
20000 1.83366
20100 1.84706
20200 1.86034
20300 1.8735
20400 1.88654
20500 1.89945
20600 1.91225
20700 1.92494
20800 1.9375
20900 1.94996
21000 1.9623
21000 1.9623
21100 1.97452
21200 1.98664
21300 1.99864
21400 2.01053
21500 2.02232
21600 2.03399
21700 2.04556
21800 2.05703
21900 2.06839
22000 2.07965
22000 2.07965
22100 2.0908
22200 2.10185
22300 2.1128
22400 2.12365
22500 2.1344
22600 2.14505
22700 2.15561
22800 2.16607
22900 2.17643
23000 2.1867
23000 2.1867
23100 2.19687
23200 2.20695
23300 2.21694
23400 2.22684
23500 2.23665
23600 2.24637
23700 2.256
23800 2.26554
23900 2.27499
24000 2.28436
24000 2.28436
24100 2.29364
24200 2.30284
24300 2.31195
24400 2.32098
24500 2.32993
24600 2.33879
24700 2.34757
24800 2.35628
24900 2.3649
25000 2.37345
25000 2.37345
25100 2.38192
25200 2.3903
25300 2.39862
25400 2.40686
25500 2.41502
25600 2.4231
25700 2.43112
25800 2.43906
25900 2.44693
26000 2.45472
26000 2.45472
26100 2.46245
26200 2.4701
26300 2.47768
26400 2.4852
26500 2.49264
26600 2.50002
26700 2.50733
26800 2.51457
26900 2.52175
27000 2.52886
27000 2.52886
27100 2.53591
27200 2.54289
27300 2.54981
27400 2.55666
27500 2.56346
27600 2.57019
27700 2.57686
27800 2.58346
27900 2.59001
28000 2.5965
28000 2.5965
28100 2.60293
28200 2.6093
28300 2.61561
28400 2.62186
28500 2.62806
28600 2.6342
28700 2.64028
28800 2.64631
28900 2.65228
29000 2.6582
29000 2.6582
29100 2.66406
29200 2.66987
29300 2.67563
29400 2.68134
29500 2.68699
29600 2.69259
29700 2.69814
29800 2.70364
29900 2.70909
30000 2.71449
30000 2.71449
30100 2.71984
30200 2.72514
30300 2.73039
30400 2.73559
30500 2.74075
30600 2.74586
30700 2.75092
30800 2.75594
30900 2.76091
31000 2.76584
31000 2.76584
31100 2.77072
31200 2.77555
31300 2.78034
31400 2.78509
31500 2.78979
31600 2.79446
31700 2.79907
31800 2.80365
31900 2.80819
32000 2.81268
32000 2.81268
32100 2.81713
32200 2.82154
32300 2.82591
32400 2.83024
32500 2.83453
32600 2.83879
32700 2.843
32800 2.84718
32900 2.85131
33000 2.85541
33000 2.85541
33100 2.85947
33200 2.8635
33300 2.86748
33400 2.87143
33500 2.87535
33600 2.87923
33700 2.88307
33800 2.88688
33900 2.89065
34000 2.89439
34000 2.89439
34100 2.8981
34200 2.90177
34300 2.90541
34400 2.90901
34500 2.91258
34600 2.91612
34700 2.91963
34800 2.9231
34900 2.92654
35000 2.92996
35000 2.92996
35100 2.93334
35200 2.93668
35300 2.94
35400 2.94329
35500 2.94655
35600 2.94978
35700 2.95298
35800 2.95615
35900 2.95929
36000 2.9624
36000 2.9624
36100 2.96548
36200 2.96854
36300 2.97156
36400 2.97456
36500 2.97754
36600 2.98048
36700 2.9834
36800 2.98629
36900 2.98915
37000 2.99199
37000 2.99199
37100 2.99481
37200 2.99759
37300 3.00035
37300 3.00035
37300 3.00035
37400 2.50175
37500 2.09058
37600 1.75152
37600 1.75152
37600 1.75152
37700 1.76567
37800 1.77969
37900 1.79359
38000 1.80736
38000 1.80736
38100 1.821
38200 1.83452
38300 1.84791
38400 1.86118
38500 1.87433
38600 1.88736
38700 1.90027
38800 1.91307
38900 1.92574
39000 1.9383
39000 1.9383
39100 1.95075
39200 1.96308
39300 1.9753
39400 1.9874
39500 1.9994
39600 2.01129
39700 2.02306
39800 2.03473
39900 2.0463
40000 2.05776
40000 2.05776
40100 2.06911
40200 2.08036
40300 2.09151
40400 2.10255
40500 2.11349
40600 2.12434
40700 2.13508
40800 2.14573
40900 2.15628
41000 2.16673
41000 2.16673
41100 2.17709
41200 2.18735
41300 2.19752
41400 2.20759
41500 2.21758
41600 2.22747
41700 2.23727
41800 2.24698
41900 2.25661
42000 2.26614
42000 2.26614
42100 2.27559
42200 2.28495
42300 2.29423
42400 2.30342
42500 2.31253
42600 2.32155
42700 2.33049
42800 2.33935
42900 2.34813
43000 2.35683
43000 2.35683
43100 2.36545
43200 2.37399
43300 2.38245
43400 2.39084
43500 2.39914
43600 2.40738
43700 2.41553
43800 2.42362
43900 2.43163
