0 3.03099
0 3.0309
0 3.0309
2 3.02554
2 3.02554
100 2.98491
200 2.94583
300 2.90919
400 2.87482
500 2.8426
600 2.81238
700 2.78404
800 2.75747
900 2.73255
1000 2.70919
1000 2.70919
1100 2.68727
1200 2.66673
1300 2.64746
1400 2.62939
1500 2.61244
1600 2.59655
1700 2.58165
1800 2.56768
1900 2.55458
2000 2.54229
2000 2.54229
2048 2.53667
2048 2.53667
2050 2.53302
2050 2.53302
2100 2.52746
2200 2.51686
2300 2.50692
2400 2.4976
2500 2.48886
2600 2.48067
2700 2.47298
2800 2.46577
2900 2.45901
3000 2.45268
3000 2.45268
3100 2.44673
3200 2.44116
3300 2.43593
3400 2.43103
3500 2.42644
3600 2.42213
3700 2.41809
3800 2.4143
3900 2.41074
4000 2.40741
4000 2.40741
4096 2.40441
4096 2.40441
4098 2.40085
4098 2.40085
4100 2.4008
4200 2.39808
4300 2.39554
4400 2.39315
4500 2.39091
4502 2.39086
4502 2.39086
4504 2.38438
4504 2.38438
4504 2.38437
4504 2.38437
4505 2.38278
4505 2.38278
4505 2.38278
4505 2.38278
4506 2.3808
4506 2.3808
4506 2.3808
4506 2.3808
4507 2.37677
4507 2.37677
4600 2.37564
4700 2.3745
4800 2.37342
4900 2.37241
5000 2.37146
5000 2.37146
5100 2.37058
5200 2.36974
5300 2.36896
5400 2.36823
5500 2.36755
5600 2.3669
5700 2.3663
5800 2.36573
5900 2.3652
6000 2.36471
6000 2.36471
6100 2.36424
6144 2.36404
6144 2.36404
6146 2.36085
6146 2.36085
6146 2.36085
6146 2.36085
6200 2.38383
6300 2.42494
6400 2.46421
6500 2.50172
6600 2.53754
6700 2.57176
6800 2.60444
6900 2.63565
7000 2.66546
7000 2.66546
7100 2.69394
7200 2.72114
7300 2.74711
7400 2.77192
7500 2.79562
7600 2.81826
7700 2.83987
7800 2.86052
7900 2.88024
8000 2.89908
8000 2.89908
8100 2.91707
8186 2.93197
8186 2.93197
8192 2.92991
8192 2.92991
8194 2.92484
8194 2.92484
8194 2.92484
8194 2.92484
8200 2.92584
8300 2.94263
8400 2.95867
8500 2.97398
8600 2.98861
8700 3.00259
8800 3.01593
8900 3.02868
9000 3.04086
9000 3.04086
9100 3.05248
9200 3.06359
9300 3.0742
9400 3.08433
9500 3.09401
9600 3.10325
9700 3.11208
9800 3.12052
9900 3.12857
10000 3.13626
10000 3.13626
10082 3.14236
10082 3.14236
10082 3.14236
10082 3.14236
10082 3.14236
10086 3.11783
10086 3.11783
10087 3.11775
10087 3.11775
10088 3.1152
10088 3.1152
10088 3.1152
10088 3.1152
10100 3.11621
10200 3.12446
10234 3.12721
10234 3.12721
10240 3.12445
10240 3.12445
10242 3.11924
10242 3.11924
10242 3.11924
10242 3.11924
10300 3.12399
10400 3.13188
10500 3.13943
10600 3.14663
10700 3.15352
10800 3.16009
10900 3.16637
11000 3.17236
11000 3.17236
11100 3.17809
11200 3.18356
11300 3.18879
11400 3.19378
11500 3.19854
11600 3.2031
11700 3.20744
11800 3.2116
11900 3.21556
12000 3.21935
12000 3.21935
12100 3.22297
12200 3.22643
12282 3.22916
12282 3.22916
12288 3.22603
12288 3.22603
12290 3.2198
12290 3.2198
12290 3.2198
12290 3.2198
12300 3.22015
12400 3.22374
12500 3.22716
12600 3.23043
12700 3.23355
12800 3.23653
12900 3.23938
13000 3.2421
13000 3.2421
13100 3.2447
13200 3.24718
13300 3.24955
13400 3.25181
13500 3.25398
13600 3.25604
13700 3.25801
13800 3.2599
13900 3.2617
14000 3.26341
14000 3.26341
14100 3.26506
14200 3.26662
14300 3.26812
14330 3.26856
14330 3.26856
14336 3.2653
14336 3.2653
14400 3.2663
14500 3.26781
14600 3.26926
14700 3.27064
14800 3.27195
14900 3.27321
15000 3.27441
15000 3.27441
15100 3.27556
15200 3.27666
15300 3.27771
15400 3.27871
15500 3.27966
15600 3.28057
15700 3.28144
15800 3.28228
15900 3.28307
16000 3.28383
16000 3.28383
16100 3.28456
16200 3.28525
16300 3.28591
16378 3.28641
16378 3.28641
16384 3.28308
16384 3.28308
16386 3.277
16386 3.277
16386 3.277
16386 3.277
16400 3.27715
16500 3.27817
16600 3.27915
16700 3.28009
16800 3.28098
16900 3.28183
17000 3.28265
17000 3.28265
17100 3.28343
17200 3.28417
17300 3.28488
17400 3.28556
17500 3.28621
17600 3.28682
17700 3.28742
17800 3.28798
17900 3.28852
18000 3.28903
18000 3.28903
18100 3.28953
18200 3.29
18300 3.29044
18400 3.29087
18426 3.29098
18426 3.29098
18432 3.28763
18432 3.28763
18434 3.28199
18434 3.28199
18434 3.28199
18434 3.28199
18500 3.28253
18600 3.28331
18700 3.28406
18800 3.28477
18900 3.28546
19000 3.28611
19000 3.28611
19100 3.28673
19200 3.28733
19300 3.2879
19400 3.28844
19500 3.28896
19600 3.28945
19700 3.28992
19800 3.29038
19900 3.29081
20000 3.29122
20000 3.29122
20082 3.29155
20082 3.29155
20082 3.29155
20082 3.29155
20082 3.29155
20086 3.26555
20086 3.26555
20087 3.26546
20087 3.26546
20088 3.26271
20088 3.26271
20088 3.26271
20088 3.26271
20100 3.26292
20200 3.26458
20300 3.26617
20400 3.26769
20474 3.26877
20474 3.26877
20480 3.26551
20480 3.26551
20482 3.25915
20482 3.25915
20482 3.25915
20482 3.25915
20500 3.25948
20600 3.2613
20700 3.26304
20800 3.26469
20900 3.26628
21000 3.26779
21000 3.26779
21100 3.26924
21200 3.27062
21300 3.27194
21400 3.27319
21500 3.2744
21600 3.27555
21700 3.27664
21800 3.27769
21900 3.27869
22000 3.27965
22000 3.27965
22100 3.28056
22200 3.28143
22300 3.28227
22400 3.28306
22500 3.28382
22522 3.28399
22522 3.28399
22528 3.28066
22528 3.28066
22600 3.28129
22700 3.28213
22800 3.28293
22900 3.2837
23000 3.28443
23000 3.28443
23100 3.28513
23200 3.2858
23300 3.28643
23400 3.28704
23500 3.28762
23600 3.28818
23700 3.28871
23800 3.28921
23900 3.2897
24000 3.29016
24000 3.29016
24100 3.2906
24200 3.29102
24300 3.29143
24400 3.29181
24500 3.29218
24570 3.29243
24570 3.29243
24576 3.28907
24576 3.28907
24578 3.28298
24578 3.28298
24578 3.28298
24578 3.28298
24600 3.28315
24700 3.2839
24800 3.28463
24900 3.28532
25000 3.28598
25000 3.28598
25100 3.2866
25200 3.28721
25300 3.28778
25400 3.28833
25500 3.28885
25600 3.28935
25700 3.28983
25800 3.29028
25900 3.29072
26000 3.29114
26000 3.29114
26100 3.29153
26200 3.29191
26300 3.29228
26400 3.29262
26500 3.29295
26600 3.29327
26618 3.29333
26618 3.29333
26624 3.28997
26624 3.28997
26626 3.28432
26626 3.28432
26626 3.28432
26626 3.28432
26700 3.28484
26800 3.28552
26900 3.28617
27000 3.28679
27000 3.28679
27100 3.28738
27200 3.28795
27300 3.28849
27400 3.28901
27500 3.2895
27600 3.28997
27700 3.29042
27800 3.29085
27900 3.29126
28000 3.29165
28000 3.29165
28100 3.29203
28200 3.29238
28300 3.29272
28400 3.29305
28500 3.29336
28600 3.29366
28666 3.29385
28666 3.29385
28672 3.29049
28672 3.29049
28674 3.28439
28674 3.28439
28674 3.28439
28674 3.28439
28700 3.28458
28800 3.28527
28900 3.28593
29000 3.28656
29000 3.28656
29100 3.28716
29200 3.28774
29300 3.28829
29400 3.28882
29500 3.28932
29600 3.2898
29700 3.29025
29800 3.29069
29900 3.29111
30000 3.29151
30000 3.29151
30082 3.29182
30082 3.29182
30082 3.29182
30082 3.29182
30082 3.29182
30086 3.26582
30086 3.26582
30087 3.26573
30087 3.26573
30088 3.26299
30088 3.26299
30088 3.26299
30088 3.26299
30100 3.26319
30200 3.26484
30300 3.26642
30400 3.26792
30500 3.26936
30600 3.27074
30700 3.27205
30714 3.27224
30714 3.27224
30720 3.26895
30720 3.26895
30722 3.26336
30722 3.26336
30722 3.26336
30722 3.26336
30800 3.26465
30900 3.26623
31000 3.26775
31000 3.26775
31100 3.26919
31200 3.27058
31300 3.2719
31400 3.27316
31500 3.27436
31600 3.27551
31700 3.27661
31800 3.27766
31900 3.27866
32000 3.27962
32000 3.27962
32100 3.28053
32200 3.28141
32300 3.28224
32400 3.28304
32500 3.2838
32600 3.28453
32700 3.28522
32762 3.28564
32762 3.28564
32768 3.28231
32768 3.28231
32770 3.2759
32770 3.2759
32770 3.2759
32770 3.2759
32800 3.27623
32900 3.2773
33000 3.27831
33000 3.27831
33100 3.27929
33200 3.28022
33300 3.2811
33400 3.28195
33500 3.28276
33600 3.28353
33700 3.28427
33800 3.28498
33900 3.28565
34000 3.2863
34000 3.2863
34100 3.28691
34200 3.2875
34300 3.28806
34400 3.28859
34500 3.28911
34600 3.28959
34700 3.29006
34800 3.29051
34810 3.29055
34810 3.29055
34816 3.28721
34816 3.28721
34900 3.28769
35000 3.28824
35000 3.28824
35100 3.28877
35200 3.28927
35300 3.28975
35400 3.29021
35500 3.29065
35600 3.29107
35700 3.29147
35800 3.29185
35900 3.29222
36000 3.29257
36000 3.29257
36100 3.2929
36200 3.29322
36300 3.29352
36400 3.29381
36500 3.29409
36600 3.29436
36700 3.29461
36800 3.29485
36858 3.29499
36858 3.29499
36864 3.29162
36864 3.29162
36866 3.28552
36866 3.28552
36866 3.28552
36866 3.28552
36900 3.28575
37000 3.28639
37000 3.28639
37100 3.287
37200 3.28758
37300 3.28814
37400 3.28867
37500 3.28918
37600 3.28966
37700 3.29013
37800 3.29057
37900 3.29099
38000 3.2914
38000 3.2914
38100 3.29178
38200 3.29215
38300 3.2925
38400 3.29284
38500 3.29316
38600 3.29347
38700 3.29376
38800 3.29404
38900 3.29431
38906 3.29432
38906 3.29432
38912 3.29096
38912 3.29096
38914 3.28531
38914 3.28531
38914 3.28531
38914 3.28531
39000 3.28588
39000 3.28588
39100 3.28651
39200 3.28711
39300 3.28769
39400 3.28824
39500 3.28877
39600 3.28928
39700 3.28976
39800 3.29022
39900 3.29065
40000 3.29107
40000 3.29107
40082 3.29141
40082 3.29141
40082 3.29141
40082 3.29141
40082 3.29141
40086 3.26541
40086 3.26541
40087 3.26532
40087 3.26532
40088 3.26257
40088 3.26257
40088 3.26257
40088 3.26257
40100 3.26278
40200 3.26445
40300 3.26604
40400 3.26757
40500 3.26902
40600 3.27041
40700 3.27174
40800 3.27301
40900 3.27422
40954 3.27485
40954 3.27485
40960 3.27156
40960 3.27156
40962 3.26519
40962 3.26519
40962 3.26519
40962 3.26519
41000 3.26579
41000 3.26579
41100 3.26732
41200 3.26879
41300 3.27019
41400 3.27153
41500 3.27281
41600 3.27403
41700 3.27519
41800 3.2763
41900 3.27737
42000 3.27838
42000 3.27838
42100 3.27935
42200 3.28028
42300 3.28116
42400 3.28201
42500 3.28282
42600 3.28359
42700 3.28432
42800 3.28503
42900 3.2857
43000 3.28634
43000 3.28634
43002 3.28635
43002 3.28635
43008 3.28302
43008 3.28302
43100 3.28372
43200 3.28445
43300 3.28515
43400 3.28582
43500 3.28645
43600 3.28706
43700 3.28764
43800 3.2882
43900 3.28873
