0 3.03099
0 3.03092
0 3.03092
2 3.02584
2 3.02584
100 2.99772
200 2.97188
300 2.94874
400 2.92801
500 2.90944
600 2.89281
700 2.87791
800 2.86457
900 2.85262
1000 2.84192
1000 2.84192
1100 2.83233
1200 2.82375
1300 2.81606
1400 2.80917
1500 2.803
1600 2.79748
1700 2.79253
1800 2.7881
1900 2.78413
2000 2.78057
2000 2.78057
2048 2.779
2048 2.779
2050 2.77519
2050 2.77519
2100 2.77384
2200 2.77136
2300 2.76914
2400 2.76714
2500 2.76536
2600 2.76376
2700 2.76233
2800 2.76105
2900 2.7599
3000 2.75887
3000 2.75887
3100 2.75795
3200 2.75713
3300 2.75639
3400 2.75573
3500 2.75513
3600 2.7546
3700 2.75413
3800 2.7537
3900 2.75332
4000 2.75298
4000 2.75298
4096 2.75268
4096 2.75268
4098 2.74868
4098 2.74868
4100 2.74868
4200 2.74883
4300 2.74895
4400 2.74907
4500 2.74917
4502 2.74917
4502 2.74917
4504 2.74176
4504 2.74176
4504 2.74176
4504 2.74176
4505 2.73996
4505 2.73996
4505 2.73996
4505 2.73996
4506 2.73773
4506 2.73773
4506 2.73773
4506 2.73773
4507 2.73313
4507 2.73313
4600 2.73476
4700 2.73636
4800 2.73778
4900 2.73906
5000 2.74021
5000 2.74021
5100 2.74124
5200 2.74215
5300 2.74298
5400 2.74372
5500 2.74438
5600 2.74497
5700 2.7455
5800 2.74597
5900 2.7464
6000 2.74678
6000 2.74678
6100 2.74712
6144 2.74726
6144 2.74726
6146 2.74356
6146 2.74356
6146 2.74356
6146 2.74356
6200 2.77046
6300 2.81692
6400 2.85931
6500 2.89797
6600 2.93325
6700 2.96542
6800 2.99478
6900 3.02156
7000 3.04599
7000 3.04599
7100 3.06827
7200 3.0886
7300 3.10715
7400 3.12407
7500 3.13951
7600 3.15359
7700 3.16643
7800 3.17815
7900 3.18884
8000 3.19859
8000 3.19859
8100 3.20749
8186 3.21455
8186 3.21455
8192 3.2117
8192 3.2117
8194 3.20592
8194 3.20592
8194 3.20592
8194 3.20592
8200 3.20642
8300 3.21463
8400 3.22212
8500 3.22895
8600 3.23518
8700 3.24087
8800 3.24606
8900 3.25079
9000 3.25511
9000 3.25511
9100 3.25905
9200 3.26264
9300 3.26592
9400 3.26891
9500 3.27163
9600 3.27412
9700 3.27639
9800 3.27846
9900 3.28035
10000 3.28208
10000 3.28208
10082 3.28339
10082 3.28339
10082 3.28339
10082 3.28339
10082 3.28339
10086 3.25753
10086 3.25753
10087 3.25744
10087 3.25744
10088 3.25473
10088 3.25473
10088 3.25473
10088 3.25473
10100 3.25522
10200 3.25915
10234 3.26042
10234 3.26042
10240 3.25729
10240 3.25729
10242 3.25176
10242 3.25176
10242 3.25176
10242 3.25176
10300 3.25426
10400 3.25827
10500 3.26194
10600 3.26527
10700 3.26832
10800 3.2711
10900 3.27364
11000 3.27595
11000 3.27595
11100 3.27806
11200 3.27998
11300 3.28174
11400 3.28334
11500 3.2848
11600 3.28614
11700 3.28735
11800 3.28846
11900 3.28947
12000 3.2904
12000 3.2904
12100 3.29124
12200 3.29201
12282 3.29259
12282 3.29259
12288 3.28926
12288 3.28926
12290 3.28285
12290 3.28285
12290 3.28285
12290 3.28285
12300 3.283
12400 3.28449
12500 3.28585
12600 3.28709
12700 3.28822
12800 3.28926
12900 3.2902
13000 3.29106
13000 3.29106
13100 3.29184
13200 3.29256
13300 3.29321
13400 3.29381
13500 3.29435
13600 3.29485
13700 3.2953
13800 3.29571
13900 3.29609
14000 3.29643
14000 3.29643
14100 3.29674
14200 3.29703
14300 3.29729
14330 3.29736
14330 3.29736
14336 3.294
14336 3.294
14400 3.29435
14500 3.29484
14600 3.29529
14700 3.29571
14800 3.29608
14900 3.29643
15000 3.29674
15000 3.29674
15100 3.29702
15200 3.29729
15300 3.29752
15400 3.29774
15500 3.29794
15600 3.29812
15700 3.29828
15800 3.29843
15900 3.29857
16000 3.2987
16000 3.2987
16100 3.29881
16200 3.29891
16300 3.29901
16378 3.29908
16378 3.29908
16384 3.29571
16384 3.29571
16386 3.2896
16386 3.2896
16386 3.2896
16386 3.2896
16400 3.28973
16500 3.29063
16600 3.29146
16700 3.29221
16800 3.29289
16900 3.29351
17000 3.29408
17000 3.29408
17100 3.2946
17200 3.29507
17300 3.29551
17400 3.2959
17500 3.29626
17600 3.29659
17700 3.29689
17800 3.29716
17900 3.29741
18000 3.29764
18000 3.29764
18100 3.29784
18200 3.29803
18300 3.2982
18400 3.29836
18426 3.2984
18426 3.2984
18432 3.29503
18432 3.29503
18434 3.28938
18434 3.28938
18434 3.28938
18434 3.28938
18500 3.29
18600 3.29088
18700 3.29168
18800 3.29241
18900 3.29307
19000 3.29368
19000 3.29368
19100 3.29423
19200 3.29474
19300 3.2952
19400 3.29562
19500 3.29601
19600 3.29636
19700 3.29668
19800 3.29697
19900 3.29723
20000 3.29748
20000 3.29748
20082 3.29766
20082 3.29766
20082 3.29766
20082 3.29766
20082 3.29766
20086 3.27163
20086 3.27163
20087 3.27154
20087 3.27154
20088 3.2688
20088 3.2688
20088 3.2688
20088 3.2688
20100 3.26914
20200 3.27185
20300 3.27432
20400 3.27657
20474 3.27812
20474 3.27812
20480 3.27488
20480 3.27488
20482 3.26853
20482 3.26853
20482 3.26853
20482 3.26853
20500 3.26903
20600 3.27175
20700 3.27423
20800 3.27649
20900 3.27855
21000 3.28043
21000 3.28043
21100 3.28215
21200 3.28372
21300 3.28514
21400 3.28645
21500 3.28764
21600 3.28872
21700 3.28971
21800 3.29061
21900 3.29144
22000 3.29219
22000 3.29219
22100 3.29287
22200 3.2935
22300 3.29407
22400 3.29459
22500 3.29506
22522 3.29516
22522 3.29516
22528 3.29182
22528 3.29182
22600 3.29234
22700 3.29301
22800 3.29362
22900 3.29418
23000 3.29469
23000 3.29469
23100 3.29516
23200 3.29558
23300 3.29597
23400 3.29632
23500 3.29665
23600 3.29694
23700 3.29721
23800 3.29745
23900 3.29768
24000 3.29788
24000 3.29788
24100 3.29807
24200 3.29823
24300 3.29839
24400 3.29853
24500 3.29866
24570 3.29874
24570 3.29874
24576 3.29537
24576 3.29537
24578 3.28927
24578 3.28927
24578 3.28927
24578 3.28927
24600 3.28948
24700 3.29041
24800 3.29125
24900 3.29202
25000 3.29272
25000 3.29272
25100 3.29335
25200 3.29394
25300 3.29447
25400 3.29495
25500 3.2954
25600 3.2958
25700 3.29617
25800 3.2965
25900 3.29681
26000 3.29709
26000 3.29709
26100 3.29735
26200 3.29758
26300 3.29779
26400 3.29798
26500 3.29816
26600 3.29832
26618 3.29835
26618 3.29835
26624 3.29498
26624 3.29498
26626 3.28932
26626 3.28932
26626 3.28932
26626 3.28932
26700 3.29003
26800 3.2909
26900 3.2917
27000 3.29243
27000 3.29243
27100 3.29309
27200 3.2937
27300 3.29425
27400 3.29475
27500 3.29521
27600 3.29563
27700 3.29602
27800 3.29637
27900 3.29668
28000 3.29697
28000 3.29697
28100 3.29724
28200 3.29748
28300 3.2977
28400 3.2979
28500 3.29809
28600 3.29825
28666 3.29836
28666 3.29836
28672 3.29499
28672 3.29499
28674 3.28889
28674 3.28889
28674 3.28889
28674 3.28889
28700 3.28915
28800 3.2901
28900 3.29097
29000 3.29176
29000 3.29176
29100 3.29248
29200 3.29314
29300 3.29374
29400 3.29429
29500 3.29479
29600 3.29525
29700 3.29567
29800 3.29605
29900 3.29639
30000 3.29671
30000 3.29671
30082 3.29695
30082 3.29695
30082 3.29695
30082 3.29695
30082 3.29695
30086 3.27093
30086 3.27093
30087 3.27084
30087 3.27084
30088 3.2681
30088 3.2681
30088 3.2681
30088 3.2681
30100 3.26845
30200 3.27122
30300 3.27374
30400 3.27605
30500 3.27815
30600 3.28006
30700 3.28181
30714 3.28205
30714 3.28205
30720 3.27879
30720 3.27879
30722 3.27319
30722 3.27319
30722 3.27319
30722 3.27319
30800 3.27504
30900 3.27723
31000 3.27923
31000 3.27923
31100 3.28105
31200 3.28271
31300 3.28423
31400 3.28561
31500 3.28687
31600 3.28802
31700 3.28907
31800 3.29003
31900 3.29091
32000 3.2917
32000 3.2917
32100 3.29243
32200 3.2931
32300 3.2937
32400 3.29425
32500 3.29476
32600 3.29522
32700 3.29564
32762 3.29588
32762 3.29588
32768 3.29253
32768 3.29253
32770 3.2861
32770 3.2861
32770 3.2861
32770 3.2861
32800 3.28648
32900 3.28766
33000 3.28875
33000 3.28875
33100 3.28973
33200 3.29063
33300 3.29146
33400 3.2922
33500 3.29289
33600 3.29351
33700 3.29408
33800 3.2946
33900 3.29507
34000 3.29551
34000 3.29551
34100 3.2959
34200 3.29626
34300 3.29659
34400 3.29689
34500 3.29716
34600 3.29741
34700 3.29764
34800 3.29784
34810 3.29786
34810 3.29786
34816 3.2945
34816 3.2945
34900 3.29491
35000 3.29535
35000 3.29535
35100 3.29576
35200 3.29613
35300 3.29647
35400 3.29678
35500 3.29706
35600 3.29732
35700 3.29756
35800 3.29777
35900 3.29797
36000 3.29814
36000 3.29814
36100 3.29831
36200 3.29845
36300 3.29859
36400 3.29871
36500 3.29883
36600 3.29893
36700 3.29902
36800 3.29911
36858 3.29915
36858 3.29915
36864 3.29578
36864 3.29578
36866 3.28968
36866 3.28968
36866 3.28968
36866 3.28968
36900 3.28999
37000 3.29087
37000 3.29087
37100 3.29167
37200 3.2924
37300 3.29307
37400 3.29368
37500 3.29423
37600 3.29474
37700 3.2952
37800 3.29562
37900 3.296
38000 3.29635
38000 3.29635
38100 3.29667
38200 3.29697
38300 3.29723
38400 3.29747
38500 3.2977
38600 3.2979
38700 3.29808
38800 3.29825
38900 3.2984
38906 3.29841
38906 3.29841
38912 3.29505
38912 3.29505
38914 3.28939
38914 3.28939
38914 3.28939
38914 3.28939
39000 3.29019
39000 3.29019
39100 3.29105
39200 3.29184
39300 3.29255
39400 3.29321
39500 3.2938
39600 3.29435
39700 3.29484
39800 3.29529
39900 3.29571
40000 3.29608
40000 3.29608
40082 3.29637
40082 3.29637
40082 3.29637
40082 3.29637
40082 3.29637
40086 3.27036
40086 3.27036
40087 3.27026
40087 3.27026
40088 3.26753
40088 3.26753
40088 3.26753
40088 3.26753
40100 3.26788
40200 3.2707
40300 3.27327
40400 3.27562
40500 3.27776
40600 3.27971
40700 3.28149
40800 3.28311
40900 3.28459
40954 3.28534
40954 3.28534
40960 3.28206
40960 3.28206
40962 3.27568
40962 3.27568
40962 3.27568
40962 3.27568
41000 3.2765
41000 3.2765
41100 3.27856
41200 3.28044
41300 3.28216
41400 3.28373
41500 3.28515
41600 3.28646
41700 3.28764
41800 3.28873
41900 3.28972
42000 3.29062
42000 3.29062
42100 3.29144
42200 3.29219
42300 3.29288
42400 3.2935
42500 3.29407
42600 3.29459
42700 3.29507
42800 3.2955
42900 3.29589
43000 3.29625
43000 3.29625
43002 3.29626
43002 3.29626
43008 3.29291
43008 3.29291
43100 3.29348
43200 3.29405
43300 3.29458
43400 3.29505
43500 3.29548
43600 3.29588
43700 3.29624
43800 3.29657
43900 3.29687
