0 3.03099
0 3.03087
0 3.03087
2 3.02525
2 3.02525
100 2.97178
200 2.91803
300 2.86531
400 2.81359
500 2.76286
600 2.7131
700 2.66429
800 2.61641
900 2.56944
1000 2.52337
1000 2.52337
1100 2.47819
1200 2.43386
1300 2.39038
1400 2.34773
1500 2.3059
1600 2.26486
1700 2.22461
1800 2.18513
1900 2.1464
2000 2.10841
2000 2.10841
2048 2.09044
2048 2.09044
2050 2.08686
2050 2.08686
2100 2.06836
2200 2.03186
2300 1.99606
2400 1.96094
2500 1.9265
2600 1.89271
2700 1.85956
2800 1.82705
2900 1.79516
2900 1.79516
2900 1.79516
3000 1.79654
3000 1.79654
3100 1.79792
3200 1.7993
3300 1.80068
3400 1.80205
3500 1.80343
3600 1.8048
3700 1.80617
3800 1.80754
3900 1.80891
4000 1.81028
4000 1.81028
4100 1.81165
4200 1.81302
4300 1.81438
4400 1.81574
4500 1.81711
4600 1.81847
4700 1.81983
4800 1.82118
4900 1.82254
5000 1.8239
5000 1.8239
5100 1.82525
5200 1.82661
5300 1.82796
5400 1.82931
5500 1.83066
5600 1.83201
5700 1.83335
5800 1.8347
5900 1.83605
6000 1.83739
6000 1.83739
6100 1.83873
6200 1.84007
6300 1.84141
6400 1.84275
6500 1.84409
6600 1.84542
6700 1.84676
6800 1.84809
6900 1.84943
7000 1.85076
7000 1.85076
7100 1.85209
7200 1.85342
7300 1.85474
7400 1.85607
7500 1.85739
7600 1.85872
7700 1.86004
7800 1.86136
7900 1.86268
8000 1.864
8000 1.864
8100 1.86532
8200 1.86664
8300 1.86795
8400 1.86927
8500 1.87058
8600 1.87189
8700 1.8732
8800 1.87451
8900 1.87582
9000 1.87713
9000 1.87713
9100 1.87843
9200 1.87974
9300 1.88104
9400 1.88234
9500 1.88364
9600 1.88494
9700 1.88624
9800 1.88754
9900 1.88884
10000 1.89013
10000 1.89013
10100 1.89142
10200 1.89272
10300 1.89401
10400 1.8953
10500 1.89659
10600 1.89788
10700 1.89916
10800 1.90045
10900 1.90173
11000 1.90302
11000 1.90302
11100 1.9043
11200 1.90558
11300 1.90686
11400 1.90814
11500 1.90941
11600 1.91069
11700 1.91197
11800 1.91324
11900 1.91451
12000 1.91578
12000 1.91578
12100 1.91705
12200 1.91832
12300 1.91959
12400 1.92086
12500 1.92212
12600 1.92339
12700 1.92465
12800 1.92591
12900 1.92718
13000 1.92844
13000 1.92844
13100 1.92969
13200 1.93095
13300 1.93221
13400 1.93346
13500 1.93472
13600 1.93597
13700 1.93722
13800 1.93847
13900 1.93972
14000 1.94097
14000 1.94097
14100 1.94222
14200 1.94346
14300 1.94471
14400 1.94595
14500 1.9472
14600 1.94844
14700 1.94968
14800 1.95092
14900 1.95215
15000 1.95339
15000 1.95339
15100 1.95463
15200 1.95586
15300 1.9571
15400 1.95833
15500 1.95956
15600 1.96079
15700 1.96202
15800 1.96325
15900 1.96447
16000 1.9657
16000 1.9657
16100 1.96692
16200 1.96815
16300 1.96937
16400 1.97059
16500 1.97181
16600 1.97303
16700 1.97425
16800 1.97546
16900 1.97668
17000 1.97789
17000 1.97789
17100 1.97911
17200 1.98032
17300 1.98153
17400 1.98274
17500 1.98395
17600 1.98516
17700 1.98636
17800 1.98757
17900 1.98877
18000 1.98998
18000 1.98998
18100 1.99118
18200 1.99238
18300 1.99358
18400 1.99478
18500 1.99598
18600 1.99717
18700 1.99837
18800 1.99956
18900 2.00076
19000 2.00195
19000 2.00195
19100 2.00314
19200 2.00433
19300 2.00552
19400 2.00671
19500 2.00789
19600 2.00908
19700 2.01026
19800 2.01145
19900 2.01263
20000 2.01381
20000 2.01381
20100 2.01499
20200 2.01617
20300 2.01735
20400 2.01853
20500 2.0197
20600 2.02088
20700 2.02205
20800 2.02323
20900 2.0244
21000 2.02557
21000 2.02557
21100 2.02674
21200 2.02791
21300 2.02907
21400 2.03024
21500 2.0314
21600 2.03257
21700 2.03373
21800 2.03489
21900 2.03605
22000 2.03721
22000 2.03721
22100 2.03837
22200 2.03953
22300 2.04069
22400 2.04184
22500 2.043
22600 2.04415
22700 2.0453
22800 2.04646
22900 2.04761
23000 2.04876
23000 2.04876
23100 2.0499
23200 2.05105
23300 2.0522
23400 2.05334
23500 2.05449
23600 2.05563
23700 2.05677
23800 2.05791
23900 2.05905
24000 2.06019
24000 2.06019
24100 2.06133
24200 2.06247
24300 2.0636
24400 2.06474
24500 2.06587
24600 2.067
24700 2.06813
24800 2.06926
24900 2.07039
25000 2.07152
25000 2.07152
25100 2.07265
25200 2.07378
25300 2.0749
25400 2.07603
25500 2.07715
25600 2.07827
25700 2.07939
25800 2.08051
25900 2.08163
26000 2.08275
26000 2.08275
26100 2.08387
26200 2.08498
26300 2.0861
26400 2.08721
26500 2.08832
26600 2.08944
26700 2.09055
26800 2.09166
26900 2.09277
27000 2.09387
27000 2.09387
27100 2.09498
27200 2.09609
27300 2.09719
27400 2.0983
27500 2.0994
27600 2.1005
27700 2.1016
27800 2.1027
27900 2.1038
28000 2.1049
28000 2.1049
28100 2.10599
28200 2.10709
28300 2.10818
28400 2.10928
28500 2.11037
28600 2.11146
28700 2.11255
28800 2.11364
28900 2.11473
29000 2.11582
29000 2.11582
29100 2.11691
29200 2.11799
29300 2.11908
29400 2.12016
29500 2.12124
29600 2.12232
29700 2.12341
29800 2.12449
29900 2.12556
30000 2.12664
30000 2.12664
30100 2.12772
30200 2.12879
30300 2.12987
30400 2.13094
30500 2.13202
30600 2.13309
30700 2.13416
30800 2.13523
30900 2.1363
31000 2.13737
31000 2.13737
31100 2.13843
31200 2.1395
31300 2.14056
31400 2.14163
31500 2.14269
31600 2.14375
31700 2.14481
31800 2.14587
31900 2.14693
32000 2.14799
32000 2.14799
32100 2.14905
32200 2.1501
32300 2.15116
32400 2.15221
32500 2.15327
32600 2.15432
32700 2.15537
32800 2.15642
32900 2.15747
33000 2.15852
33000 2.15852
33100 2.15957
33200 2.16061
33300 2.16166
33400 2.1627
33500 2.16375
33600 2.16479
33700 2.16583
33800 2.16687
33900 2.16791
34000 2.16895
34000 2.16895
34100 2.16999
34200 2.17103
34300 2.17206
34400 2.1731
34500 2.17413
34600 2.17516
34700 2.1762
34800 2.17723
34900 2.17826
35000 2.17929
35000 2.17929
35100 2.18032
35200 2.18134
35300 2.18237
35400 2.1834
35500 2.18442
35600 2.18544
35700 2.18647
35800 2.18749
35900 2.18851
36000 2.18953
36000 2.18953
36100 2.19055
36200 2.19157
36300 2.19258
36400 2.1936
36500 2.19462
36600 2.19563
36700 2.19664
36800 2.19766
36900 2.19867
37000 2.19968
37000 2.19968
37100 2.20069
37200 2.2017
37300 2.2027
37400 2.20371
37500 2.20472
37600 2.20572
37700 2.20673
37800 2.20773
37900 2.20873
38000 2.20973
38000 2.20973
38100 2.21073
38200 2.21173
38300 2.21273
38400 2.21373
38500 2.21473
38600 2.21572
38700 2.21672
38800 2.21771
38900 2.21871
39000 2.2197
39000 2.2197
39100 2.22069
39200 2.22168
39300 2.22267
39400 2.22366
39500 2.22465
39600 2.22563
39700 2.22662
39800 2.2276
39900 2.22859
40000 2.22957
40000 2.22957
40100 2.23055
40200 2.23153
40300 2.23252
40400 2.23349
40500 2.23447
40600 2.23545
40700 2.23643
40800 2.2374
40900 2.23838
41000 2.23935
41000 2.23935
41100 2.24033
41200 2.2413
41300 2.24227
41400 2.24324
41500 2.24421
41600 2.24518
41700 2.24615
41800 2.24712
41900 2.24808
42000 2.24905
42000 2.24905
42100 2.25001
42200 2.25097
42300 2.25194
42400 2.2529
42500 2.25386
42600 2.25482
42700 2.25578
42800 2.25674
42900 2.25769
43000 2.25865
43000 2.25865
43100 2.25961
43200 2.26056
43300 2.26152
43400 2.26247
43500 2.26342
43600 2.26437
43700 2.26532
43800 2.26627
43900 2.26722
