0 3.03099
0 3.03087
0 3.03087
2 3.0253
2 3.0253
100 2.97424
200 2.92332
300 2.87378
400 2.82558
500 2.7787
600 2.73309
700 2.68872
800 2.64556
900 2.60357
1000 2.56272
1000 2.56272
1100 2.52298
1200 2.48432
1300 2.4467
1400 2.41012
1500 2.37452
1600 2.33989
1700 2.30621
1800 2.27344
1900 2.24156
2000 2.21054
2000 2.21054
2048 2.19595
2048 2.19595
2050 2.19238
2050 2.19238
2100 2.17745
2200 2.14818
2300 2.1197
2400 2.092
2500 2.06505
2600 2.03883
2700 2.01332
2800 1.98851
2900 1.96437
3000 1.94089
3000 1.94089
3100 1.91804
3200 1.89582
3300 1.87419
3400 1.85316
3500 1.8327
3600 1.81279
3700 1.79343
3700 1.79343
3700 1.79343
3800 1.8072
3900 1.82085
4000 1.83437
4000 1.83437
4100 1.84776
4200 1.86104
4300 1.87419
4400 1.88722
4500 1.90014
4600 1.91293
4700 1.92561
4800 1.93817
4900 1.95062
5000 1.96296
5000 1.96296
5100 1.97518
5200 1.98729
5300 1.99928
5400 2.01117
5500 2.02295
5600 2.03463
5700 2.04619
5800 2.05765
5900 2.06901
6000 2.08026
6000 2.08026
6100 2.09141
6200 2.10246
6300 2.1134
6400 2.12425
6500 2.135
6600 2.14565
6700 2.1562
6800 2.16665
6900 2.17701
7000 2.18728
7000 2.18728
7100 2.19745
7200 2.20753
7300 2.21751
7400 2.22741
7500 2.23721
7600 2.24692
7700 2.25655
7800 2.26609
7900 2.27554
8000 2.2849
8000 2.2849
8100 2.29418
8200 2.30337
8300 2.31248
8400 2.32151
8500 2.33045
8600 2.33932
8700 2.3481
8800 2.3568
8900 2.36542
9000 2.37396
9000 2.37396
9100 2.38243
9200 2.39081
9300 2.39912
9400 2.40736
9500 2.41552
9600 2.4236
9700 2.43161
9800 2.43955
9900 2.44742
10000 2.45521
10000 2.45521
10100 2.46293
10200 2.47058
10300 2.47816
10400 2.48567
10500 2.49312
10600 2.50049
10700 2.5078
10800 2.51504
10900 2.52222
11000 2.52933
11000 2.52933
11100 2.53637
11200 2.54335
11300 2.55027
11400 2.55712
11500 2.56391
11600 2.57064
11700 2.5773
11800 2.58391
11900 2.59046
12000 2.59694
12000 2.59694
12100 2.60337
12200 2.60973
12300 2.61604
12400 2.6223
12500 2.62849
12600 2.63463
12700 2.64071
12800 2.64674
12900 2.65271
13000 2.65862
13000 2.65862
13100 2.66449
13200 2.67029
13300 2.67605
13400 2.68175
13500 2.6874
13600 2.693
13700 2.69855
13800 2.70405
13900 2.7095
14000 2.71489
14000 2.71489
14100 2.72024
14200 2.72554
14300 2.73079
14400 2.73599
14500 2.74115
14600 2.74626
14700 2.75132
14800 2.75633
14900 2.7613
15000 2.76623
15000 2.76623
15100 2.77111
15200 2.77594
15300 2.78073
15400 2.78548
15500 2.79018
15600 2.79484
15700 2.79946
15800 2.80403
15900 2.80856
16000 2.81306
16000 2.81306
16100 2.81751
16200 2.82192
16300 2.82629
16400 2.83062
16500 2.83491
16600 2.83916
16700 2.84337
16800 2.84754
16900 2.85168
17000 2.85578
17000 2.85578
17100 2.85984
17200 2.86386
17300 2.86785
17400 2.8718
17500 2.87571
17600 2.87959
17700 2.88343
17800 2.88724
17900 2.89101
18000 2.89475
18000 2.89475
18100 2.89845
18200 2.90212
18300 2.90576
18400 2.90936
18500 2.91293
18600 2.91647
18700 2.91998
18800 2.92345
18900 2.92689
19000 2.9303
19000 2.9303
19100 2.93368
19200 2.93703
19300 2.94035
19400 2.94363
19500 2.94689
19600 2.95012
19700 2.95332
19800 2.95649
19900 2.95963
20000 2.96274
20000 2.96274
20100 2.96582
20200 2.96887
20300 2.9719
20400 2.9749
20500 2.97787
20600 2.98081
20700 2.98373
20800 2.98662
20900 2.98949
21000 2.99232
21000 2.99232
21100 2.99514
21200 2.99792
21300 3.00068
21300 3.00068
21300 3.00068
21400 2.94904
21500 2.89881
21600 2.84993
21700 2.80239
21800 2.75614
21900 2.71114
22000 2.66737
22000 2.66737
22100 2.62478
22200 2.58336
22300 2.54306
22400 2.50385
22500 2.46571
22528 2.45521
22528 2.45521
22530 2.45115
22530 2.45115
22600 2.42536
22700 2.38935
22800 2.35432
22900 2.32024
23000 2.28709
23000 2.28709
23002 2.2863
23002 2.2863
23004 2.27961
23004 2.27961
23004 2.27955
23004 2.27955
23005 2.27772
23005 2.27772
23005 2.27764
23005 2.27764
23006 2.27537
23006 2.27537
23006 2.27532
23006 2.27532
23007 2.27115
23007 2.27115
23100 2.2418
23200 2.21078
23300 2.1806
23400 2.15124
23500 2.12268
23600 2.09489
23700 2.06786
23800 2.04157
23900 2.01599
24000 1.9911
24000 1.9911
24100 1.96689
24200 1.94334
24300 1.92043
24400 1.89814
24500 1.87646
24576 1.86037
24576 1.86037
24578 1.85721
24578 1.85721
24578 1.85721
24578 1.85721
24600 1.86009
24700 1.87325
24800 1.8863
24900 1.89922
25000 1.91202
25000 1.91202
25100 1.92471
25200 1.93728
25300 1.94974
25400 1.96208
25500 1.97431
25600 1.98642
25700 1.99843
25800 2.01033
25900 2.02212
26000 2.0338
26000 2.0338
26100 2.04537
26200 2.05684
26300 2.0682
26400 2.07946
26500 2.09062
26600 2.10167
26618 2.1037
26618 2.1037
26624 2.10215
26624 2.10215
26626 2.09876
26626 2.09876
26626 2.09876
26626 2.09876
26700 2.10689
26800 2.11779
26900 2.1286
27000 2.13931
27000 2.13931
27100 2.14992
27200 2.16043
27300 2.17085
27400 2.18117
27500 2.19139
27600 2.20153
27700 2.21157
27800 2.22152
27900 2.23137
28000 2.24114
28000 2.24114
28100 2.25082
28200 2.26041
28300 2.26991
28400 2.27933
28500 2.28866
28582 2.29631
28582 2.29631
28582 2.29631
28582 2.29631
28582 2.29631
28586 2.27853
28586 2.27853
28587 2.27848
28587 2.27848
28588 2.27665
28588 2.27665
28588 2.27665
28588 2.27665
28600 2.27777
28666 2.28399
28666 2.28399
28672 2.28216
28672 2.28216
28674 2.27791
28674 2.27791
28674 2.27791
28674 2.27791
28700 2.28032
28800 2.28964
28900 2.29888
29000 2.30803
29000 2.30803
29100 2.31709
29200 2.32608
29300 2.33498
29400 2.3438
29500 2.35254
29600 2.3612
29700 2.36978
29800 2.37828
29900 2.38671
30000 2.39506
30000 2.39506
30100 2.40333
30200 2.41153
30300 2.41965
30400 2.42769
30500 2.43567
30600 2.44357
30700 2.45139
30714 2.45252
30714 2.45252
30720 2.45044
30720 2.45044
30800 2.45665
30900 2.46436
31000 2.472
31000 2.472
31100 2.47957
31200 2.48707
31300 2.4945
31400 2.50186
31500 2.50916
31600 2.51639
31700 2.52355
31800 2.53065
31900 2.53768
32000 2.54465
32000 2.54465
32100 2.55155
32200 2.55839
32300 2.56517
32400 2.57189
32500 2.57854
32600 2.58514
32700 2.59167
32762 2.59572
32762 2.59572
32768 2.59342
32768 2.59342
32770 2.58875
32770 2.58875
32770 2.58875
32770 2.58875
32800 2.59069
32900 2.59717
33000 2.6036
33000 2.6036
33100 2.60996
33200 2.61627
33300 2.62252
33400 2.62871
33500 2.63485
33600 2.64093
33700 2.64695
33800 2.65292
33900 2.65883
34000 2.66469
34000 2.66469
34100 2.6705
34200 2.67626
34300 2.68196
34400 2.68761
34500 2.6932
34600 2.69875
34700 2.70424
34800 2.70969
34810 2.71025
34810 2.71025
34816 2.70778
34816 2.70778
34818 2.70323
34818 2.70323
34818 2.70323
34818 2.70323
34900 2.7077
35000 2.71311
35000 2.71311
35100 2.71848
35200 2.72379
35300 2.72906
35400 2.73428
35500 2.73945
35600 2.74457
35700 2.74965
35800 2.75468
35900 2.75967
36000 2.7646
36000 2.7646
36100 2.7695
36200 2.77435
36300 2.77915
36400 2.78391
36500 2.78863
36600 2.7933
36700 2.79793
36800 2.80252
36858 2.80518
36858 2.80518
36864 2.80256
36864 2.80256
36866 2.79746
36866 2.79746
36866 2.79746
36866 2.79746
36900 2.79902
37000 2.8036
37000 2.8036
37100 2.80813
37200 2.81263
37300 2.81708
37400 2.8215
37500 2.82587
37600 2.8302
37700 2.8345
37800 2.83875
37900 2.84297
38000 2.84715
38000 2.84715
38100 2.85129
38200 2.85539
38300 2.85945
38400 2.86348
38500 2.86747
38582 2.87074
38582 2.87074
38582 2.87074
38582 2.87074
38582 2.87074
38586 2.8482
38586 2.8482
38587 2.84812
38587 2.84812
38588 2.84576
38588 2.84576
38588 2.84576
38588 2.84576
38600 2.84625
38700 2.8504
38800 2.85451
38900 2.85858
38906 2.85884
38906 2.85884
38912 2.85614
38912 2.85614
38914 2.8513
38914 2.8513
38914 2.8513
38914 2.8513
39000 2.85483
39000 2.85483
39100 2.8589
39200 2.86293
39300 2.86693
39400 2.87088
39500 2.87481
39600 2.87869
39700 2.88254
39800 2.88636
39900 2.89014
40000 2.89389
40000 2.89389
40100 2.8976
40200 2.90128
40300 2.90492
40400 2.90853
40500 2.91211
40600 2.91565
40700 2.91917
40800 2.92265
40900 2.9261
40954 2.92796
40954 2.92796
40960 2.92515
40960 2.92515
40962 2.9195
40962 2.9195
40962 2.9195
40962 2.9195
41000 2.92082
41000 2.92082
41100 2.92428
41200 2.92772
41300 2.93112
41400 2.93449
41500 2.93783
41600 2.94114
41700 2.94442
41800 2.94767
41900 2.95089
42000 2.95408
42000 2.95408
42100 2.95724
42200 2.96038
42300 2.96348
42400 2.96656
42500 2.9696
42600 2.97262
42700 2.97562
42800 2.97858
42900 2.98152
43000 2.98443
43000 2.98443
43002 2.9845
43002 2.9845
43008 2.9816
43008 2.9816
43100 2.98428
43200 2.98717
43300 2.99002
43400 2.99286
43500 2.99566
43600 2.99845
43700 3.0012
43800 3.00393
43900 3.00664
