0 3.03099
0 3.03079
0 3.03079
2 3.02147
2 3.02147
100 2.93493
200 2.84954
300 2.76736
400 2.68826
500 2.61213
600 2.53885
700 2.46833
800 2.40046
900 2.33513
1000 2.27225
1000 2.27225
1100 2.21174
1200 2.15349
1300 2.09744
1400 2.04348
1500 1.99156
1600 1.94158
1700 1.89347
1800 1.84718
1900 1.80262
2000 1.75973
2000 1.75973
2000 1.75973
2000 1.75973
2100 1.77147
2200 1.78312
2300 1.79469
2400 1.80616
2500 1.81755
2600 1.82885
2700 1.84006
2800 1.85119
2900 1.86224
3000 1.8732
3000 1.8732
3100 1.88407
3200 1.89487
3300 1.90558
3400 1.91621
3500 1.92676
3600 1.93722
3700 1.94761
3800 1.95792
3900 1.96815
4000 1.9783
4000 1.9783
4100 1.98838
4200 1.99838
4300 2.0083
4400 2.01815
4500 2.02792
4600 2.03761
4700 2.04724
4800 2.05679
4900 2.06626
5000 2.07567
5000 2.07567
5100 2.085
5200 2.09426
5300 2.10345
5400 2.11257
5500 2.12163
5600 2.13061
5700 2.13952
5800 2.14837
5900 2.15715
6000 2.16586
6000 2.16586
6100 2.1745
6200 2.18308
6300 2.1916
6400 2.20005
6500 2.20843
6600 2.21675
6700 2.22501
6800 2.2332
6900 2.24134
7000 2.24941
7000 2.24941
7100 2.25741
7200 2.26536
7300 2.27325
7400 2.28108
7500 2.28884
7600 2.29655
7700 2.3042
7800 2.31179
7900 2.31932
8000 2.3268
8000 2.3268
8100 2.33422
8200 2.34158
8300 2.34888
8400 2.35613
8500 2.36333
8600 2.37047
8700 2.37755
8800 2.38459
8900 2.39156
9000 2.39849
9000 2.39849
9100 2.40536
9200 2.41218
9300 2.41895
9400 2.42566
9500 2.43233
9600 2.43894
9700 2.44551
9800 2.45202
9900 2.45848
10000 2.4649
10000 2.4649
10100 2.47126
10200 2.47758
10300 2.48385
10400 2.49007
10500 2.49625
10600 2.50237
10700 2.50845
10800 2.51449
10900 2.52047
11000 2.52642
11000 2.52642
11100 2.53231
11200 2.53816
11300 2.54397
11400 2.54973
11500 2.55545
11600 2.56113
11700 2.56676
11800 2.57235
11900 2.5779
12000 2.5834
12000 2.5834
12100 2.58886
12200 2.59428
12300 2.59966
12400 2.605
12500 2.6103
12600 2.61556
12700 2.62077
12800 2.62595
12900 2.63109
13000 2.63619
13000 2.63619
13100 2.64125
13200 2.64627
13300 2.65125
13400 2.6562
13500 2.6611
13600 2.66597
13700 2.67081
13800 2.6756
13900 2.68036
14000 2.68509
14000 2.68509
14100 2.68977
14200 2.69442
14300 2.69904
14400 2.70362
14500 2.70817
14600 2.71268
14700 2.71715
14800 2.7216
14900 2.72601
15000 2.73038
15000 2.73038
15100 2.73472
15200 2.73903
15300 2.74331
15400 2.74755
15500 2.75176
15600 2.75594
15700 2.76009
15800 2.7642
15900 2.76829
16000 2.77234
16000 2.77234
16100 2.77636
16200 2.78035
16300 2.78431
16400 2.78825
16500 2.79215
16600 2.79602
16700 2.79986
16800 2.80367
16900 2.80745
17000 2.81121
17000 2.81121
17100 2.81493
17200 2.81863
17300 2.8223
17400 2.82594
17500 2.82955
17600 2.83314
17700 2.8367
17800 2.84023
17900 2.84373
18000 2.84721
18000 2.84721
18100 2.85066
18200 2.85409
18300 2.85749
18400 2.86086
18500 2.86421
18600 2.86753
18700 2.87083
18800 2.8741
18900 2.87734
19000 2.88056
19000 2.88056
19100 2.88376
19200 2.88693
19300 2.89008
19400 2.89321
19500 2.89631
19600 2.89938
19700 2.90244
19800 2.90547
19900 2.90848
20000 2.91146
20000 2.91146
20100 2.91442
20200 2.91736
20300 2.92028
20400 2.92317
20500 2.92604
20600 2.92889
20700 2.93172
20800 2.93453
20900 2.93731
21000 2.94008
21000 2.94008
21100 2.94282
21200 2.94554
21300 2.94825
21400 2.95093
21500 2.95359
21600 2.95623
21700 2.95885
21800 2.96145
21900 2.96403
22000 2.96659
22000 2.96659
22100 2.96913
22200 2.97165
22300 2.97415
22400 2.97664
22500 2.9791
22600 2.98155
22700 2.98398
22800 2.98638
22900 2.98877
23000 2.99115
23000 2.99115
23100 2.9935
23200 2.99584
23300 2.99815
23400 3.00046
23400 3.00046
23400 3.00046
23500 2.91261
23600 2.82806
23700 2.74668
23800 2.66835
23900 2.59297
24000 2.52042
24000 2.52042
24100 2.45059
24200 2.38338
24300 2.31869
24400 2.25643
24500 2.19651
24576 2.15248
24576 2.15248
24578 2.14602
24578 2.14602
24600 2.13368
24700 2.07836
24800 2.02513
24900 1.97389
25000 1.92457
25000 1.92457
25002 1.9234
25002 1.9234
25004 1.91399
25004 1.91399
25004 1.91391
25004 1.91391
25005 1.91132
25005 1.91132
25005 1.9112
25005 1.9112
25006 1.908
25006 1.908
25006 1.90792
25006 1.90792
25007 1.90208
25007 1.90208
25100 1.85905
25200 1.81404
25300 1.77073
25300 1.77073
25300 1.77073
25400 1.78238
25500 1.79395
25600 1.80543
25700 1.81683
25800 1.82813
25900 1.83935
26000 1.85049
26000 1.85049
26100 1.86154
26200 1.8725
26300 1.88338
26400 1.89418
26500 1.9049
26600 1.91553
26700 1.92609
26800 1.93656
26900 1.94695
27000 1.95727
27000 1.95727
27100 1.9675
27200 1.97766
27300 1.98774
27400 1.99774
27500 2.00767
27600 2.01752
27700 2.0273
27800 2.037
27900 2.04663
28000 2.05618
28000 2.05618
28100 2.06566
28200 2.07507
28300 2.08441
28400 2.09368
28500 2.10287
28600 2.112
28700 2.12105
28800 2.13004
28900 2.13896
29000 2.14781
29000 2.14781
29100 2.15659
29200 2.16531
29300 2.17396
29400 2.18254
29500 2.19106
29600 2.19951
29700 2.2079
29800 2.21623
29900 2.22449
30000 2.23268
30000 2.23268
30100 2.24082
30200 2.24889
30300 2.25691
30400 2.26486
30500 2.27275
30600 2.28058
30700 2.28835
30800 2.29606
30900 2.30371
31000 2.31131
31000 2.31131
31100 2.31885
31200 2.32632
31300 2.33375
31400 2.34111
31500 2.34842
31600 2.35568
31700 2.36287
31800 2.37002
31900 2.37711
32000 2.38414
32000 2.38414
32100 2.39112
32200 2.39805
32300 2.40493
32400 2.41175
32500 2.41852
32600 2.42524
32700 2.43191
32800 2.43852
32900 2.44509
33000 2.45161
33000 2.45161
33100 2.45807
33200 2.46449
33300 2.47086
33400 2.47718
33500 2.48345
33600 2.48968
33700 2.49585
33800 2.50198
33900 2.50807
34000 2.5141
34000 2.5141
34100 2.52009
34200 2.52604
34300 2.53194
34400 2.53779
34500 2.5436
34600 2.54937
34700 2.55509
34800 2.56077
34900 2.5664
35000 2.572
35000 2.572
35100 2.57754
35200 2.58305
35300 2.58852
35400 2.59394
35500 2.59932
35600 2.60466
35700 2.60996
35800 2.61522
35900 2.62044
36000 2.62562
36000 2.62562
36100 2.63076
36200 2.63586
36300 2.64093
36400 2.64595
36500 2.65094
36600 2.65588
36700 2.66079
36800 2.66567
36900 2.6705
37000 2.6753
37000 2.6753
37100 2.68006
37200 2.68479
37300 2.68948
37400 2.69413
37500 2.69875
37600 2.70333
37700 2.70788
37800 2.71239
37900 2.71687
38000 2.72132
38000 2.72132
38100 2.72573
38200 2.7301
38300 2.73445
38400 2.73876
38500 2.74304
38600 2.74728
38700 2.7515
38800 2.75568
38900 2.75982
39000 2.76394
39000 2.76394
39100 2.76803
39200 2.77208
39300 2.77611
39400 2.7801
39500 2.78406
39600 2.788
39700 2.7919
39800 2.79577
39900 2.79961
40000 2.80343
40000 2.80343
40100 2.80721
40200 2.81097
40300 2.8147
40400 2.8184
40500 2.82207
40600 2.82571
40700 2.82933
40800 2.83291
40900 2.83647
41000 2.84001
41000 2.84001
41100 2.84351
41200 2.84699
41300 2.85044
41400 2.85387
41500 2.85727
41600 2.86065
41700 2.864
41800 2.86732
41900 2.87062
42000 2.87389
42000 2.87389
42100 2.87714
42200 2.88036
42300 2.88356
42400 2.88673
42500 2.88988
42600 2.89301
42700 2.89611
42800 2.89919
42900 2.90224
43000 2.90528
43000 2.90528
43100 2.90828
43200 2.91127
43300 2.91423
43400 2.91717
43500 2.92009
43600 2.92299
43700 2.92586
43800 2.92871
43900 2.93154
