0 3.03099
0 3.03079
0 3.03079
2 3.02143
2 3.02143
100 2.93299
200 2.84521
300 2.76019
400 2.67787
500 2.59815
600 2.52095
700 2.4462
800 2.37381
900 2.3037
1000 2.23582
1000 2.23582
1100 2.17008
1200 2.10642
1300 2.04477
1400 1.98507
1500 1.92727
1600 1.87129
1700 1.81707
1800 1.76458
1800 1.76458
1800 1.76458
1900 1.76693
2000 1.76927
2000 1.76927
2100 1.77161
2200 1.77395
2300 1.77628
2400 1.77861
2500 1.78094
2600 1.78326
2700 1.78558
2800 1.7879
2900 1.79021
3000 1.79252
3000 1.79252
3100 1.79482
3200 1.79712
3300 1.79942
3400 1.80172
3500 1.80401
3600 1.8063
3700 1.80858
3800 1.81086
3900 1.81314
4000 1.81541
4000 1.81541
4100 1.81768
4200 1.81995
4300 1.82221
4400 1.82447
4500 1.82673
4600 1.82898
4700 1.83123
4800 1.83347
4900 1.83572
5000 1.83796
5000 1.83796
5100 1.84019
5200 1.84242
5300 1.84465
5400 1.84688
5500 1.8491
5600 1.85132
5700 1.85353
5800 1.85575
5900 1.85795
6000 1.86016
6000 1.86016
6100 1.86236
6200 1.86456
6300 1.86675
6400 1.86894
6500 1.87113
6600 1.87332
6700 1.8755
6800 1.87768
6900 1.87985
7000 1.88202
7000 1.88202
7100 1.88419
7200 1.88636
7300 1.88852
7400 1.89068
7500 1.89283
7600 1.89498
7700 1.89713
7800 1.89928
7900 1.90142
8000 1.90356
8000 1.90356
8100 1.90569
8200 1.90783
8300 1.90995
8400 1.91208
8500 1.9142
8600 1.91632
8700 1.91844
8800 1.92055
8900 1.92266
9000 1.92476
9000 1.92476
9100 1.92687
9200 1.92897
9300 1.93106
9400 1.93316
9500 1.93525
9600 1.93733
9700 1.93942
9800 1.9415
9900 1.94357
10000 1.94565
10000 1.94565
10100 1.94772
10200 1.94979
10300 1.95185
10400 1.95391
10500 1.95597
10600 1.95803
10700 1.96008
10800 1.96213
10900 1.96417
11000 1.96622
11000 1.96622
11100 1.96826
11200 1.97029
11300 1.97232
11400 1.97435
11500 1.97638
11600 1.97841
11700 1.98043
11800 1.98244
11900 1.98446
12000 1.98647
12000 1.98647
12100 1.98848
12200 1.99048
12300 1.99249
12400 1.99449
12500 1.99648
12600 1.99848
12700 2.00047
12800 2.00245
12900 2.00444
13000 2.00642
13000 2.00642
13100 2.0084
13200 2.01037
13300 2.01234
13400 2.01431
13500 2.01628
13600 2.01824
13700 2.0202
13800 2.02216
13900 2.02411
14000 2.02606
14000 2.02606
14100 2.02801
14200 2.02995
14300 2.0319
14400 2.03384
14500 2.03577
14600 2.0377
14700 2.03963
14800 2.04156
14900 2.04349
15000 2.04541
15000 2.04541
15100 2.04733
15200 2.04924
15300 2.05115
15400 2.05306
15500 2.05497
15600 2.05687
15700 2.05877
15800 2.06067
15900 2.06257
16000 2.06446
16000 2.06446
16100 2.06635
16200 2.06823
16300 2.07012
16400 2.072
16500 2.07388
16600 2.07575
16700 2.07762
16800 2.07949
16900 2.08136
17000 2.08322
17000 2.08322
17100 2.08508
17200 2.08694
17300 2.08879
17400 2.09065
17500 2.0925
17600 2.09434
17700 2.09619
17800 2.09803
17900 2.09986
18000 2.1017
18000 2.1017
18100 2.10353
18200 2.10536
18300 2.10719
18400 2.10901
18500 2.11083
18600 2.11265
18700 2.11447
18800 2.11628
18900 2.11809
19000 2.1199
19000 2.1199
19100 2.1217
19200 2.1235
19300 2.1253
19400 2.1271
19500 2.12889
19600 2.13068
19700 2.13247
19800 2.13425
19900 2.13604
20000 2.13782
20000 2.13782
20100 2.13959
20200 2.14137
20300 2.14314
20400 2.14491
20500 2.14667
20600 2.14844
20700 2.1502
20800 2.15196
20900 2.15371
21000 2.15546
21000 2.15546
21100 2.15721
21200 2.15896
21300 2.16071
21400 2.16245
21500 2.16419
21600 2.16592
21700 2.16766
21800 2.16939
21900 2.17112
22000 2.17284
22000 2.17284
22100 2.17457
22200 2.17629
22300 2.17801
22400 2.17972
22500 2.18144
22600 2.18315
22700 2.18485
22800 2.18656
22900 2.18826
23000 2.18996
23000 2.18996
23100 2.19166
23200 2.19335
23300 2.19504
23400 2.19673
23500 2.19842
23600 2.2001
23700 2.20179
23800 2.20347
23900 2.20514
24000 2.20682
24000 2.20682
24100 2.20849
24200 2.21016
24300 2.21182
24400 2.21349
24500 2.21515
24600 2.21681
24700 2.21846
24800 2.22012
24900 2.22177
25000 2.22342
25000 2.22342
25100 2.22506
25200 2.22671
25300 2.22835
25400 2.22999
25500 2.23162
25600 2.23326
25700 2.23489
25800 2.23651
25900 2.23814
26000 2.23976
26000 2.23976
26100 2.24139
26200 2.243
26300 2.24462
26400 2.24623
26500 2.24785
26600 2.24945
26700 2.25106
26800 2.25266
26900 2.25427
27000 2.25586
27000 2.25586
27100 2.25746
27200 2.25905
27300 2.26065
27400 2.26224
27500 2.26382
27600 2.26541
27700 2.26699
27800 2.26857
27900 2.27014
28000 2.27172
28000 2.27172
28100 2.27329
28200 2.27486
28300 2.27643
28400 2.27799
28500 2.27956
28600 2.28112
28700 2.28267
28800 2.28423
28900 2.28578
29000 2.28733
29000 2.28733
29100 2.28888
29200 2.29043
29300 2.29197
29400 2.29351
29500 2.29505
29600 2.29659
29700 2.29812
29800 2.29965
29900 2.30118
30000 2.30271
30000 2.30271
30100 2.30424
30200 2.30576
30300 2.30728
30400 2.3088
30500 2.31031
30600 2.31182
30700 2.31334
30800 2.31484
30900 2.31635
31000 2.31785
31000 2.31785
31100 2.31936
31200 2.32086
31300 2.32235
31400 2.32385
31500 2.32534
31600 2.32683
31700 2.32832
31800 2.3298
31900 2.33129
32000 2.33277
32000 2.33277
32100 2.33425
32200 2.33572
32300 2.3372
32400 2.33867
32500 2.34014
32600 2.34161
32700 2.34307
32800 2.34454
32900 2.346
33000 2.34745
33000 2.34745
33100 2.34891
33200 2.35037
33300 2.35182
33400 2.35327
33500 2.35471
33600 2.35616
33700 2.3576
33800 2.35904
33900 2.36048
34000 2.36192
34000 2.36192
34100 2.36335
34200 2.36478
34300 2.36621
34400 2.36764
34500 2.36907
34600 2.37049
34700 2.37191
34800 2.37333
34900 2.37475
35000 2.37616
35000 2.37616
35100 2.37758
35200 2.37899
35300 2.38039
35400 2.3818
35500 2.3832
35600 2.38461
35700 2.386
35800 2.3874
35900 2.3888
36000 2.39019
36000 2.39019
36100 2.39158
36200 2.39297
36300 2.39436
36400 2.39574
36500 2.39712
36600 2.3985
36700 2.39988
36800 2.40126
36900 2.40263
37000 2.40401
37000 2.40401
37100 2.40538
37200 2.40674
37300 2.40811
37400 2.40947
37500 2.41083
37600 2.41219
37700 2.41355
37800 2.41491
37900 2.41626
38000 2.41761
38000 2.41761
38100 2.41896
38200 2.42031
38300 2.42165
38400 2.42299
38500 2.42433
38600 2.42567
38700 2.42701
38800 2.42835
38900 2.42968
39000 2.43101
39000 2.43101
39100 2.43234
39200 2.43366
39300 2.43499
39400 2.43631
39500 2.43763
39600 2.43895
39700 2.44027
39800 2.44158
39900 2.44289
40000 2.4442
40000 2.4442
40100 2.44551
40200 2.44682
40300 2.44812
40400 2.44942
40500 2.45073
40600 2.45202
40700 2.45332
40800 2.45461
40900 2.45591
41000 2.4572
41000 2.4572
41100 2.45849
41200 2.45977
41300 2.46106
41400 2.46234
41500 2.46362
41600 2.4649
41700 2.46618
41800 2.46745
41900 2.46872
42000 2.46999
42000 2.46999
42100 2.47126
42200 2.47253
42300 2.4738
42400 2.47506
42500 2.47632
42600 2.47758
42700 2.47884
42800 2.48009
42900 2.48135
43000 2.4826
43000 2.4826
43100 2.48385
43200 2.48509
43300 2.48634
43400 2.48758
43500 2.48883
43600 2.49007
43700 2.4913
43800 2.49254
43900 2.49378
