0 3.03099
0 3.03081
0 3.03081
2 3.02162
2 3.02162
100 2.94208
200 2.86537
300 2.7932
400 2.72533
500 2.66148
600 2.60142
700 2.54493
800 2.4918
900 2.44182
1000 2.3948
1000 2.3948
1100 2.35058
1200 2.30899
1300 2.26986
1400 2.23306
1500 2.19844
1600 2.16588
1700 2.13526
1800 2.10645
1900 2.07935
2000 2.05386
2000 2.05386
2048 2.04217
2048 2.04217
2050 2.0371
2050 2.0371
2100 2.02544
2200 2.00315
2300 1.98219
2400 1.96247
2500 1.94392
2600 1.92647
2700 1.91006
2800 1.89462
2900 1.8801
3000 1.86644
3000 1.86644
3100 1.85359
3200 1.84151
3300 1.83014
3400 1.81945
3500 1.80939
3600 1.79993
3600 1.79993
3600 1.79993
3700 1.84515
3800 1.88901
3900 1.93155
4000 1.9728
4000 1.9728
4100 2.01281
4200 2.05161
4300 2.08924
4400 2.12574
4500 2.16114
4600 2.19547
4700 2.22877
4800 2.26106
4900 2.29238
5000 2.32275
5000 2.32275
5100 2.35221
5200 2.38078
5300 2.40849
5400 2.43537
5500 2.46143
5600 2.48671
5700 2.51123
5800 2.535
5900 2.55806
6000 2.58043
6000 2.58043
6100 2.60212
6200 2.62316
6300 2.64356
6400 2.66335
6500 2.68254
6600 2.70116
6700 2.71921
6800 2.73672
6900 2.7537
7000 2.77016
7000 2.77016
7100 2.78614
7200 2.80163
7300 2.81665
7400 2.83122
7500 2.84535
7600 2.85906
7700 2.87235
7800 2.88524
7900 2.89774
8000 2.90987
8000 2.90987
8100 2.92163
8200 2.93303
8300 2.9441
8400 2.95482
8500 2.96523
8600 2.97532
8700 2.98511
8800 2.9946
8900 3.00381
8900 3.00381
8900 3.00381
9000 2.92342
9000 2.92342
9100 2.84781
9200 2.77669
9300 2.7098
9400 2.64687
9500 2.58768
9600 2.53201
9700 2.47964
9800 2.43038
9900 2.38405
10000 2.34047
10000 2.34047
10100 2.29947
10200 2.26091
10240 2.24614
10240 2.24614
10242 2.24035
10242 2.24035
10300 2.21978
10400 2.18595
10500 2.15413
10502 2.15339
10502 2.15339
10504 2.14322
10504 2.14322
10504 2.14317
10504 2.14317
10505 2.14051
10505 2.14051
10505 2.14043
10505 2.14043
10506 2.13714
10506 2.13714
10506 2.13709
10506 2.13709
10507 2.13078
10507 2.13078
10600 2.10441
10700 2.07744
10800 2.05206
10900 2.02819
11000 2.00574
11000 2.00574
11100 1.98462
11200 1.96476
11300 1.94607
11400 1.9285
11500 1.91196
11600 1.89641
11700 1.88179
11800 1.86803
11900 1.85509
12000 1.84291
12000 1.84291
12100 1.83146
12200 1.82069
12288 1.81175
12288 1.81175
12290 1.80714
12290 1.80714
12290 1.80714
12290 1.80714
12300 1.81162
12400 1.85648
12500 1.9
12600 1.9422
12700 1.98313
12800 2.02283
12900 2.06133
13000 2.09867
13000 2.09867
13100 2.13488
13200 2.17001
13300 2.20407
13400 2.23711
13500 2.26915
13600 2.30022
13700 2.33036
13800 2.35959
13900 2.38794
14000 2.41543
14000 2.41543
14100 2.4421
14200 2.46796
14300 2.49304
14330 2.50052
14330 2.50052
14336 2.49762
14336 2.49762
14338 2.49095
14338 2.49095
14338 2.49095
14338 2.49095
14400 2.50615
14500 2.53008
14600 2.55329
14700 2.5758
14800 2.59763
14900 2.61881
15000 2.63934
15000 2.63934
15100 2.65926
15200 2.67857
15300 2.6973
15400 2.71547
15500 2.73309
15600 2.75018
15700 2.76676
15800 2.78283
15900 2.79842
16000 2.81354
16000 2.81354
16082 2.8257
16082 2.8257
16082 2.8257
16082 2.8257
16082 2.8257
16086 2.78917
16086 2.78917
16087 2.78906
16087 2.78906
16088 2.78529
16088 2.78529
16088 2.78529
16088 2.78529
16100 2.78717
16200 2.80263
16300 2.81762
16378 2.82906
16378 2.82906
16384 2.82503
16384 2.82503
16386 2.81616
16386 2.81616
16386 2.81616
16386 2.81616
16400 2.81818
16500 2.83271
16600 2.84679
16700 2.86045
16800 2.8737
16900 2.88655
17000 2.89902
17000 2.89902
17100 2.9111
17200 2.92283
17300 2.9342
17400 2.94522
17500 2.95592
17600 2.96629
17700 2.97635
17800 2.98611
17900 2.99557
18000 3.00474
18000 3.00474
18100 3.01365
18200 3.02228
18300 3.03065
18400 3.03877
18426 3.04087
18426 3.04087
18432 3.03612
18432 3.03612
18500 3.04156
18600 3.04935
18700 3.0569
18800 3.06423
18900 3.07134
19000 3.07823
19000 3.07823
19100 3.08492
19200 3.0914
19300 3.09769
19400 3.10378
19500 3.1097
19600 3.11544
19700 3.121
19800 3.12639
19900 3.13163
20000 3.1367
20000 3.1367
20100 3.14162
20200 3.1464
20300 3.15103
20400 3.15552
20474 3.15877
20474 3.15877
20480 3.15362
20480 3.15362
20482 3.14397
20482 3.14397
20482 3.14397
20482 3.14397
20500 3.14482
20600 3.14949
20700 3.15403
20800 3.15843
20900 3.1627
21000 3.16684
21000 3.16684
21100 3.17085
21200 3.17474
21300 3.17852
21400 3.18218
21500 3.18573
21600 3.18918
21700 3.19252
21800 3.19576
21900 3.1989
22000 3.20194
22000 3.20194
22100 3.2049
22200 3.20777
22300 3.21055
22400 3.21324
22500 3.21586
22522 3.21643
22522 3.21643
22528 3.21108
22528 3.21108
22530 3.20193
22530 3.20193
22530 3.20193
22530 3.20193
22600 3.20401
22700 3.2069
22800 3.20971
22900 3.21243
23000 3.21507
23000 3.21507
23100 3.21763
23200 3.22011
23300 3.22252
23400 3.22485
23500 3.22712
23600 3.22932
23700 3.23145
23800 3.23351
23900 3.23552
24000 3.23746
24000 3.23746
24100 3.23934
24200 3.24117
24300 3.24295
24400 3.24466
24500 3.24633
24570 3.24748
24570 3.24748
24576 3.24202
24576 3.24202
24578 3.23204
24578 3.23204
24578 3.23204
24578 3.23204
24600 3.23249
24700 3.23452
24800 3.2365
24900 3.23841
25000 3.24027
25000 3.24027
25100 3.24207
25200 3.24381
25300 3.24551
25400 3.24715
25500 3.24874
25600 3.25029
25700 3.25178
25800 3.25324
25900 3.25465
26000 3.25601
26000 3.25601
26082 3.25711
26082 3.25711
26082 3.25711
26082 3.25711
26082 3.25711
26086 3.21436
26086 3.21436
26087 3.21421
26087 3.21421
26088 3.20971
26088 3.20971
26088 3.20971
26088 3.20971
26100 3.21004
26200 3.21275
26300 3.21538
26400 3.21793
26500 3.22041
26600 3.22281
26618 3.22324
26618 3.22324
26624 3.21787
26624 3.21787
26626 3.20869
26626 3.20869
26626 3.20869
26626 3.20869
26700 3.21074
26800 3.21343
26900 3.21604
27000 3.21857
27000 3.21857
27100 3.22102
27200 3.2234
27300 3.22571
27400 3.22795
27500 3.23012
27600 3.23223
27700 3.23427
27800 3.23625
27900 3.23817
28000 3.24003
28000 3.24003
28100 3.24184
28200 3.24359
28300 3.24529
28400 3.24694
28500 3.24854
28600 3.25009
28666 3.2511
28666 3.2511
28672 3.24563
28672 3.24563
28674 3.23509
28674 3.23509
28674 3.23509
28674 3.23509
28700 3.2356
28800 3.23754
28900 3.23942
29000 3.24124
29000 3.24124
29100 3.24302
29200 3.24473
29300 3.2464
29400 3.24801
29500 3.24958
29600 3.2511
29700 3.25257
29800 3.254
29900 3.25539
30000 3.25673
30000 3.25673
30100 3.25804
30200 3.2593
30300 3.26053
30400 3.26172
30500 3.26287
30600 3.26399
30700 3.26507
30714 3.26523
30714 3.26523
30720 3.25971
30720 3.25971
30800 3.26069
30900 3.26187
31000 3.26302
31000 3.26302
31100 3.26413
31200 3.26522
31300 3.26626
31400 3.26728
31500 3.26827
31600 3.26922
31700 3.27015
31800 3.27105
31900 3.27192
32000 3.27277
32000 3.27277
32100 3.27359
32200 3.27438
32300 3.27515
32400 3.2759
32500 3.27663
32600 3.27733
32700 3.27802
32762 3.27843
32762 3.27843
32768 3.27287
32768 3.27287
32770 3.26277
32770 3.26277
32770 3.26277
32770 3.26277
32800 3.26311
32900 3.26422
33000 3.2653
33000 3.2653
33100 3.26634
33200 3.26736
33300 3.26834
33400 3.2693
33500 3.27022
33600 3.27112
33700 3.27199
33800 3.27283
33900 3.27365
34000 3.27444
34000 3.27444
34100 3.27521
34200 3.27596
34300 3.27668
34400 3.27739
34500 3.27807
34600 3.27873
34700 3.27937
34800 3.27999
34810 3.28005
34810 3.28005
34816 3.27449
34816 3.27449
34818 3.26512
34818 3.26512
34818 3.26512
34818 3.26512
34900 3.26598
35000 3.267
35000 3.267
35100 3.268
35200 3.26896
35300 3.2699
35400 3.27081
35500 3.27168
35600 3.27254
35700 3.27337
35800 3.27417
35900 3.27495
36000 3.2757
36000 3.2757
36082 3.27631
36082 3.27631
36082 3.27631
36082 3.27631
36082 3.27631
36086 3.23328
36086 3.23328
36087 3.23313
36087 3.23313
36088 3.2286
36088 3.2286
36088 3.2286
36088 3.2286
36100 3.22886
36200 3.231
36300 3.23308
36400 3.2351
36500 3.23705
36600 3.23895
36700 3.24079
36800 3.24258
36858 3.24359
36858 3.24359
36864 3.23815
36864 3.23815
36866 3.22764
36866 3.22764
36866 3.22764
36866 3.22764
36900 3.22838
37000 3.23054
37000 3.23054
37100 3.23263
37200 3.23466
37300 3.23663
37400 3.23854
37500 3.24039
37600 3.24219
37700 3.24393
37800 3.24562
37900 3.24726
38000 3.24885
38000 3.24885
38100 3.25039
38200 3.25189
38300 3.25334
38400 3.25474
38500 3.25611
38600 3.25743
38700 3.25871
38800 3.25996
38900 3.26116
38906 3.26124
38906 3.26124
38912 3.25574
38912 3.25574
39000 3.25691
39000 3.25691
39100 3.25821
39200 3.25947
39300 3.26069
39400 3.26188
39500 3.26303
39600 3.26414
39700 3.26522
39800 3.26627
39900 3.26728
40000 3.26827
40000 3.26827
40100 3.26923
40200 3.27015
40300 3.27105
40400 3.27192
40500 3.27277
40600 3.27359
40700 3.27439
40800 3.27516
40900 3.27591
40954 3.2763
40954 3.2763
40960 3.27075
40960 3.27075
40962 3.26066
40962 3.26066
40962 3.26066
40962 3.26066
41000 3.26111
41000 3.26111
41100 3.26228
41200 3.26342
41300 3.26452
41400 3.26559
41500 3.26663
41600 3.26763
41700 3.26861
41800 3.26955
41900 3.27047
42000 3.27136
42000 3.27136
42100 3.27222
42200 3.27306
42300 3.27387
42400 3.27466
42500 3.27542
42600 3.27616
42700 3.27688
42800 3.27758
42900 3.27825
43000 3.27891
43000 3.27891
43002 3.27892
43002 3.27892
43008 3.27336
43008 3.27336
43010 3.26399
43010 3.26399
43010 3.26399
43010 3.26399
43100 3.26497
43200 3.26603
43300 3.26705
43400 3.26804
43500 3.269
43600 3.26994
43700 3.27084
43800 3.27172
43900 3.27257
