0 3.03099
0 3.0308
0 3.0308
2 3.02152
2 3.02152
100 2.93733
200 2.85489
300 2.77614
400 2.70094
500 2.6291
600 2.56049
700 2.49496
800 2.43236
900 2.37258
1000 2.31548
1000 2.31548
1100 2.26094
1200 2.20885
1300 2.1591
1400 2.11157
1500 2.06619
1600 2.02283
1700 1.98143
1800 1.94188
1900 1.9041
2000 1.86803
2000 1.86803
2048 1.85129
2048 1.85129
2050 1.84643
2050 1.84643
2100 1.82951
2200 1.79677
2200 1.79677
2200 1.79677
2300 1.8196
2400 1.84209
2500 1.86423
2600 1.88604
2700 1.90751
2800 1.92866
2900 1.94949
3000 1.97
3000 1.97
3100 1.9902
3200 2.01009
3300 2.02968
3400 2.04898
3500 2.06798
3600 2.08669
3700 2.10512
3800 2.12326
3900 2.14114
4000 2.15874
4000 2.15874
4100 2.17607
4200 2.19314
4300 2.20995
4400 2.22651
4500 2.24281
4600 2.25887
4700 2.27468
4800 2.29025
4900 2.30559
5000 2.32069
5000 2.32069
5100 2.33556
5200 2.35021
5300 2.36464
5400 2.37884
5500 2.39283
5600 2.40661
5700 2.42018
5800 2.43354
5900 2.4467
6000 2.45966
6000 2.45966
6100 2.47242
6200 2.48499
6300 2.49737
6400 2.50956
6500 2.52156
6600 2.53339
6700 2.54503
6800 2.5565
6900 2.56779
7000 2.57891
7000 2.57891
7100 2.58986
7200 2.60065
7300 2.61127
7400 2.62173
7500 2.63203
7600 2.64217
7700 2.65216
7800 2.662
7900 2.67169
8000 2.68123
8000 2.68123
8100 2.69063
8200 2.69989
8300 2.709
8400 2.71798
8500 2.72682
8600 2.73552
8700 2.74409
8800 2.75254
8900 2.76085
9000 2.76904
9000 2.76904
9100 2.7771
9200 2.78504
9300 2.79287
9400 2.80057
9500 2.80815
9600 2.81562
9700 2.82298
9800 2.83022
9900 2.83736
10000 2.84438
10000 2.84438
10100 2.8513
10200 2.85812
10300 2.86483
10400 2.87144
10500 2.87795
10600 2.88436
10700 2.89067
10800 2.89689
10900 2.90301
11000 2.90904
11000 2.90904
11100 2.91497
11200 2.92082
11300 2.92658
11400 2.93225
11500 2.93784
11600 2.94334
11700 2.94875
11800 2.95409
11900 2.95934
12000 2.96451
12000 2.96451
12100 2.96961
12200 2.97463
12300 2.97957
12400 2.98443
12500 2.98923
12600 2.99395
12700 2.99859
12800 3.00317
12800 3.00317
12800 3.00317
12900 2.91777
13000 2.83621
13000 2.83621
13100 2.7583
13200 2.68389
13300 2.61282
13400 2.54494
13500 2.48011
13600 2.41818
13700 2.35904
13800 2.30254
13900 2.24858
14000 2.19705
14000 2.19705
14100 2.14782
14200 2.10081
14300 2.0559
14336 2.04023
14336 2.04023
14338 2.03478
14338 2.03478
14400 2.00856
14500 1.9678
14502 1.96684
14502 1.96684
14504 1.95736
14504 1.95736
14504 1.9573
14504 1.9573
14505 1.95475
14505 1.95475
14505 1.95465
14505 1.95465
14506 1.95149
14506 1.95149
14506 1.95143
14506 1.95143
14507 1.94555
14507 1.94555
14600 1.91052
14700 1.87416
14800 1.83942
14900 1.80625
15000 1.77456
15000 1.77456
15000 1.77456
15000 1.77456
15100 1.79773
15200 1.82054
15300 1.84301
15400 1.86514
15500 1.88693
15600 1.90839
15700 1.92953
15800 1.95034
15900 1.97084
16000 1.99103
16000 1.99103
16100 2.01091
16200 2.03049
16300 2.04977
16400 2.06876
16500 2.08746
16600 2.10587
16700 2.12401
16800 2.14187
16900 2.15946
17000 2.17678
17000 2.17678
17100 2.19384
17200 2.21064
17300 2.22719
17400 2.24348
17500 2.25953
17600 2.27533
17700 2.29089
17800 2.30622
17900 2.32131
18000 2.33617
18000 2.33617
18100 2.35081
18200 2.36523
18300 2.37943
18400 2.39341
18500 2.40718
18600 2.42074
18700 2.43409
18800 2.44724
18900 2.46019
19000 2.47295
19000 2.47295
19100 2.48551
19200 2.49788
19300 2.51006
19400 2.52206
19500 2.53387
19600 2.54551
19700 2.55697
19800 2.56825
19900 2.57937
20000 2.59031
20000 2.59031
20100 2.60109
20200 2.6117
20300 2.62216
20400 2.63245
20500 2.64259
20600 2.65257
20700 2.66241
20800 2.67209
20900 2.68163
21000 2.69102
21000 2.69102
21100 2.70027
21200 2.70938
21300 2.71835
21400 2.72718
21500 2.73588
21600 2.74445
21700 2.75288
21800 2.76119
21900 2.76938
22000 2.77743
22000 2.77743
22100 2.78537
22200 2.79319
22300 2.80088
22400 2.80846
22500 2.81593
22600 2.82328
22700 2.83052
22800 2.83765
22900 2.84467
23000 2.85159
23000 2.85159
23100 2.8584
23200 2.8651
23300 2.87171
23400 2.87821
23500 2.88462
23600 2.89093
23700 2.89714
23800 2.90326
23900 2.90928
24000 2.91522
24000 2.91522
24100 2.92106
24200 2.92682
24300 2.93248
24400 2.93807
24500 2.94356
24600 2.94898
24700 2.95431
24800 2.95956
24900 2.96473
25000 2.96982
25000 2.96982
25100 2.97483
25200 2.97977
25300 2.98463
25400 2.98942
25500 2.99414
25600 2.99878
25700 3.00336
25700 3.00336
25700 3.00336
25800 2.91795
25900 2.83638
26000 2.75847
26000 2.75847
26100 2.68405
26200 2.61297
26300 2.54509
26400 2.48024
26500 2.41831
26600 2.35916
26624 2.34536
26624 2.34536
26626 2.33893
26626 2.33893
26626 2.33893
26626 2.33893
26700 2.34975
26800 2.36418
26900 2.3784
27000 2.39239
27000 2.39239
27100 2.40618
27200 2.41975
27300 2.43312
27400 2.44629
27500 2.45925
27600 2.47202
27700 2.4846
27800 2.49698
27900 2.50918
28000 2.52119
28000 2.52119
28100 2.53302
28200 2.54466
28300 2.55614
28400 2.56743
28500 2.57856
28600 2.58952
28666 2.5967
28666 2.5967
28672 2.59287
28672 2.59287
28674 2.58509
28674 2.58509
28674 2.58509
28674 2.58509
28700 2.5879
28800 2.59872
28900 2.60937
29000 2.61986
29000 2.61986
29100 2.63019
29200 2.64036
29300 2.65038
29400 2.66024
29500 2.66996
29600 2.67953
29700 2.68895
29800 2.69823
29900 2.70737
30000 2.71637
30000 2.71637
30082 2.72371
30082 2.72371
30082 2.72371
30082 2.72371
30082 2.72371
30086 2.68828
30086 2.68828
30087 2.68816
30087 2.68816
30088 2.68447
30088 2.68447
30088 2.68447
30088 2.68447
30100 2.68559
30200 2.69492
30300 2.70411
30400 2.71316
30500 2.72208
30600 2.73085
30700 2.7395
30714 2.74073
30714 2.74073
30720 2.73653
30720 2.73653
30722 2.72886
30722 2.72886
30722 2.72886
30722 2.72886
30800 2.73563
30900 2.7442
31000 2.75264
31000 2.75264
31100 2.76095
31200 2.76914
31300 2.7772
31400 2.78514
31500 2.79296
31600 2.80066
31700 2.80825
31800 2.81572
31900 2.82307
32000 2.83031
32000 2.83031
32100 2.83745
32200 2.84447
32300 2.85139
32400 2.8582
32500 2.86491
32600 2.87152
32700 2.87803
32762 2.88204
32762 2.88204
32768 2.87747
32768 2.87747
32770 2.86824
32770 2.86824
32770 2.86824
32770 2.86824
32800 2.8702
32900 2.87672
33000 2.88315
33000 2.88315
33100 2.88948
33200 2.89572
33300 2.90186
33400 2.9079
33500 2.91386
33600 2.91972
33700 2.9255
33800 2.93119
33900 2.93679
34000 2.9423
34000 2.9423
34100 2.94774
34200 2.95308
34300 2.95835
34400 2.96354
34500 2.96865
34600 2.97368
34700 2.97864
34800 2.98352
34810 2.98402
34810 2.98402
34816 2.9792
34816 2.9792
34900 2.98329
35000 2.9881
35000 2.9881
35100 2.99284
35200 2.99751
35300 3.0021
35400 3.00662
35500 3.01108
35600 3.01547
35700 3.01979
35800 3.02404
35900 3.02823
36000 3.03236
36000 3.03236
36100 3.03642
36200 3.04043
36300 3.04437
36400 3.04825
36500 3.05207
36600 3.05584
36700 3.05955
36800 3.0632
36858 3.06531
36858 3.06531
36864 3.06027
36864 3.06027
36866 3.05089
36866 3.05089
36866 3.05089
36866 3.05089
36900 3.05217
37000 3.05594
37000 3.05594
37100 3.05964
37200 3.06329
37300 3.06689
37400 3.07043
37500 3.07391
37600 3.07735
37700 3.08073
37800 3.08406
37900 3.08734
38000 3.09057
38000 3.09057
38100 3.09375
38200 3.09688
38300 3.09996
38400 3.103
38500 3.10599
38600 3.10894
38700 3.11184
38800 3.1147
38900 3.11751
38906 3.11769
38906 3.11769
38912 3.11252
38912 3.11252
38914 3.10365
38914 3.10365
38914 3.10365
38914 3.10365
39000 3.10622
39000 3.10622
39100 3.10916
39200 3.11206
39300 3.11492
39400 3.11773
39500 3.12049
39600 3.12322
39700 3.1259
39800 3.12855
39900 3.13115
40000 3.13372
40000 3.13372
40082 3.13581
40082 3.13581
40082 3.13581
40082 3.13581
40082 3.13581
40086 3.09469
40086 3.09469
40087 3.09454
40087 3.09454
40088 3.09022
40088 3.09022
40088 3.09022
40088 3.09022
40100 3.0906
40200 3.09378
40300 3.09691
40400 3.1
40500 3.10303
40600 3.10602
40700 3.10897
40800 3.11187
40900 3.11473
40954 3.11626
40954 3.11626
40960 3.1111
40960 3.1111
40962 3.10102
40962 3.10102
40962 3.10102
40962 3.10102
41000 3.10217
41000 3.10217
41100 3.10517
41200 3.10813
41300 3.11104
41400 3.11391
41500 3.11674
41600 3.11952
41700 3.12226
41800 3.12496
41900 3.12762
42000 3.13024
42000 3.13024
42100 3.13281
42200 3.13535
42300 3.13785
42400 3.14031
42500 3.14274
42600 3.14513
42700 3.14748
42800 3.1498
42900 3.15208
43000 3.15432
43000 3.15432
43002 3.15438
43002 3.15438
43008 3.14911
43008 3.14911
43100 3.15122
43200 3.15348
43300 3.15571
43400 3.1579
43500 3.16005
43600 3.16218
43700 3.16427
43800 3.16633
43900 3.16836
