0 3.03099
0 3.03079
0 3.03079
2 3.02142
2 3.02142
100 2.93251
200 2.84412
300 2.75839
400 2.67524
500 2.5946
600 2.5164
700 2.44055
800 2.36698
900 2.29564
1000 2.22644
1000 2.22644
1100 2.15933
1200 2.09424
1300 2.03112
1400 1.96989
1500 1.91052
1600 1.85293
1700 1.79708
1700 1.79708
1700 1.79708
1800 1.79708
1900 1.79708
2000 1.79708
2000 1.79708
2100 1.79708
2200 1.79708
2300 1.79707
2400 1.79707
2500 1.79707
2600 1.79707
2700 1.79707
2800 1.79707
2900 1.79707
3000 1.79707
3000 1.79707
3100 1.79707
3200 1.79707
3300 1.79707
3400 1.79707
3500 1.79707
3600 1.79707
3700 1.79707
3800 1.79707
3900 1.79707
4000 1.79707
4000 1.79707
4100 1.79707
4200 1.79707
4300 1.79707
4400 1.79707
4500 1.79707
4600 1.79707
4700 1.79707
4800 1.79707
4900 1.79707
5000 1.79707
5000 1.79707
5100 1.79707
5200 1.79707
5300 1.79707
5400 1.79707
5500 1.79707
5600 1.79707
5700 1.79707
5800 1.79707
5900 1.79707
6000 1.79707
6000 1.79707
6100 1.79706
6200 1.79706
6300 1.79706
6400 1.79706
6500 1.79706
6600 1.79706
6700 1.79706
6800 1.79706
6900 1.79706
7000 1.79706
7000 1.79706
7100 1.79706
7200 1.79706
7300 1.79706
7400 1.79706
7500 1.79706
7600 1.79706
7700 1.79706
7800 1.79706
7900 1.79706
8000 1.79706
8000 1.79706
8100 1.79706
8200 1.79706
8300 1.79706
8400 1.79706
8500 1.79706
8600 1.79706
8700 1.79706
8800 1.79706
8900 1.79706
9000 1.79706
9000 1.79706
9100 1.79706
9200 1.79706
9300 1.79706
9400 1.79706
9500 1.79706
9600 1.79706
9700 1.79706
9800 1.79706
9900 1.79705
10000 1.79705
10000 1.79705
10100 1.79705
10200 1.79705
10300 1.79705
10400 1.79705
10500 1.79705
10600 1.79705
10700 1.79705
10800 1.79705
10900 1.79705
11000 1.79705
11000 1.79705
11100 1.79705
11200 1.79705
11300 1.79705
11400 1.79705
11500 1.79705
11600 1.79705
11700 1.79705
11800 1.79705
11900 1.79705
12000 1.79705
12000 1.79705
12100 1.79705
12200 1.79705
12300 1.79705
12400 1.79705
12500 1.79705
12600 1.79705
12700 1.79705
12800 1.79705
12900 1.79705
13000 1.79705
13000 1.79705
13100 1.79705
13200 1.79705
13300 1.79705
13400 1.79705
13500 1.79705
13600 1.79705
13700 1.79704
13800 1.79704
13900 1.79704
14000 1.79704
14000 1.79704
14100 1.79704
14200 1.79704
14300 1.79704
14400 1.79704
14500 1.79704
14600 1.79704
14700 1.79704
14800 1.79704
14900 1.79704
15000 1.79704
15000 1.79704
15100 1.79704
15200 1.79704
15300 1.79704
15400 1.79704
15500 1.79704
15600 1.79704
15700 1.79704
15800 1.79704
15900 1.79704
16000 1.79704
16000 1.79704
16100 1.79704
16200 1.79704
16300 1.79704
16400 1.79704
16500 1.79704
16600 1.79704
16700 1.79704
16800 1.79704
16900 1.79704
17000 1.79704
17000 1.79704
17100 1.79704
17200 1.79704
17300 1.79704
17400 1.79704
17500 1.79703
17600 1.79703
17700 1.79703
17800 1.79703
17900 1.79703
18000 1.79703
18000 1.79703
18100 1.79703
18200 1.79703
18300 1.79703
18400 1.79703
18500 1.79703
18600 1.79703
18700 1.79703
18800 1.79703
18900 1.79703
19000 1.79703
19000 1.79703
19100 1.79703
19200 1.79703
19300 1.79703
19400 1.79703
19500 1.79703
19600 1.79703
19700 1.79703
19800 1.79703
19900 1.79703
20000 1.79703
20000 1.79703
20100 1.79703
20200 1.79703
20300 1.79703
20400 1.79703
20500 1.79703
20600 1.79703
20700 1.79703
20800 1.79703
20900 1.79703
21000 1.79703
21000 1.79703
21100 1.79703
21200 1.79703
21300 1.79702
21400 1.79702
21500 1.79702
21600 1.79702
21700 1.79702
21800 1.79702
21900 1.79702
22000 1.79702
22000 1.79702
22100 1.79702
22200 1.79702
22300 1.79702
22400 1.79702
22500 1.79702
22600 1.79702
22700 1.79702
22800 1.79702
22900 1.79702
23000 1.79702
23000 1.79702
23100 1.79702
23200 1.79702
23300 1.79702
23400 1.79702
23500 1.79702
23600 1.79702
23700 1.79702
23800 1.79702
23900 1.79702
24000 1.79702
24000 1.79702
24100 1.79702
24200 1.79702
24300 1.79702
24400 1.79702
24500 1.79702
24600 1.79702
24700 1.79702
24800 1.79702
24900 1.79702
25000 1.79702
25000 1.79702
25100 1.79701
25200 1.79701
25300 1.79701
25400 1.79701
25500 1.79701
25600 1.79701
25700 1.79701
25800 1.79701
25900 1.79701
26000 1.79701
26000 1.79701
26100 1.79701
26200 1.79701
26300 1.79701
26400 1.79701
26500 1.79701
26600 1.79701
26700 1.79701
26800 1.79701
26900 1.79701
27000 1.79701
27000 1.79701
27100 1.79701
27200 1.79701
27300 1.79701
27400 1.79701
27500 1.79701
27600 1.79701
27700 1.79701
27800 1.79701
27900 1.79701
28000 1.79701
28000 1.79701
28100 1.79701
28200 1.79701
28300 1.79701
28400 1.79701
28500 1.79701
28600 1.79701
28700 1.79701
28800 1.79701
28900 1.797
29000 1.797
29000 1.797
29100 1.797
29200 1.797
29300 1.797
29400 1.797
29500 1.797
29600 1.797
29700 1.797
29800 1.797
29900 1.797
30000 1.797
30000 1.797
30100 1.797
30200 1.797
30300 1.797
30400 1.797
30500 1.797
30600 1.797
30700 1.797
30800 1.797
30900 1.797
31000 1.797
31000 1.797
31100 1.797
31200 1.797
31300 1.797
31400 1.797
31500 1.797
31600 1.797
31700 1.797
31800 1.797
31900 1.797
32000 1.797
32000 1.797
32100 1.797
32200 1.797
32300 1.797
32400 1.797
32500 1.797
32600 1.797
32700 1.79699
32800 1.79699
32900 1.79699
33000 1.79699
33000 1.79699
33100 1.79699
33200 1.79699
33300 1.79699
33400 1.79699
33500 1.79699
33600 1.79699
33700 1.79699
33800 1.79699
33900 1.79699
34000 1.79699
34000 1.79699
34100 1.79699
34200 1.79699
34300 1.79699
34400 1.79699
34500 1.79699
34600 1.79699
34700 1.79699
34800 1.79699
34900 1.79699
35000 1.79699
35000 1.79699
35100 1.79699
35200 1.79699
35300 1.79699
35400 1.79699
35500 1.79699
35600 1.79699
35700 1.79699
35800 1.79699
35900 1.79699
36000 1.79699
36000 1.79699
36100 1.79699
36200 1.79699
36300 1.79699
36400 1.79699
36500 1.79698
36600 1.79698
36700 1.79698
36800 1.79698
36900 1.79698
37000 1.79698
37000 1.79698
37100 1.79698
37200 1.79698
37300 1.79698
37400 1.79698
37500 1.79698
37600 1.79698
37700 1.79698
37800 1.79698
37900 1.79698
38000 1.79698
38000 1.79698
38100 1.79698
38200 1.79698
38300 1.79698
38400 1.79698
38500 1.79698
38600 1.79698
38700 1.79698
38800 1.79698
38900 1.79698
39000 1.79698
39000 1.79698
39100 1.79698
39200 1.79698
39300 1.79698
39400 1.79698
39500 1.79698
39600 1.79698
39700 1.79698
39800 1.79698
39900 1.79698
40000 1.79698
40000 1.79698
40100 1.79698
40200 1.79698
40300 1.79697
40400 1.79697
40500 1.79697
40600 1.79697
40700 1.79697
40800 1.79697
40900 1.79697
41000 1.79697
41000 1.79697
41100 1.79697
41200 1.79697
41300 1.79697
41400 1.79697
41500 1.79697
41600 1.79697
41700 1.79697
41800 1.79697
41900 1.79697
42000 1.79697
42000 1.79697
42100 1.79697
42200 1.79697
42300 1.79697
42400 1.79697
42500 1.79697
42600 1.79697
42700 1.79697
42800 1.79697
42900 1.79697
43000 1.79697
43000 1.79697
43100 1.79697
43200 1.79697
43300 1.79697
43400 1.79697
43500 1.79697
43600 1.79697
43700 1.79697
43800 1.79697
43900 1.79697
