0 3.03099
0 3.03099
0 3.03099
2 3.03099
2 3.03099
100 3.03099
200 3.03099
300 3.03099
400 3.03099
500 3.03099
600 3.03099
700 3.03099
800 3.03099
900 3.03099
1000 3.03099
1000 3.03099
1100 3.03099
1200 3.03099
1300 3.03099
1400 3.03099
1500 3.03099
1600 3.03099
1700 3.03099
1800 3.03099
1900 3.03099
2000 3.03099
2000 3.03099
2048 3.03099
2048 3.03099
2050 3.03099
2050 3.03099
2100 3.03099
2200 3.03099
2300 3.03099
2400 3.03099
2500 3.03099
2600 3.03099
2700 3.03099
2800 3.03099
2900 3.03099
3000 3.03099
3000 3.03099
3100 3.03099
3200 3.03099
3300 3.03099
3400 3.03099
3500 3.03099
3600 3.03099
3700 3.03099
3800 3.03099
3900 3.03099
4000 3.03099
4000 3.03099
4096 3.03099
4096 3.03099
4098 3.03099
4098 3.03099
4100 3.03099
4200 3.03099
4300 3.03099
4400 3.03099
4500 3.03099
4502 3.03099
4502 3.03099
4504 3.03099
4504 3.03099
4504 3.03099
4504 3.03099
4505 3.03099
4505 3.03099
4505 3.03099
4505 3.03099
4506 3.03099
4506 3.03099
4506 3.03099
4506 3.03099
4507 3.03099
4507 3.03099
4600 3.03099
4700 3.03099
4800 3.03099
4900 3.03099
5000 3.03099
5000 3.03099
5100 3.03099
5200 3.03099
5300 3.03099
5400 3.03099
5500 3.03099
5600 3.03099
5700 3.03099
5800 3.03099
5900 3.03099
6000 3.03099
6000 3.03099
6100 3.03099
6144 3.03099
6144 3.03099
6146 3.02578
6146 3.02578
6146 3.02578
6146 3.02578
6200 3.02605
6300 3.02655
6400 3.02705
6500 3.02755
6600 3.02805
6700 3.02855
6800 3.02905
6900 3.02955
7000 3.03004
7000 3.03004
7100 3.03054
7200 3.03103
7300 3.03153
7400 3.03202
7500 3.03251
7600 3.033
7700 3.03349
7800 3.03398
7900 3.03447
8000 3.03495
8000 3.03495
8100 3.03544
8186 3.03586
8186 3.03586
8192 3.03277
8192 3.03277
8194 3.02715
8194 3.02715
8194 3.02715
8194 3.02715
8200 3.02718
8300 3.02768
8400 3.02818
8500 3.02868
8600 3.02918
8700 3.02967
8800 3.03017
8900 3.03066
9000 3.03116
9000 3.03116
9100 3.03165
9200 3.03214
9300 3.03263
9400 3.03312
9500 3.03361
9600 3.0341
9700 3.03459
9800 3.03508
9900 3.03556
10000 3.03605
10000 3.03605
10082 3.03645
10082 3.03645
10082 3.03645
10082 3.03645
10082 3.03645
10096 2.96125
10096 2.96125
10096 2.96116
10096 2.96116
10097 2.95867
10097 2.95867
10097 2.95867
10097 2.95867
10100 2.95869
10200 2.95931
10234 2.95953
10234 2.95953
10240 2.95653
10240 2.95653
10242 2.95145
10242 2.95145
10242 2.95145
10242 2.95145
10300 2.95182
10400 2.95246
10500 2.9531
10600 2.95373
10700 2.95437
10800 2.955
10900 2.95563
11000 2.95627
11000 2.95627
11100 2.9569
11200 2.95752
11300 2.95815
11400 2.95878
11500 2.95941
11600 2.96003
11700 2.96065
11800 2.96128
11900 2.9619
12000 2.96252
12000 2.96252
12100 2.96314
12200 2.96375
12282 2.96426
12282 2.96426
12288 2.96126
12288 2.96126
12290 2.95547
12290 2.95547
12290 2.95547
12290 2.95547
12300 2.95553
12400 2.95617
12500 2.9568
12600 2.95743
12700 2.95805
12800 2.95868
12900 2.95931
13000 2.95993
13000 2.95993
13100 2.96056
13200 2.96118
13300 2.9618
13400 2.96242
13500 2.96304
13600 2.96366
13700 2.96427
13800 2.96489
13900 2.96551
14000 2.96612
14000 2.96612
14100 2.96673
14200 2.96734
14300 2.96795
14330 2.96814
14330 2.96814
14336 2.96513
14336 2.96513
14400 2.96552
14500 2.96613
14600 2.96675
14700 2.96736
14800 2.96797
14900 2.96858
15000 2.96918
15000 2.96918
15100 2.96979
15200 2.9704
15300 2.971
15400 2.97161
15500 2.97221
15600 2.97281
15700 2.97341
15800 2.97401
15900 2.97461
16000 2.9752
16000 2.9752
16100 2.9758
16200 2.97639
16300 2.97699
16378 2.97745
16378 2.97745
16384 2.97443
16384 2.97443
16386 2.96892
16386 2.96892
16386 2.96892
16386 2.96892
16400 2.969
16500 2.96961
16600 2.97022
16700 2.97082
16800 2.97143
16900 2.97203
17000 2.97263
17000 2.97263
17100 2.97323
17200 2.97383
17300 2.97443
17400 2.97503
17500 2.97562
17600 2.97622
17700 2.97681
17800 2.9774
17900 2.97799
18000 2.97858
18000 2.97858
18100 2.97917
18200 2.97976
18300 2.98035
18400 2.98094
18426 2.98109
18426 2.98109
18432 2.97807
18432 2.97807
18434 2.97295
18434 2.97295
18434 2.97295
18434 2.97295
18500 2.97335
18600 2.97395
18700 2.97454
18800 2.97514
18900 2.97574
19000 2.97633
19000 2.97633
19100 2.97692
19200 2.97752
19300 2.97811
19400 2.9787
19500 2.97929
19600 2.97988
19700 2.98046
19800 2.98105
19900 2.98163
20000 2.98222
20000 2.98222
20082 2.9827
20082 2.9827
20082 2.9827
20082 2.9827
20082 2.9827
20096 2.90885
20096 2.90885
20096 2.90876
20096 2.90876
20097 2.90631
20097 2.90631
20097 2.90631
20097 2.90631
20100 2.90633
20200 2.90706
20300 2.90778
20400 2.9085
20474 2.90903
20474 2.90903
20480 2.90609
20480 2.90609
20482 2.90041
20482 2.90041
20482 2.90041
20482 2.90041
20500 2.90054
20600 2.90128
20700 2.90201
20800 2.90274
20900 2.90347
21000 2.90419
21000 2.90419
21100 2.90492
21200 2.90564
21300 2.90637
21400 2.90709
21500 2.90781
21600 2.90853
21700 2.90925
21800 2.90996
21900 2.91068
22000 2.91139
22000 2.91139
22100 2.91211
22200 2.91282
22300 2.91353
22400 2.91424
22500 2.91494
22522 2.9151
22522 2.9151
22528 2.91215
22528 2.91215
22600 2.91266
22700 2.91338
22800 2.91408
22900 2.91479
23000 2.9155
23000 2.9155
23100 2.9162
23200 2.91691
23300 2.91761
23400 2.91831
23500 2.91901
23600 2.91971
23700 2.92041
23800 2.9211
23900 2.9218
24000 2.92249
24000 2.92249
24100 2.92319
24200 2.92388
24300 2.92457
24400 2.92526
24500 2.92594
24570 2.92643
24570 2.92643
24576 2.92346
24576 2.92346
24578 2.91805
24578 2.91805
24578 2.91805
24578 2.91805
24600 2.9182
24700 2.9189
24800 2.9196
24900 2.9203
25000 2.921
25000 2.921
25100 2.92169
25200 2.92239
25300 2.92308
25400 2.92377
25500 2.92446
25600 2.92515
25700 2.92584
25800 2.92652
25900 2.92721
26000 2.92789
26000 2.92789
26100 2.92857
26200 2.92925
26300 2.92993
26400 2.93061
26500 2.93129
26600 2.93197
26618 2.93209
26618 2.93209
26624 2.92912
26624 2.92912
26626 2.92409
26626 2.92409
26626 2.92409
26626 2.92409
26700 2.9246
26800 2.92529
26900 2.92598
27000 2.92666
27000 2.92666
27100 2.92735
27200 2.92803
27300 2.92871
27400 2.9294
27500 2.93008
27600 2.93075
27700 2.93143
27800 2.93211
27900 2.93278
28000 2.93346
28000 2.93346
28100 2.93413
28200 2.9348
28300 2.93547
28400 2.93614
28500 2.9368
28600 2.93747
28666 2.93791
28666 2.93791
28672 2.93494
28672 2.93494
28674 2.9295
28674 2.9295
28674 2.9295
28674 2.9295
28700 2.92968
28800 2.93036
28900 2.93103
29000 2.93171
29000 2.93171
29100 2.93239
29200 2.93306
29300 2.93373
29400 2.93441
29500 2.93508
29600 2.93575
29700 2.93641
29800 2.93708
29900 2.93775
30000 2.93841
30000 2.93841
30082 2.93896
30082 2.93896
30082 2.93896
30082 2.93896
30082 2.93896
30096 2.8662
30096 2.8662
30096 2.86612
30096 2.86612
30097 2.86371
30097 2.86371
30097 2.86371
30097 2.86371
30100 2.86373
30200 2.86453
30300 2.86533
30400 2.86612
30500 2.86692
30600 2.86771
30700 2.86851
30714 2.86862
30714 2.86862
30720 2.86572
30720 2.86572
30722 2.8608
30722 2.8608
30722 2.8608
30722 2.8608
30800 2.86143
30900 2.86224
31000 2.86304
31000 2.86304
31100 2.86384
31200 2.86464
31300 2.86544
31400 2.86624
31500 2.86703
31600 2.86783
31700 2.86862
31800 2.86941
31900 2.8702
32000 2.87099
32000 2.87099
32100 2.87178
32200 2.87256
32300 2.87335
32400 2.87413
32500 2.87491
32600 2.87569
32700 2.87647
32762 2.87695
32762 2.87695
32768 2.87405
32768 2.87405
32770 2.86844
32770 2.86844
32770 2.86844
32770 2.86844
32800 2.86867
32900 2.86946
33000 2.87025
33000 2.87025
33100 2.87104
33200 2.87183
33300 2.87261
33400 2.8734
33500 2.87418
33600 2.87496
33700 2.87574
33800 2.87652
33900 2.8773
34000 2.87807
34000 2.87807
34100 2.87884
34200 2.87962
34300 2.88039
34400 2.88116
34500 2.88193
34600 2.88269
34700 2.88346
34800 2.88422
34810 2.8843
34810 2.8843
34816 2.88139
34816 2.88139
34900 2.88203
35000 2.8828
35000 2.8828
35100 2.88356
35200 2.88433
35300 2.88509
35400 2.88585
35500 2.88661
35600 2.88737
35700 2.88813
35800 2.88888
35900 2.88963
36000 2.89039
36000 2.89039
36100 2.89114
36200 2.89189
36300 2.89264
36400 2.89338
36500 2.89413
36600 2.89487
36700 2.89562
36800 2.89636
36858 2.89679
36858 2.89679
36864 2.89386
36864 2.89386
36866 2.88851
36866 2.88851
36866 2.88851
36866 2.88851
36900 2.88876
37000 2.88952
37000 2.88952
37100 2.89027
37200 2.89102
37300 2.89177
37400 2.89252
37500 2.89327
37600 2.89401
37700 2.89476
37800 2.8955
37900 2.89624
38000 2.89698
38000 2.89698
38100 2.89772
38200 2.89846
38300 2.8992
38400 2.89993
38500 2.90067
38600 2.9014
38700 2.90213
38800 2.90286
38900 2.90359
38906 2.90363
38906 2.90363
38912 2.9007
38912 2.9007
38914 2.89572
38914 2.89572
38914 2.89572
38914 2.89572
39000 2.89635
39000 2.89635
39100 2.89709
39200 2.89783
39300 2.89857
39400 2.89931
39500 2.90004
39600 2.90078
39700 2.90151
39800 2.90224
39900 2.90297
40000 2.9037
40000 2.9037
40082 2.9043
40082 2.9043
40082 2.9043
40082 2.9043
40082 2.9043
40096 2.83241
40096 2.83241
40096 2.83233
40096 2.83233
40097 2.82994
40097 2.82994
40097 2.82994
40097 2.82994
40100 2.82997
40200 2.83083
40300 2.83169
40400 2.83255
40500 2.83341
40600 2.83426
40700 2.83512
40800 2.83597
40900 2.83682
40954 2.83728
40954 2.83728
40960 2.83442
40960 2.83442
40962 2.82889
40962 2.82889
40962 2.82889
40962 2.82889
41000 2.82922
41000 2.82922
41100 2.83008
41200 2.83094
41300 2.8318
41400 2.83266
41500 2.83352
41600 2.83437
41700 2.83523
41800 2.83608
41900 2.83693
42000 2.83778
42000 2.83778
42100 2.83863
42200 2.83947
42300 2.84032
42400 2.84116
42500 2.842
42600 2.84284
42700 2.84368
42800 2.84452
42900 2.84536
43000 2.84619
43000 2.84619
43002 2.84621
43002 2.84621
43008 2.84334
43008 2.84334
43100 2.84411
43200 2.84494
43300 2.84578
43400 2.84661
43500 2.84744
43600 2.84827
43700 2.8491
43800 2.84993
43900 2.85075
44000 2.85158
44000 2.85158
44100 2.8524
44200 2.85322
44300 2.85404
44400 2.85486
44500 2.85568
44600 2.85649
44700 2.8573
44800 2.85812
44900 2.85893
45000 2.85974
45000 2.85974
45050 2.86014
45050 2.86014
45056 2.85726
45056 2.85726
45058 2.85197
45058 2.85197
45058 2.85197
45058 2.85197
45100 2.85231
45200 2.85313
45300 2.85395
45400 2.85477
45500 2.85559
45600 2.8564
45700 2.85722
45800 2.85803
45900 2.85884
46000 2.85965
46000 2.85965
46100 2.86046
46200 2.86126
46300 2.86207
46400 2.86287
46500 2.86367
46600 2.86447
46700 2.86527
46800 2.86607
46900 2.86686
47000 2.86766
47000 2.86766
47098 2.86844
47098 2.86844
47100 2.86762
47104 2.86554
47104 2.86554
47106 2.86062
47106 2.86062
47106 2.86062
47106 2.86062
47200 2.86138
47300 2.86219
47400 2.86299
47500 2.86379
47600 2.86459
47700 2.86539
47800 2.86619
47900 2.86698
48000 2.86778
48000 2.86778
48100 2.86857
48200 2.86936
48300 2.87015
48400 2.87094
48500 2.87173
48600 2.87251
48700 2.8733
48800 2.87408
48900 2.87486
49000 2.87564
49000 2.87564
49100 2.87642
49146 2.87678
49146 2.87678
49152 2.87387
49152 2.87387
49154 2.86855
49154 2.86855
49154 2.86855
49154 2.86855
49200 2.86892
49300 2.86971
49400 2.8705
49500 2.87128
49600 2.87207
49700 2.87285
49800 2.87364
49900 2.87442
50000 2.8752
50000 2.8752
50082 2.87585
50082 2.87585
50082 2.87585
50082 2.87585
50082 2.87585
50096 2.80467
50096 2.80467
50096 2.80459
50096 2.80459
50097 2.80223
50097 2.80223
50097 2.80223
50097 2.80223
50100 2.80225
50200 2.80316
50300 2.80408
50400 2.80499
50500 2.80589
50600 2.8068
50700 2.8077
50800 2.80861
50900 2.80951
51000 2.81041
51000 2.81041
51100 2.81131
51194 2.81215
51194 2.81215
51200 2.80932
51200 2.80932
51200 2.80932
51202 2.8045
51202 2.8045
51202 2.8045
51202 2.8045
51300 2.80539
51400 2.8063
51500 2.8072
51600 2.80811
51700 2.80901
51800 2.80991
51900 2.81081
52000 2.81171
52000 2.81171
52100 2.8126
52200 2.8135
52300 2.81439
52400 2.81528
52500 2.81617
52600 2.81706
52700 2.81794
52800 2.81883
52900 2.81971
53000 2.82059
53000 2.82059
53100 2.82147
53200 2.82235
53242 2.82272
53242 2.82272
53248 2.81987
53248 2.81987
53250 2.81437
53250 2.81437
53250 2.81437
53250 2.81437
53300 2.81482
53400 2.81571
53500 2.81659
53600 2.81748
53700 2.81837
53800 2.81925
53900 2.82013
54000 2.82101
54000 2.82101
54100 2.82189
54200 2.82277
54300 2.82364
54400 2.82452
54500 2.82539
54600 2.82626
54700 2.82713
54800 2.828
54900 2.82886
55000 2.82973
55000 2.82973
55100 2.83059
55200 2.83145
55290 2.83223
55290 2.83223
55296 2.82937
55296 2.82937
55300 2.8294
55400 2.83027
55500 2.83113
55600 2.83199
55700 2.83285
55800 2.8337
55900 2.83456
56000 2.83541
56000 2.83541
56100 2.83627
56200 2.83712
56300 2.83797
56400 2.83881
56500 2.83966
56600 2.8405
56700 2.84135
56800 2.84219
56900 2.84303
57000 2.84387
57000 2.84387
57100 2.8447
57200 2.84554
57300 2.84637
57338 2.84669
57338 2.84669
57344 2.84382
57344 2.84382
57346 2.83856
57346 2.83856
57346 2.83856
57346 2.83856
57400 2.83901
57500 2.83986
57600 2.8407
57700 2.84154
57800 2.84238
57900 2.84322
58000 2.84406
58000 2.84406
58100 2.8449
58200 2.84573
58300 2.84657
58400 2.8474
58500 2.84823
58600 2.84906
58700 2.84988
58800 2.85071
58900 2.85153
59000 2.85236
59000 2.85236
59100 2.85318
59200 2.854
59300 2.85481
59386 2.85552
59386 2.85552
59392 2.85264
59392 2.85264
59394 2.84774
59394 2.84774
59394 2.84774
59394 2.84774
59400 2.84779
59500 2.84862
59600 2.84945
59700 2.85028
59800 2.8511
59900 2.85192
60000 2.85275
60000 2.85275
60082 2.85342
60082 2.85342
60082 2.85342
60082 2.85342
60082 2.85342
60096 2.78281
60096 2.78281
60096 2.78273
60096 2.78273
60097 2.78039
60097 2.78039
60097 2.78039
60097 2.78039
60100 2.78041
60200 2.78137
60300 2.78232
60400 2.78327
60500 2.78421
60600 2.78516
60700 2.78611
60800 2.78705
60900 2.78799
61000 2.78893
61000 2.78893
61100 2.78987
61200 2.7908
61300 2.79174
61400 2.79267
61434 2.79299
61434 2.79299
61440 2.79018
61440 2.79018
61442 2.78473
61442 2.78473
61442 2.78473
61442 2.78473
61500 2.78528
61600 2.78622
61700 2.78717
61800 2.78811
61900 2.78905
62000 2.78998
62000 2.78998
62100 2.79092
62200 2.79185
62300 2.79278
62400 2.79372
62500 2.79464
62600 2.79557
62700 2.7965
62800 2.79742
62900 2.79834
63000 2.79926
63000 2.79926
63100 2.80018
63200 2.8011
63300 2.80201
63400 2.80293
63482 2.80368
63482 2.80368
63488 2.80085
63488 2.80085
63500 2.80096
63600 2.80188
63700 2.80279
63800 2.8037
63900 2.80461
