0 3.03099
0 3.03099
0 3.03099
2 3.03099
2 3.03099
100 3.03099
200 3.03099
300 3.03099
400 3.03099
500 3.03099
600 3.03099
700 3.03099
800 3.03099
900 3.03099
1000 3.03099
1000 3.03099
1100 3.03099
1200 3.03099
1300 3.03099
1400 3.03099
1500 3.03099
1600 3.03099
1700 3.03099
1800 3.03099
1900 3.03099
2000 3.03099
2000 3.03099
2048 3.03099
2048 3.03099
2050 3.03099
2050 3.03099
2100 3.03099
2200 3.03099
2300 3.03099
2400 3.03099
2500 3.03099
2600 3.03099
2700 3.03099
2800 3.03099
2900 3.03099
3000 3.03099
3000 3.03099
3100 3.03099
3200 3.03099
3300 3.03099
3400 3.03099
3500 3.03099
3600 3.03099
3700 3.03099
3800 3.03099
3900 3.03099
4000 3.03099
4000 3.03099
4096 3.03099
4096 3.03099
4098 3.03099
4098 3.03099
4100 3.03099
4200 3.03099
4300 3.03099
4400 3.03099
4500 3.03099
4502 3.03099
4502 3.03099
4504 3.03099
4504 3.03099
4504 3.03099
4504 3.03099
4505 3.03099
4505 3.03099
4505 3.03099
4505 3.03099
4506 3.03099
4506 3.03099
4506 3.03099
4506 3.03099
4507 3.03099
4507 3.03099
4600 3.03099
4700 3.03099
4800 3.03099
4900 3.03099
5000 3.03099
5000 3.03099
5100 3.03099
5200 3.03099
5300 3.03099
5400 3.03099
5500 3.03099
5600 3.03099
5700 3.03099
5800 3.03099
5900 3.03099
6000 3.03099
6000 3.03099
6100 3.03099
6144 3.03099
6144 3.03099
6146 3.01371
6146 3.01371
6146 3.01371
6146 3.01371
6200 3.01607
6300 3.02038
6400 3.02462
6500 3.0288
6600 3.03292
6700 3.03698
6800 3.04097
6900 3.04491
7000 3.04878
7000 3.04878
7100 3.05259
7200 3.05635
7300 3.06005
7400 3.06369
7500 3.06728
7600 3.07082
7700 3.0743
7800 3.07772
7900 3.0811
8000 3.08442
8000 3.08442
8100 3.08769
8186 3.09048
8186 3.09048
8192 3.08011
8192 3.08011
8194 3.06117
8194 3.06117
8194 3.06117
8194 3.06117
8200 3.06138
8300 3.065
8400 3.06857
8500 3.07208
8600 3.07555
8700 3.07895
8800 3.08231
8900 3.08562
9000 3.08887
9000 3.08887
9100 3.09208
9200 3.09523
9300 3.09834
9400 3.1014
9500 3.10442
9600 3.10739
9700 3.11031
9800 3.11319
9900 3.11603
10000 3.11882
10000 3.11882
10082 3.1211
10082 3.1211
10082 3.1211
10082 3.1211
10082 3.1211
10096 2.87118
10096 2.87118
10096 2.87091
10096 2.87091
10097 2.8629
10097 2.8629
10097 2.8629
10097 2.8629
10100 2.86309
10200 2.86972
10234 2.87198
10234 2.87198
10240 2.86254
10240 2.86254
10242 2.84629
10242 2.84629
10242 2.84629
10242 2.84629
10300 2.85029
10400 2.85712
10500 2.86385
10600 2.87047
10700 2.87699
10800 2.88342
10900 2.88974
11000 2.89597
11000 2.89597
11100 2.90211
11200 2.90815
11300 2.9141
11400 2.91996
11500 2.92573
11600 2.93142
11700 2.93701
11800 2.94253
11900 2.94796
12000 2.9533
12000 2.9533
12100 2.95857
12200 2.96375
12282 2.96796
12282 2.96796
12288 2.95812
12288 2.95812
12290 2.93898
12290 2.93898
12290 2.93898
12290 2.93898
12300 2.93951
12400 2.94499
12500 2.95038
12600 2.95569
12700 2.96092
12800 2.96607
12900 2.97114
13000 2.97613
13000 2.97613
13100 2.98105
13200 2.98589
13300 2.99066
13400 2.99536
13500 2.99999
13600 3.00454
13700 3.00903
13800 3.01345
13900 3.0178
14000 3.02208
14000 3.02208
14100 3.0263
14200 3.03046
14300 3.03455
14330 3.03578
14330 3.03578
14336 3.02565
14336 3.02565
14400 3.02832
14500 3.03245
14600 3.03651
14700 3.04051
14800 3.04445
14900 3.04833
15000 3.05215
15000 3.05215
15100 3.05592
15200 3.05962
15300 3.06327
15400 3.06687
15500 3.07041
15600 3.07389
15700 3.07733
15800 3.08071
15900 3.08404
16000 3.08732
16000 3.08732
16100 3.09054
16200 3.09372
16300 3.09686
16378 3.09928
16378 3.09928
16384 3.08887
16384 3.08887
16386 3.06987
16386 3.06987
16386 3.06987
16386 3.06987
16400 3.07035
16500 3.07384
16600 3.07728
16700 3.08066
16800 3.08399
16900 3.08727
17000 3.0905
17000 3.0905
17100 3.09368
17200 3.09681
17300 3.0999
17400 3.10294
17500 3.10593
17600 3.10887
17700 3.11178
17800 3.11463
17900 3.11745
18000 3.12022
18000 3.12022
18100 3.12295
18200 3.12564
18300 3.12828
18400 3.13089
18426 3.13157
18426 3.13157
18432 3.12103
18432 3.12103
18434 3.10321
18434 3.10321
18434 3.10321
18434 3.10321
18500 3.10519
18600 3.10814
18700 3.11106
18800 3.11393
18900 3.11675
19000 3.11953
19000 3.11953
19100 3.12227
19200 3.12497
19300 3.12763
19400 3.13025
19500 3.13282
19600 3.13536
19700 3.13786
19800 3.14032
19900 3.14275
20000 3.14513
20000 3.14513
20082 3.14708
20082 3.14708
20082 3.14708
20082 3.14708
20082 3.14708
20096 2.89503
20096 2.89503
20096 2.89475
20096 2.89475
20097 2.88667
20097 2.88667
20097 2.88667
20097 2.88667
20100 2.88685
20200 2.89312
20300 2.8993
20400 2.90539
20474 2.90986
20474 2.90986
20480 2.90026
20480 2.90026
20482 2.88152
20482 2.88152
20482 2.88152
20482 2.88152
20500 2.88265
20600 2.88898
20700 2.89523
20800 2.90137
20900 2.90743
21000 2.91339
21000 2.91339
21100 2.91926
21200 2.92504
21300 2.93073
21400 2.93634
21500 2.94186
21600 2.9473
21700 2.95266
21800 2.95793
21900 2.96313
22000 2.96824
22000 2.96824
22100 2.97328
22200 2.97824
22300 2.98313
22400 2.98794
22500 2.99268
22522 2.99373
22522 2.99373
22528 2.98377
22528 2.98377
22600 2.98724
22700 2.99199
22800 2.99667
22900 3.00127
23000 3.00581
23000 3.00581
23100 3.01028
23200 3.01467
23300 3.01901
23400 3.02327
23500 3.02748
23600 3.03161
23700 3.03569
23800 3.0397
23900 3.04366
24000 3.04755
24000 3.04755
24100 3.05138
24200 3.05516
24300 3.05887
24400 3.06254
24500 3.06614
24570 3.06865
24570 3.06865
24576 3.05837
24576 3.05837
24578 3.03957
24578 3.03957
24578 3.03957
24578 3.03957
24600 3.04043
24700 3.04438
24800 3.04826
24900 3.05208
25000 3.05584
25000 3.05584
25100 3.05955
25200 3.0632
25300 3.0668
25400 3.07034
25500 3.07383
25600 3.07726
25700 3.08064
25800 3.08397
25900 3.08725
26000 3.09048
26000 3.09048
26100 3.09366
26200 3.0968
26300 3.09988
26400 3.10292
26500 3.10591
26600 3.10886
26618 3.1094
26618 3.1094
26624 3.09895
26624 3.09895
26626 3.08126
26626 3.08126
26626 3.08126
26626 3.08126
26700 3.08372
26800 3.08701
26900 3.09024
27000 3.09343
27000 3.09343
27100 3.09656
27200 3.09965
27300 3.10269
27400 3.10569
27500 3.10864
27600 3.11154
27700 3.11441
27800 3.11722
27900 3.12
28000 3.12273
28000 3.12273
28100 3.12542
28200 3.12807
28300 3.13068
28400 3.13325
28500 3.13579
28600 3.13828
28666 3.13991
28666 3.13991
28672 3.12933
28672 3.12933
28674 3.11007
28674 3.11007
28674 3.11007
28674 3.11007
28700 3.11082
28800 3.11369
28900 3.11652
29000 3.1193
29000 3.1193
29100 3.12205
29200 3.12475
29300 3.12741
29400 3.13003
29500 3.13261
29600 3.13515
29700 3.13765
29800 3.14012
29900 3.14255
30000 3.14494
30000 3.14494
30082 3.14689
30082 3.14689
30082 3.14689
30082 3.14689
30082 3.14689
30096 2.89485
30096 2.89485
30096 2.89457
30096 2.89457
30097 2.8865
30097 2.8865
30097 2.8865
30097 2.8865
30100 2.88667
30200 2.89295
30300 2.89913
30400 2.90522
30500 2.91121
30600 2.91712
30700 2.92293
30714 2.92376
30714 2.92376
30720 2.9141
30720 2.9141
30722 2.89753
30722 2.89753
30722 2.89753
30722 2.89753
30800 2.90231
30900 2.90835
31000 2.91429
31000 2.91429
31100 2.92015
31200 2.92592
31300 2.9316
31400 2.93719
31500 2.9427
31600 2.94813
31700 2.95347
31800 2.95873
31900 2.96392
32000 2.96902
32000 2.96902
32100 2.97405
32200 2.979
32300 2.98387
32400 2.98867
32500 2.9934
32600 2.99805
32700 3.00264
32762 3.00547
32762 3.00547
32768 2.99546
32768 2.99546
32770 2.97606
32770 2.97606
32770 2.97606
32770 2.97606
32800 2.97753
32900 2.98243
33000 2.98725
33000 2.98725
33100 2.992
33200 2.99668
33300 3.00128
33400 3.00582
33500 3.01029
33600 3.01469
33700 3.01902
33800 3.02329
33900 3.02749
34000 3.03162
34000 3.03162
34100 3.0357
34200 3.03971
34300 3.04367
34400 3.04756
34500 3.05139
34600 3.05517
34700 3.05888
34800 3.06254
34810 3.06292
34810 3.06292
34816 3.05267
34816 3.05267
34900 3.05583
35000 3.05954
35000 3.05954
35100 3.06319
35200 3.06678
35300 3.07033
35400 3.07381
35500 3.07725
35600 3.08063
35700 3.08396
35800 3.08724
35900 3.09047
36000 3.09365
36000 3.09365
36100 3.09679
36200 3.09987
36300 3.10291
36400 3.1059
36500 3.10885
36600 3.11175
36700 3.11461
36800 3.11742
36858 3.11905
36858 3.11905
36864 3.10856
36864 3.10856
36866 3.08943
36866 3.08943
36866 3.08943
36866 3.08943
36900 3.09051
37000 3.09369
37000 3.09369
37100 3.09683
37200 3.09991
37300 3.10295
37400 3.10594
37500 3.10889
37600 3.11179
37700 3.11465
37800 3.11746
37900 3.12023
38000 3.12296
38000 3.12296
38100 3.12565
38200 3.1283
38300 3.1309
38400 3.13347
38500 3.136
38600 3.13849
38700 3.14094
38800 3.14336
38900 3.14573
38906 3.14589
38906 3.14589
38912 3.13528
38912 3.13528
38914 3.11737
38914 3.11737
38914 3.11737
38914 3.11737
39000 3.11976
39000 3.11976
39100 3.1225
39200 3.12519
39300 3.12785
39400 3.13046
39500 3.13303
39600 3.13557
39700 3.13806
39800 3.14052
39900 3.14294
40000 3.14533
40000 3.14533
40082 3.14727
40082 3.14727
40082 3.14727
40082 3.14727
40082 3.14727
40096 2.8952
40096 2.8952
40096 2.89493
40096 2.89493
40097 2.88685
40097 2.88685
40097 2.88685
40097 2.88685
40100 2.88703
40200 2.8933
40300 2.89947
40400 2.90556
40500 2.91155
40600 2.91744
40700 2.92325
40800 2.92898
40900 2.93461
40954 2.93764
40954 2.93764
40960 2.92792
40960 2.92792
40962 2.90899
40962 2.90899
40962 2.90899
40962 2.90899
41000 2.91124
41000 2.91124
41100 2.91714
41200 2.92296
41300 2.92868
41400 2.93432
41500 2.93987
41600 2.94534
41700 2.95073
41800 2.95603
41900 2.96126
42000 2.9664
42000 2.9664
42100 2.97147
42200 2.97645
42300 2.98137
42400 2.98621
42500 2.99097
42600 2.99566
42700 3.00028
42800 3.00484
42900 3.00932
43000 3.01373
43000 3.01373
43002 3.01384
43002 3.01384
43008 3.00379
43008 3.00379
43100 3.00794
43200 3.01237
43300 3.01674
43400 3.02104
43500 3.02528
43600 3.02945
43700 3.03356
43800 3.0376
43900 3.04159
44000 3.04551
44000 3.04551
44100 3.04937
44200 3.05318
44300 3.05693
44400 3.06062
44500 3.06425
44600 3.06783
44700 3.07136
44800 3.07483
44900 3.07825
45000 3.08162
45000 3.08162
45050 3.08329
45050 3.08329
45056 3.07295
45056 3.07295
45058 3.05406
45058 3.05406
45058 3.05406
45058 3.05406
45100 3.05562
45200 3.05933
45300 3.06299
45400 3.06659
45500 3.07013
45600 3.07362
45700 3.07706
45800 3.08044
45900 3.08378
46000 3.08706
46000 3.08706
46100 3.09029
46200 3.09348
46300 3.09661
46400 3.0997
46500 3.10274
46600 3.10574
46700 3.10869
46800 3.11159
46900 3.11445
47000 3.11727
47000 3.11727
47098 3.12
47098 3.12
47100 3.11701
47104 3.10951
47104 3.10951
47106 3.09176
47106 3.09176
47106 3.09176
47106 3.09176
47200 3.09473
47300 3.09784
47400 3.10091
47500 3.10394
47600 3.10691
47700 3.10985
47800 3.11273
47900 3.11558
48000 3.11838
48000 3.11838
48100 3.12113
48200 3.12385
48300 3.12652
48400 3.12916
48500 3.13175
48600 3.13431
48700 3.13682
48800 3.1393
48900 3.14174
49000 3.14414
49000 3.14414
49100 3.14651
49146 3.14759
49146 3.14759
49152 3.13698
49152 3.13698
49154 3.11766
49154 3.11766
49154 3.11766
49154 3.11766
49200 3.11894
49300 3.12169
49400 3.12439
49500 3.12706
49600 3.12969
49700 3.13227
49800 3.13482
49900 3.13733
50000 3.1398
50000 3.1398
50082 3.14181
50082 3.14181
50082 3.14181
50082 3.14181
50082 3.14181
50096 2.89019
50096 2.89019
50096 2.88991
50096 2.88991
50097 2.88185
50097 2.88185
50097 2.88185
50097 2.88185
50100 2.88203
50200 2.88838
50300 2.89463
50400 2.90078
50500 2.90685
50600 2.91282
50700 2.9187
50800 2.92449
50900 2.93019
51000 2.9358
51000 2.9358
51100 2.94133
51194 2.94648
51194 2.94648
51200 2.93672
51200 2.93672
51200 2.93672
51202 2.92002
51202 2.92002
51202 2.92002
51202 2.92002
51300 2.92567
51400 2.93136
51500 2.93695
51600 2.94247
51700 2.9479
51800 2.95324
51900 2.95851
52000 2.96369
52000 2.96369
52100 2.9688
52200 2.97383
52300 2.97878
52400 2.98366
52500 2.98846
52600 2.9932
52700 2.99785
52800 3.00244
52900 3.00696
53000 3.01141
53000 3.01141
53100 3.01579
53200 3.02011
53242 3.02192
53242 3.02192
53248 3.01184
53248 3.01184
53250 2.99233
53250 2.99233
53250 2.99233
53250 2.99233
53300 2.99466
53400 2.9993
53500 3.00387
53600 3.00836
53700 3.01279
53800 3.01715
53900 3.02145
54000 3.02568
54000 3.02568
54100 3.02984
54200 3.03395
54300 3.03799
54400 3.04196
54500 3.04588
54600 3.04974
54700 3.05354
54800 3.05728
54900 3.06097
55000 3.0646
55000 3.0646
55100 3.06817
55200 3.07169
55290 3.07483
55290 3.07483
55296 3.06453
55296 3.06453
55300 3.06467
55400 3.06824
55500 3.07176
55600 3.07523
55700 3.07864
55800 3.082
55900 3.08531
56000 3.08857
56000 3.08857
56100 3.09178
56200 3.09494
56300 3.09806
56400 3.10112
56500 3.10414
56600 3.10712
56700 3.11005
56800 3.11293
56900 3.11577
57000 3.11857
57000 3.11857
57100 3.12132
57200 3.12403
57300 3.12671
57338 3.12772
57338 3.12772
57344 3.11719
57344 3.11719
57346 3.09801
57346 3.09801
57346 3.09801
57346 3.09801
57400 3.09966
57500 3.1027
57600 3.1057
57700 3.10865
57800 3.11155
57900 3.11442
58000 3.11723
58000 3.11723
58100 3.12001
58200 3.12274
58300 3.12543
58400 3.12808
58500 3.13069
58600 3.13326
58700 3.1358
58800 3.13829
58900 3.14074
59000 3.14316
59000 3.14316
59100 3.14554
59200 3.14789
59300 3.1502
59386 3.15216
59386 3.15216
59392 3.14153
59392 3.14153
59394 3.12359
59394 3.12359
59394 3.12359
59394 3.12359
59400 3.12375
59500 3.12642
59600 3.12906
59700 3.13166
59800 3.13421
59900 3.13673
60000 3.13921
60000 3.13921
60082 3.14123
60082 3.14123
60082 3.14123
60082 3.14123
60082 3.14123
60096 2.88966
60096 2.88966
60096 2.88938
60096 2.88938
60097 2.88132
60097 2.88132
60097 2.88132
60097 2.88132
60100 2.8815
60200 2.88785
60300 2.89411
60400 2.90028
60500 2.90635
60600 2.91232
60700 2.91821
60800 2.92401
60900 2.92972
61000 2.93534
61000 2.93534
61100 2.94088
61200 2.94633
61300 2.9517
61400 2.95699
61434 2.95879
61434 2.95879
61440 2.94899
61440 2.94899
61442 2.92991
61442 2.92991
61442 2.92991
61442 2.92991
61500 2.93316
61600 2.93873
61700 2.94422
61800 2.94962
61900 2.95494
62000 2.96018
62000 2.96018
62100 2.96534
62200 2.97042
62300 2.97543
62400 2.98036
62500 2.98521
62600 2.98999
62700 2.9947
62800 2.99934
62900 3.0039
63000 3.0084
63000 3.0084
63100 3.01283
63200 3.01719
63300 3.02148
63400 3.02571
63482 3.02915
63482 3.02915
63488 3.01904
63488 3.01904
63500 3.01955
63600 3.02381
63700 3.02801
63800 3.03214
63900 3.0362
