0 3.03099
0 3.03099
0 3.03099
2 3.03099
2 3.03099
100 3.03099
200 3.03099
300 3.03099
400 3.03099
500 3.03099
600 3.03099
700 3.03099
800 3.03099
900 3.03099
1000 3.03099
1000 3.03099
1100 3.03099
1200 3.03099
1300 3.03099
1400 3.03099
1500 3.03099
1600 3.03099
1700 3.03099
1800 3.03099
1900 3.03099
2000 3.03099
2000 3.03099
2048 3.03099
2048 3.03099
2050 3.03099
2050 3.03099
2100 3.03099
2200 3.03099
2300 3.03099
2400 3.03099
2500 3.03099
2600 3.03099
2700 3.03099
2800 3.03099
2900 3.03099
3000 3.03099
3000 3.03099
3100 3.03099
3200 3.03099
3300 3.03099
3400 3.03099
3500 3.03099
3600 3.03099
3700 3.03099
3800 3.03099
3900 3.03099
4000 3.03099
4000 3.03099
4096 3.03099
4096 3.03099
4098 3.03099
4098 3.03099
4100 3.03099
4200 3.03099
4300 3.03099
4400 3.03099
4500 3.03099
4502 3.03099
4502 3.03099
4504 3.03099
4504 3.03099
4504 3.03099
4504 3.03099
4505 3.03099
4505 3.03099
4505 3.03099
4505 3.03099
4506 3.03099
4506 3.03099
4506 3.03099
4506 3.03099
4507 3.03099
4507 3.03099
4600 3.03099
4700 3.03099
4800 3.03099
4900 3.03099
5000 3.03099
5000 3.03099
5100 3.03099
5200 3.03099
5300 3.03099
5400 3.03099
5500 3.03099
5600 3.03099
5700 3.03099
5800 3.03099
5900 3.03099
6000 3.03099
6000 3.03099
6100 3.03099
6144 3.03099
6144 3.03099
6146 3.02579
6146 3.02579
6146 3.02579
6146 3.02579
6200 3.02647
6300 3.02772
6400 3.02897
6500 3.03021
6600 3.03145
6700 3.03268
6800 3.0339
6900 3.03512
7000 3.03633
7000 3.03633
7100 3.03754
7200 3.03874
7300 3.03994
7400 3.04113
7500 3.04232
7600 3.0435
7700 3.04467
7800 3.04584
7900 3.04701
8000 3.04816
8000 3.04816
8100 3.04932
8186 3.05031
8186 3.05031
8192 3.04725
8192 3.04725
8194 3.04161
8194 3.04161
8194 3.04161
8194 3.04161
8200 3.04168
8300 3.04287
8400 3.04404
8500 3.04521
8600 3.04638
8700 3.04754
8800 3.0487
8900 3.04985
9000 3.051
9000 3.051
9100 3.05214
9200 3.05327
9300 3.0544
9400 3.05553
9500 3.05665
9600 3.05776
9700 3.05887
9800 3.05997
9900 3.06107
10000 3.06217
10000 3.06217
10082 3.06307
10082 3.06307
10082 3.06307
10082 3.06307
10082 3.06307
10096 2.9873
10096 2.9873
10096 2.98722
10096 2.98722
10097 2.98471
10097 2.98471
10097 2.98471
10097 2.98471
10100 2.98475
10200 2.98619
10234 2.98669
10234 2.98669
10240 2.98371
10240 2.98371
10242 2.9786
10242 2.9786
10242 2.9786
10242 2.9786
10300 2.97945
10400 2.98092
10500 2.98238
10600 2.98384
10700 2.98529
10800 2.98673
10900 2.98816
11000 2.98959
11000 2.98959
11100 2.99101
11200 2.99243
11300 2.99384
11400 2.99524
11500 2.99663
11600 2.99802
11700 2.99941
11800 3.00078
11900 3.00215
12000 3.00352
12000 3.00352
12100 3.00487
12200 3.00623
12282 3.00734
12282 3.00734
12288 3.00433
12288 3.00433
12290 2.99848
12290 2.99848
12290 2.99848
12290 2.99848
12300 2.99861
12400 2.99999
12500 3.00136
12600 3.00273
12700 3.00409
12800 3.00545
12900 3.0068
13000 3.00814
13000 3.00814
13100 3.00948
13200 3.01081
13300 3.01213
13400 3.01345
13500 3.01476
13600 3.01607
13700 3.01737
13800 3.01866
13900 3.01995
14000 3.02124
14000 3.02124
14100 3.02251
14200 3.02378
14300 3.02505
14330 3.02543
14330 3.02543
14336 3.0224
14336 3.0224
14400 3.02321
14500 3.02448
14600 3.02574
14700 3.027
14800 3.02825
14900 3.02949
15000 3.03073
15000 3.03073
15100 3.03197
15200 3.03319
15300 3.03442
15400 3.03563
15500 3.03684
15600 3.03805
15700 3.03925
15800 3.04044
15900 3.04163
16000 3.04281
16000 3.04281
16100 3.04399
16200 3.04516
16300 3.04633
16378 3.04724
16378 3.04724
16384 3.04418
16384 3.04418
16386 3.03856
16386 3.03856
16386 3.03856
16386 3.03856
16400 3.03872
16500 3.03992
16600 3.04111
16700 3.04229
16800 3.04348
16900 3.04465
17000 3.04582
17000 3.04582
17100 3.04698
17200 3.04814
17300 3.0493
17400 3.05044
17500 3.05159
17600 3.05272
17700 3.05386
17800 3.05498
17900 3.05611
18000 3.05722
18000 3.05722
18100 3.05833
18200 3.05944
18300 3.06054
18400 3.06164
18426 3.06193
18426 3.06193
18432 3.05885
18432 3.05885
18434 3.05361
18434 3.05361
18434 3.05361
18434 3.05361
18500 3.05435
18600 3.05548
18700 3.0566
18800 3.05771
18900 3.05882
19000 3.05992
19000 3.05992
19100 3.06102
19200 3.06212
19300 3.06321
19400 3.06429
19500 3.06537
19600 3.06645
19700 3.06752
19800 3.06858
19900 3.06964
20000 3.0707
20000 3.0707
20082 3.07156
20082 3.07156
20082 3.07156
20082 3.07156
20082 3.07156
20096 2.99558
20096 2.99558
20096 2.9955
20096 2.9955
20097 2.99298
20097 2.99298
20097 2.99298
20097 2.99298
20100 2.99302
20200 2.99443
20300 2.99583
20400 2.99722
20474 2.99825
20474 2.99825
20480 2.99525
20480 2.99525
20482 2.98942
20482 2.98942
20482 2.98942
20482 2.98942
20500 2.98967
20600 2.9911
20700 2.99251
20800 2.99392
20900 2.99532
21000 2.99672
21000 2.99672
21100 2.99811
21200 2.99949
21300 3.00086
21400 3.00223
21500 3.0036
21600 3.00496
21700 3.00631
21800 3.00765
21900 3.00899
22000 3.01032
22000 3.01032
22100 3.01165
22200 3.01297
22300 3.01429
22400 3.01559
22500 3.0169
22522 3.01719
22522 3.01719
22528 3.01417
22528 3.01417
22600 3.01511
22700 3.01641
22800 3.01771
22900 3.01901
23000 3.02029
23000 3.02029
23100 3.02157
23200 3.02285
23300 3.02412
23400 3.02538
23500 3.02664
23600 3.02789
23700 3.02914
23800 3.03038
23900 3.03161
24000 3.03284
24000 3.03284
24100 3.03407
24200 3.03528
24300 3.0365
24400 3.0377
24500 3.0389
24570 3.03975
24570 3.03975
24576 3.0367
24576 3.0367
24578 3.03108
24578 3.03108
24578 3.03108
24578 3.03108
24600 3.03135
24700 3.03258
24800 3.03381
24900 3.03503
25000 3.03624
25000 3.03624
25100 3.03745
25200 3.03865
25300 3.03985
25400 3.04104
25500 3.04223
25600 3.04341
25700 3.04458
25800 3.04575
25900 3.04692
26000 3.04807
26000 3.04807
26100 3.04923
26200 3.05038
26300 3.05152
26400 3.05266
26500 3.05379
26600 3.05492
26618 3.05513
26618 3.05513
26624 3.05205
26624 3.05205
26626 3.04682
26626 3.04682
26626 3.04682
26626 3.04682
26700 3.04768
26800 3.04884
26900 3.04999
27000 3.05113
27000 3.05113
27100 3.05227
27200 3.05341
27300 3.05454
27400 3.05566
27500 3.05678
27600 3.05789
27700 3.059
27800 3.06011
27900 3.0612
28000 3.0623
28000 3.0623
28100 3.06339
28200 3.06447
28300 3.06555
28400 3.06662
28500 3.06769
28600 3.06875
28666 3.06946
28666 3.06946
28672 3.06637
28672 3.06637
28674 3.0607
28674 3.0607
28674 3.0607
28674 3.0607
28700 3.06098
28800 3.06208
28900 3.06317
29000 3.06425
29000 3.06425
29100 3.06533
29200 3.06641
29300 3.06748
29400 3.06854
29500 3.0696
29600 3.07066
29700 3.07171
29800 3.07275
29900 3.07379
30000 3.07483
30000 3.07483
30082 3.07568
30082 3.07568
30082 3.07568
30082 3.07568
30082 3.07568
30096 2.9996
30096 2.9996
30096 2.99951
30096 2.99951
30097 2.99699
30097 2.99699
30097 2.99699
30097 2.99699
30100 2.99703
30200 2.99842
30300 2.9998
30400 3.00117
30500 3.00254
30600 3.0039
30700 3.00526
30714 3.00546
30714 3.00546
30720 3.00245
30720 3.00245
30722 2.99731
30722 2.99731
30722 2.99731
30722 2.99731
30800 2.99839
30900 2.99977
31000 3.00115
31000 3.00115
31100 3.00251
31200 3.00388
31300 3.00523
31400 3.00658
31500 3.00793
31600 3.00926
31700 3.0106
31800 3.01192
31900 3.01324
32000 3.01455
32000 3.01455
32100 3.01586
32200 3.01716
32300 3.01846
32400 3.01975
32500 3.02103
32600 3.02231
32700 3.02358
32762 3.02437
32762 3.02437
32768 3.02134
32768 3.02134
32770 3.01545
32770 3.01545
32770 3.01545
32770 3.01545
32800 3.01584
32900 3.01714
33000 3.01844
33000 3.01844
33100 3.01973
33200 3.02101
33300 3.02229
33400 3.02356
33500 3.02483
33600 3.02609
33700 3.02734
33800 3.02859
33900 3.02983
34000 3.03107
34000 3.03107
34100 3.0323
34200 3.03353
34300 3.03475
34400 3.03596
34500 3.03717
34600 3.03838
34700 3.03958
34800 3.04077
34810 3.04089
34810 3.04089
34816 3.03784
34816 3.03784
34900 3.03885
35000 3.04004
35000 3.04004
35100 3.04124
35200 3.04242
35300 3.0436
35400 3.04477
35500 3.04594
35600 3.04711
35700 3.04826
35800 3.04942
35900 3.05057
36000 3.05171
36000 3.05171
36100 3.05284
36200 3.05398
36300 3.0551
36400 3.05622
36500 3.05734
36600 3.05845
36700 3.05956
36800 3.06066
36858 3.0613
36858 3.0613
36864 3.05822
36864 3.05822
36866 3.05257
36866 3.05257
36866 3.05257
36866 3.05257
36900 3.05295
37000 3.05408
37000 3.05408
37100 3.05521
37200 3.05633
37300 3.05745
37400 3.05856
37500 3.05966
37600 3.06076
37700 3.06186
37800 3.06295
37900 3.06404
38000 3.06512
38000 3.06512
38100 3.06619
38200 3.06726
38300 3.06833
38400 3.06939
38500 3.07045
38600 3.0715
38700 3.07254
38800 3.07359
38900 3.07462
38906 3.07469
38906 3.07469
38912 3.07159
38912 3.07159
38914 3.06633
38914 3.06633
38914 3.06633
38914 3.06633
39000 3.06725
39000 3.06725
39100 3.06831
39200 3.06937
39300 3.07043
39400 3.07148
39500 3.07253
39600 3.07357
39700 3.07461
39800 3.07564
39900 3.07667
40000 3.07769
40000 3.07769
40082 3.07853
40082 3.07853
40082 3.07853
40082 3.07853
40082 3.07853
40096 3.00237
40096 3.00237
40096 3.00229
40096 3.00229
40097 2.99977
40097 2.99977
40097 2.99977
40097 2.99977
40100 2.9998
40200 3.00118
40300 3.00255
40400 3.00391
40500 3.00527
40600 3.00662
40700 3.00796
40800 3.0093
40900 3.01063
40954 3.01135
40954 3.01135
40960 3.00834
40960 3.00834
40962 3.00248
40962 3.00248
40962 3.00248
40962 3.00248
41000 3.00299
41000 3.00299
41100 3.00435
41200 3.00571
41300 3.00705
41400 3.00839
41500 3.00973
41600 3.01106
41700 3.01238
41800 3.0137
41900 3.01501
42000 3.01632
42000 3.01632
42100 3.01762
42200 3.01891
42300 3.0202
42400 3.02148
42500 3.02275
42600 3.02402
42700 3.02529
42800 3.02655
42900 3.0278
43000 3.02904
43000 3.02904
43002 3.02907
43002 3.02907
43008 3.02604
43008 3.02604
43100 3.02719
43200 3.02844
43300 3.02969
43400 3.03092
43500 3.03216
43600 3.03338
43700 3.0346
43800 3.03582
43900 3.03703
44000 3.03823
44000 3.03823
44100 3.03943
44200 3.04063
44300 3.04181
44400 3.043
44500 3.04417
44600 3.04534
44700 3.04651
44800 3.04767
44900 3.04883
45000 3.04998
45000 3.04998
45050 3.05056
45050 3.05056
45056 3.04749
45056 3.04749
45058 3.04186
45058 3.04186
45058 3.04186
45058 3.04186
45100 3.04235
45200 3.04353
45300 3.04471
45400 3.04588
45500 3.04704
45600 3.0482
45700 3.04935
45800 3.0505
45900 3.05164
46000 3.05278
46000 3.05278
46100 3.05391
46200 3.05504
46300 3.05616
46400 3.05728
46500 3.05839
46600 3.0595
46700 3.0606
46800 3.06169
46900 3.06279
47000 3.06387
47000 3.06387
47098 3.06494
47098 3.06494
47100 3.06406
47104 3.06185
47104 3.06185
47106 3.0566
47106 3.0566
47106 3.0566
47106 3.0566
47200 3.05765
47300 3.05876
47400 3.05987
47500 3.06097
47600 3.06206
47700 3.06315
47800 3.06423
47900 3.06531
48000 3.06639
48000 3.06639
48100 3.06746
48200 3.06852
48300 3.06958
48400 3.07064
48500 3.07169
48600 3.07273
48700 3.07378
48800 3.07481
48900 3.07584
49000 3.07687
49000 3.07687
49100 3.07789
49146 3.07836
49146 3.07836
49152 3.07526
49152 3.07526
49154 3.06958
49154 3.06958
49154 3.06958
49154 3.06958
49200 3.07006
49300 3.07111
49400 3.07216
49500 3.07321
49600 3.07424
49700 3.07528
49800 3.07631
49900 3.07733
50000 3.07835
50000 3.07835
50082 3.07919
50082 3.07919
50082 3.07919
50082 3.07919
50082 3.07919
50096 3.00302
50096 3.00302
50096 3.00293
50096 3.00293
50097 3.00041
50097 3.00041
50097 3.00041
50097 3.00041
50100 3.00045
50200 3.00182
50300 3.00318
50400 3.00454
50500 3.0059
50600 3.00724
50700 3.00858
50800 3.00992
50900 3.01125
51000 3.01257
51000 3.01257
51100 3.01389
51194 3.01512
51194 3.01512
51200 3.01211
51200 3.0121
51200 3.0121
51202 3.00695
51202 3.00695
51202 3.00695
51202 3.00695
51300 3.00826
51400 3.0096
51500 3.01093
51600 3.01225
51700 3.01357
51800 3.01488
51900 3.01619
52000 3.01749
52000 3.01749
52100 3.01878
52200 3.02007
52300 3.02135
52400 3.02263
52500 3.0239
52600 3.02516
52700 3.02642
52800 3.02767
52900 3.02892
53000 3.03016
53000 3.03016
53100 3.0314
53200 3.03263
53242 3.03315
53242 3.03315
53248 3.03011
53248 3.03011
53250 3.0242
53250 3.0242
53250 3.0242
53250 3.0242
53300 3.02483
53400 3.02609
53500 3.02734
53600 3.02859
53700 3.02984
53800 3.03107
53900 3.0323
54000 3.03353
54000 3.03353
54100 3.03475
54200 3.03597
54300 3.03718
54400 3.03838
54500 3.03958
54600 3.04077
54700 3.04196
54800 3.04314
54900 3.04432
55000 3.04549
55000 3.04549
55100 3.04665
55200 3.04781
55290 3.04886
55290 3.04886
55296 3.04579
55296 3.04579
55300 3.04584
55400 3.047
55500 3.04816
55600 3.04932
55700 3.05046
55800 3.05161
55900 3.05275
56000 3.05388
56000 3.05388
56100 3.055
56200 3.05613
56300 3.05724
56400 3.05836
56500 3.05946
56600 3.06056
56700 3.06166
56800 3.06275
56900 3.06384
57000 3.06492
57000 3.06492
57100 3.066
57200 3.06707
57300 3.06813
57338 3.06854
57338 3.06854
57344 3.06546
57344 3.06546
57346 3.05979
57346 3.05979
57346 3.05979
57346 3.05979
57400 3.06038
57500 3.06148
57600 3.06257
57700 3.06366
57800 3.06474
57900 3.06582
58000 3.06689
58000 3.06689
58100 3.06796
58200 3.06902
58300 3.07008
58400 3.07113
58500 3.07218
58600 3.07322
58700 3.07426
58800 3.07529
58900 3.07632
59000 3.07735
59000 3.07735
59100 3.07837
59200 3.07938
59300 3.08039
59386 3.08126
59386 3.08126
59392 3.07816
59392 3.07816
59394 3.07288
59394 3.07288
59394 3.07288
59394 3.07288
59400 3.07294
59500 3.07398
59600 3.07502
59700 3.07605
59800 3.07707
59900 3.07809
60000 3.07911
60000 3.07911
60082 3.07995
60082 3.07995
60082 3.07995
60082 3.07995
60082 3.07995
60096 3.00375
60096 3.00375
60096 3.00367
60096 3.00367
60097 3.00114
60097 3.00114
60097 3.00114
60097 3.00114
60100 3.00118
60200 3.00255
60300 3.00391
60400 3.00527
60500 3.00662
60600 3.00796
60700 3.0093
60800 3.01063
60900 3.01196
61000 3.01328
61000 3.01328
61100 3.01459
61200 3.0159
61300 3.0172
61400 3.01849
61434 3.01894
61434 3.01894
61440 3.01591
61440 3.01591
61442 3.01004
61442 3.01004
61442 3.01004
61442 3.01004
61500 3.01081
61600 3.01213
61700 3.01345
61800 3.01476
61900 3.01607
62000 3.01737
62000 3.01737
62100 3.01866
62200 3.01995
62300 3.02123
62400 3.02251
62500 3.02378
62600 3.02505
62700 3.0263
62800 3.02756
62900 3.02881
63000 3.03005
63000 3.03005
63100 3.03128
63200 3.03251
63300 3.03374
63400 3.03496
63482 3.03596
63482 3.03596
63488 3.03291
63488 3.03291
63500 3.03306
63600 3.03428
63700 3.0355
63800 3.03671
63900 3.03792
