0 3.03099
0 3.03099
0 3.03099
2 3.03099
2 3.03099
100 3.03099
200 3.03099
300 3.03099
400 3.03099
500 3.03099
600 3.03099
700 3.03099
800 3.03099
900 3.03099
1000 3.03099
1000 3.03099
1100 3.03099
1200 3.03099
1300 3.03099
1400 3.03099
1500 3.03099
1600 3.03099
1700 3.03099
1800 3.03099
1900 3.03099
2000 3.03099
2000 3.03099
2048 3.03099
2048 3.03099
2050 3.03099
2050 3.03099
2100 3.03099
2200 3.03099
2300 3.03099
2400 3.03099
2500 3.03099
2600 3.03099
2700 3.03099
2800 3.03099
2900 3.03099
3000 3.03099
3000 3.03099
3100 3.03099
3200 3.03099
3300 3.03099
3400 3.03099
3500 3.03099
3600 3.03099
3700 3.03099
3800 3.03099
3900 3.03099
4000 3.03099
4000 3.03099
4096 3.03099
4096 3.03099
4098 3.03099
4098 3.03099
4100 3.03099
4200 3.03099
4300 3.03099
4400 3.03099
4500 3.03099
4502 3.03099
4502 3.03099
4504 3.03099
4504 3.03099
4504 3.03099
4504 3.03099
4505 3.03099
4505 3.03099
4505 3.03099
4505 3.03099
4506 3.03099
4506 3.03099
4506 3.03099
4506 3.03099
4507 3.03099
4507 3.03099
4600 3.03099
4700 3.03099
4800 3.03099
4900 3.03099
5000 3.03099
5000 3.03099
5100 3.03099
5200 3.03099
5300 3.03099
5400 3.03099
5500 3.03099
5600 3.03099
5700 3.03099
5800 3.03099
5900 3.03099
6000 3.03099
6000 3.03099
6100 3.03099
6144 3.03099
6144 3.03099
6146 3.01366
6146 3.01366
6146 3.01366
6146 3.01366
6200 3.0146
6300 3.01634
6400 3.01807
6500 3.01979
6600 3.0215
6700 3.0232
6800 3.02489
6900 3.02657
7000 3.02824
7000 3.02824
7100 3.02989
7200 3.03154
7300 3.03318
7400 3.03481
7500 3.03642
7600 3.03803
7700 3.03963
7800 3.04122
7900 3.0428
8000 3.04437
8000 3.04437
8100 3.04593
8186 3.04726
8186 3.04726
8192 3.03695
8192 3.03695
8194 3.01823
8194 3.01823
8194 3.01823
8194 3.01823
8200 3.01833
8300 3.02005
8400 3.02175
8500 3.02345
8600 3.02514
8700 3.02681
8800 3.02848
8900 3.03014
9000 3.03178
9000 3.03178
9100 3.03342
9200 3.03505
9300 3.03666
9400 3.03827
9500 3.03986
9600 3.04145
9700 3.04303
9800 3.0446
9900 3.04615
10000 3.0477
10000 3.0477
10082 3.04897
10082 3.04897
10082 3.04897
10082 3.04897
10082 3.04897
10096 2.80454
10096 2.80454
10096 2.80427
10096 2.80427
10097 2.79641
10097 2.79641
10097 2.79641
10097 2.79641
10100 2.7965
10200 2.79957
10234 2.80062
10234 2.80062
10240 2.79123
10240 2.79123
10242 2.77531
10242 2.77531
10242 2.77531
10242 2.77531
10300 2.77716
10400 2.78035
10500 2.78352
10600 2.78668
10700 2.78981
10800 2.79292
10900 2.79601
11000 2.79909
11000 2.79909
11100 2.80215
11200 2.80518
11300 2.8082
11400 2.8112
11500 2.81419
11600 2.81715
11700 2.8201
11800 2.82302
11900 2.82593
12000 2.82883
12000 2.82883
12100 2.8317
12200 2.83456
12282 2.8369
12282 2.8369
12288 2.82737
12288 2.82737
12290 2.80903
12290 2.80903
12290 2.80903
12290 2.80903
12300 2.80932
12400 2.81231
12500 2.81529
12600 2.81825
12700 2.82119
12800 2.82411
12900 2.82701
13000 2.8299
13000 2.8299
13100 2.83277
13200 2.83562
13300 2.83845
13400 2.84127
13500 2.84406
13600 2.84685
13700 2.84961
13800 2.85236
13900 2.85509
14000 2.8578
14000 2.8578
14100 2.8605
14200 2.86318
14300 2.86585
14330 2.86666
14330 2.86666
14336 2.85702
14336 2.85702
14400 2.85875
14500 2.86144
14600 2.86412
14700 2.86678
14800 2.86942
14900 2.87205
15000 2.87466
15000 2.87466
15100 2.87725
15200 2.87983
15300 2.8824
15400 2.88494
15500 2.88748
15600 2.88999
15700 2.89249
15800 2.89498
15900 2.89745
16000 2.89991
16000 2.89991
16100 2.90235
16200 2.90477
16300 2.90718
16378 2.90907
16378 2.90907
16384 2.89927
16384 2.89927
16386 2.88142
16386 2.88142
16386 2.88142
16386 2.88142
16400 2.88177
16500 2.88432
16600 2.88686
16700 2.88938
16800 2.89188
16900 2.89437
17000 2.89685
17000 2.89685
17100 2.89931
17200 2.90175
17300 2.90418
17400 2.9066
17500 2.909
17600 2.91138
17700 2.91375
17800 2.91611
17900 2.91845
18000 2.92078
18000 2.92078
18100 2.92309
18200 2.92539
18300 2.92768
18400 2.92995
18426 2.93055
18426 2.93055
18432 2.92067
18432 2.92067
18434 2.90399
18434 2.90399
18434 2.90399
18434 2.90399
18500 2.90558
18600 2.90799
18700 2.91038
18800 2.91276
18900 2.91512
19000 2.91747
19000 2.91747
19100 2.9198
19200 2.92212
19300 2.92443
19400 2.92672
19500 2.92899
19600 2.93126
19700 2.93351
19800 2.93574
19900 2.93797
20000 2.94017
20000 2.94017
20082 2.94199
20082 2.94199
20082 2.94199
20082 2.94199
20082 2.94199
20096 2.70622
20096 2.70622
20096 2.70596
20096 2.70596
20097 2.69839
20097 2.69839
20097 2.69839
20097 2.69839
20100 2.69849
20200 2.70216
20300 2.70581
20400 2.70943
20474 2.71212
20474 2.71212
20480 2.70306
20480 2.70306
20482 2.68554
20482 2.68554
20482 2.68554
20482 2.68554
20500 2.68621
20600 2.68995
20700 2.69367
20800 2.69737
20900 2.70105
21000 2.70471
21000 2.70471
21100 2.70834
21200 2.71195
21300 2.71554
21400 2.7191
21500 2.72265
21600 2.72617
21700 2.72967
21800 2.73315
21900 2.73661
22000 2.74005
22000 2.74005
22100 2.74346
22200 2.74686
22300 2.75023
22400 2.75359
22500 2.75692
22522 2.75767
22522 2.75767
22528 2.74844
22528 2.74844
22600 2.75086
22700 2.75421
22800 2.75754
22900 2.76085
23000 2.76414
23000 2.76414
23100 2.76741
23200 2.77066
23300 2.77389
23400 2.7771
23500 2.78029
23600 2.78346
23700 2.78662
23800 2.78975
23900 2.79286
24000 2.79596
24000 2.79596
24100 2.79903
24200 2.80209
24300 2.80513
24400 2.80814
24500 2.81115
24570 2.81325
24570 2.81325
24576 2.80381
24576 2.80381
24578 2.78656
24578 2.78656
24578 2.78656
24578 2.78656
24600 2.78725
24700 2.79037
24800 2.79348
24900 2.79657
25000 2.79965
25000 2.79965
25100 2.8027
25200 2.80573
25300 2.80875
25400 2.81175
25500 2.81472
25600 2.81769
25700 2.82063
25800 2.82355
25900 2.82646
26000 2.82935
26000 2.82935
26100 2.83222
26200 2.83507
26300 2.83791
26400 2.84073
26500 2.84353
26600 2.84632
26618 2.84683
26618 2.84683
26624 2.83726
26624 2.83726
26626 2.82107
26626 2.82107
26626 2.82107
26626 2.82107
26700 2.82323
26800 2.82614
26900 2.82903
27000 2.83191
27000 2.83191
27100 2.83476
27200 2.8376
27300 2.84042
27400 2.84323
27500 2.84601
27600 2.84878
27700 2.85154
27800 2.85427
27900 2.85699
28000 2.8597
28000 2.8597
28100 2.86238
28200 2.86505
28300 2.86771
28400 2.87034
28500 2.87296
28600 2.87557
28666 2.87729
28666 2.87729
28672 2.86761
28672 2.86761
28674 2.84996
28674 2.84996
28674 2.84996
28674 2.84996
28700 2.85067
28800 2.85341
28900 2.85614
29000 2.85885
29000 2.85885
29100 2.86154
29200 2.86421
29300 2.86687
29400 2.86951
29500 2.87214
29600 2.87475
29700 2.87734
29800 2.87992
29900 2.88249
30000 2.88503
30000 2.88503
30082 2.88713
30082 2.88713
30082 2.88713
30082 2.88713
30082 2.88713
30096 2.6558
30096 2.6558
30096 2.65555
30096 2.65555
30097 2.64812
30097 2.64812
30097 2.64812
30097 2.64812
30100 2.64823
30200 2.65221
30300 2.65616
30400 2.66009
30500 2.66399
30600 2.66787
30700 2.67173
30714 2.67229
30714 2.67229
30720 2.66338
30720 2.66338
30722 2.6482
30722 2.6482
30722 2.6482
30722 2.6482
30800 2.6513
30900 2.65526
31000 2.6592
31000 2.6592
31100 2.66311
31200 2.66699
31300 2.67085
31400 2.67469
31500 2.67851
31600 2.6823
31700 2.68607
31800 2.68982
31900 2.69354
32000 2.69724
32000 2.69724
32100 2.70092
32200 2.70457
32300 2.70821
32400 2.71182
32500 2.71541
32600 2.71897
32700 2.72252
32762 2.72472
32762 2.72472
32768 2.71561
32768 2.71561
32770 2.69802
32770 2.69802
32770 2.69802
32770 2.69802
32800 2.69911
32900 2.70277
33000 2.70642
33000 2.70642
33100 2.71004
33200 2.71364
33300 2.71722
33400 2.72077
33500 2.72431
33600 2.72782
33700 2.73131
33800 2.73478
33900 2.73823
34000 2.74166
34000 2.74166
34100 2.74507
34200 2.74845
34300 2.75182
34400 2.75516
34500 2.75849
34600 2.76179
34700 2.76507
34800 2.76834
34810 2.76868
34810 2.76868
34816 2.75941
34816 2.75941
34900 2.76218
35000 2.76546
35000 2.76546
35100 2.76872
35200 2.77196
35300 2.77518
35400 2.77839
35500 2.78157
35600 2.78473
35700 2.78788
35800 2.791
35900 2.79411
36000 2.79719
36000 2.79719
36100 2.80026
36200 2.80331
36300 2.80634
36400 2.80935
36500 2.81235
36600 2.81532
36700 2.81828
36800 2.82122
36858 2.82293
36858 2.82293
36864 2.81345
36864 2.81345
36866 2.79614
36866 2.79614
36866 2.79614
36866 2.79614
36900 2.79718
37000 2.80025
37000 2.80025
37100 2.8033
37200 2.80633
37300 2.80934
37400 2.81234
37500 2.81531
37600 2.81827
37700 2.82121
37800 2.82413
37900 2.82703
38000 2.82992
38000 2.82992
38100 2.83279
38200 2.83564
38300 2.83847
38400 2.84129
38500 2.84409
38600 2.84687
38700 2.84963
38800 2.85238
38900 2.85511
38906 2.85529
38906 2.85529
38912 2.84569
38912 2.84569
38914 2.82945
38914 2.82945
38914 2.82945
38914 2.82945
39000 2.83192
39000 2.83192
39100 2.83477
39200 2.83761
39300 2.84043
39400 2.84323
39500 2.84602
39600 2.84879
39700 2.85154
39800 2.85428
39900 2.857
40000 2.8597
40000 2.8597
40082 2.86192
40082 2.86192
40082 2.86192
40082 2.86192
40082 2.86192
40096 2.63264
40096 2.63264
40096 2.63239
40096 2.63239
40097 2.62503
40097 2.62503
40097 2.62503
40097 2.62503
40100 2.62514
40200 2.62926
40300 2.63335
40400 2.63742
40500 2.64146
40600 2.64548
40700 2.64948
40800 2.65345
40900 2.65739
40954 2.65953
40954 2.65953
40960 2.65067
40960 2.65067
40962 2.6335
40962 2.6335
40962 2.6335
40962 2.6335
41000 2.63503
41000 2.63503
41100 2.63909
41200 2.64312
41300 2.64713
41400 2.65112
41500 2.65508
41600 2.65901
41700 2.66292
41800 2.66681
41900 2.67067
42000 2.67451
42000 2.67451
42100 2.67833
42200 2.68212
42300 2.68589
42400 2.68964
42500 2.69337
42600 2.69707
42700 2.70075
42800 2.7044
42900 2.70804
43000 2.71165
43000 2.71165
43002 2.71174
43002 2.71174
43008 2.70268
43008 2.70268
43100 2.70603
43200 2.70966
43300 2.71326
43400 2.71684
43500 2.7204
43600 2.72393
43700 2.72745
43800 2.73094
43900 2.73441
44000 2.73786
44000 2.73786
44100 2.74129
44200 2.7447
44300 2.74809
44400 2.75146
44500 2.75481
44600 2.75813
44700 2.76144
44800 2.76473
44900 2.76799
45000 2.77124
45000 2.77124
45050 2.77287
45050 2.77287
45056 2.76358
45056 2.76358
45058 2.74659
45058 2.74659
45058 2.74659
45058 2.74659
45100 2.748
45200 2.75137
45300 2.75471
45400 2.75804
45500 2.76135
45600 2.76464
45700 2.7679
45800 2.77115
45900 2.77438
46000 2.77758
46000 2.77758
46100 2.78077
46200 2.78394
46300 2.78709
46400 2.79022
46500 2.79333
46600 2.79642
46700 2.79949
46800 2.80254
46900 2.80558
47000 2.8086
47000 2.8086
47098 2.81155
47098 2.81155
47100 2.80886
47104 2.80212
47104 2.80212
47106 2.78613
47106 2.78613
47106 2.78613
47106 2.78613
47200 2.78907
47300 2.79219
47400 2.79529
47500 2.79837
47600 2.80143
47700 2.80447
47800 2.8075
47900 2.8105
48000 2.81349
48000 2.81349
48100 2.81646
48200 2.81941
48300 2.82234
48400 2.82525
48500 2.82815
48600 2.83103
48700 2.83389
48800 2.83673
48900 2.83956
49000 2.84237
49000 2.84237
49100 2.84516
49146 2.84645
49146 2.84645
49152 2.83689
49152 2.83689
49154 2.81943
49154 2.81943
49154 2.81943
49154 2.81943
49200 2.82078
49300 2.8237
49400 2.82661
49500 2.82949
49600 2.83236
49700 2.83522
49800 2.83805
49900 2.84087
50000 2.84367
50000 2.84367
50082 2.84598
50082 2.84598
50082 2.84598
50082 2.84598
50082 2.84598
50096 2.61799
50096 2.61799
50096 2.61774
50096 2.61774
50097 2.61042
50097 2.61042
50097 2.61042
50097 2.61042
50100 2.61053
50200 2.61474
50300 2.61892
50400 2.62308
50500 2.62721
50600 2.63131
50700 2.63539
50800 2.63945
50900 2.64348
51000 2.64749
51000 2.64749
51100 2.65147
51194 2.6552
51194 2.6552
51200 2.64636
51200 2.64636
51200 2.64636
51202 2.63128
51202 2.63128
51202 2.63128
51202 2.63128
51300 2.63528
51400 2.63934
51500 2.64337
51600 2.64737
51700 2.65136
51800 2.65531
51900 2.65925
52000 2.66316
52000 2.66316
52100 2.66704
52200 2.67091
52300 2.67474
52400 2.67856
52500 2.68235
52600 2.68612
52700 2.68987
52800 2.69359
52900 2.69729
53000 2.70097
53000 2.70097
53100 2.70462
53200 2.70825
53242 2.70979
53242 2.70979
53248 2.70074
53248 2.70074
53250 2.68324
53250 2.68324
53250 2.68324
53250 2.68324
53300 2.68511
53400 2.68886
53500 2.69259
53600 2.6963
53700 2.69998
53800 2.70364
53900 2.70728
54000 2.7109
54000 2.7109
54100 2.71449
54200 2.71807
54300 2.72162
54400 2.72515
54500 2.72865
54600 2.73214
54700 2.7356
54800 2.73905
54900 2.74247
55000 2.74587
55000 2.74587
55100 2.74925
55200 2.75261
55290 2.75563
55290 2.75563
55296 2.74641
55296 2.74641
55300 2.74655
55400 2.74993
55500 2.75328
55600 2.75662
55700 2.75993
55800 2.76323
55900 2.7665
56000 2.76976
56000 2.76976
56100 2.77299
56200 2.77621
56300 2.77941
56400 2.78258
56500 2.78574
56600 2.78888
56700 2.79199
56800 2.79509
56900 2.79818
57000 2.80124
57000 2.80124
57100 2.80428
57200 2.8073
57300 2.81031
57338 2.81146
57338 2.81146
57344 2.80203
57344 2.80203
57346 2.78479
57346 2.78479
57346 2.78479
57346 2.78479
57400 2.78649
57500 2.78962
57600 2.79273
57700 2.79583
57800 2.7989
57900 2.80196
58000 2.805
58000 2.805
58100 2.80802
58200 2.81102
58300 2.81401
58400 2.81697
58500 2.81992
58600 2.82285
58700 2.82576
58800 2.82865
58900 2.83153
59000 2.83439
59000 2.83439
59100 2.83723
59200 2.84005
59300 2.84286
59386 2.84527
59386 2.84527
59392 2.83571
59392 2.83571
59394 2.81952
59394 2.81952
59394 2.81952
59394 2.81952
59400 2.8197
59500 2.82263
59600 2.82554
59700 2.82844
59800 2.83131
59900 2.83417
60000 2.83702
60000 2.83702
60082 2.83935
60082 2.83935
60082 2.83935
60082 2.83935
60082 2.83935
60096 2.6119
60096 2.6119
60096 2.61165
60096 2.61165
60097 2.60435
60097 2.60435
60097 2.60435
60097 2.60435
60100 2.60447
60200 2.60871
60300 2.61293
60400 2.61712
60500 2.62129
60600 2.62543
60700 2.62954
60800 2.63364
60900 2.6377
61000 2.64174
61000 2.64174
61100 2.64576
61200 2.64975
61300 2.65372
61400 2.65766
61434 2.65901
61434 2.65901
61440 2.65016
61440 2.65016
61442 2.63299
61442 2.63299
61442 2.63299
61442 2.63299
61500 2.63534
61600 2.6394
61700 2.64343
61800 2.64744
61900 2.65142
62000 2.65537
62000 2.65537
62100 2.65931
62200 2.66322
62300 2.6671
62400 2.67096
62500 2.6748
62600 2.67862
62700 2.68241
62800 2.68618
62900 2.68992
63000 2.69365
63000 2.69365
63100 2.69735
63200 2.70102
63300 2.70468
63400 2.70831
63482 2.71129
63482 2.71129
63488 2.70223
63488 2.70223
63500 2.70267
63600 2.70632
63700 2.70994
63800 2.71354
63900 2.71712
