0 3.03099
0 3.03099
0 3.03099
2 3.03099
2 3.03099
100 3.03099
200 3.03099
300 3.03099
400 3.03099
500 3.03099
600 3.03099
700 3.03099
800 3.03099
900 3.03099
1000 3.03099
1000 3.03099
1100 3.03099
1200 3.03099
1300 3.03099
1400 3.03099
1500 3.03099
1600 3.03099
1700 3.03099
1800 3.03099
1900 3.03099
2000 3.03099
2000 3.03099
2048 3.03099
2048 3.03099
2050 3.03099
2050 3.03099
2100 3.03099
2200 3.03099
2300 3.03099
2400 3.03099
2500 3.03099
2600 3.03099
2700 3.03099
2800 3.03099
2900 3.03099
3000 3.03099
3000 3.03099
3100 3.03099
3200 3.03099
3300 3.03099
3400 3.03099
3500 3.03099
3600 3.03099
3700 3.03099
3800 3.03099
3900 3.03099
4000 3.03099
4000 3.03099
4096 3.03099
4096 3.03099
4098 3.03099
4098 3.03099
4100 3.03099
4200 3.03099
4300 3.03099
4400 3.03099
4500 3.03099
4502 3.03099
4502 3.03099
4504 3.03099
4504 3.03099
4504 3.03099
4504 3.03099
4505 3.03099
4505 3.03099
4505 3.03099
4505 3.03099
4506 3.03099
4506 3.03099
4506 3.03099
4506 3.03099
4507 3.03099
4507 3.03099
4600 3.03099
4700 3.03099
4800 3.03099
4900 3.03099
5000 3.03099
5000 3.03099
5100 3.03099
5200 3.03099
5300 3.03099
5400 3.03099
5500 3.03099
5600 3.03099
5700 3.03099
5800 3.03099
5900 3.03099
6000 3.03099
6000 3.03099
6100 3.03099
6144 3.03099
6144 3.03099
6146 3.02577
6146 3.02577
6146 3.02577
6146 3.02577
6200 3.02591
6300 3.02616
6400 3.02641
6500 3.02666
6600 3.02691
6700 3.02716
6800 3.02741
6900 3.02766
7000 3.02791
7000 3.02791
7100 3.02816
7200 3.02841
7300 3.02866
7400 3.02891
7500 3.02916
7600 3.02941
7700 3.02965
7800 3.0299
7900 3.03015
8000 3.0304
8000 3.0304
8100 3.03064
8186 3.03086
8186 3.03086
8192 3.02776
8192 3.02776
8194 3.02215
8194 3.02215
8194 3.02215
8194 3.02215
8200 3.02216
8300 3.02242
8400 3.02267
8500 3.02293
8600 3.02318
8700 3.02343
8800 3.02369
8900 3.02394
9000 3.02419
9000 3.02419
9100 3.02445
9200 3.0247
9300 3.02495
9400 3.0252
9500 3.02545
9600 3.02571
9700 3.02596
9800 3.02621
9900 3.02646
10000 3.02671
10000 3.02671
10082 3.02692
10082 3.02692
10082 3.02692
10082 3.02692
10082 3.02692
10096 2.95192
10096 2.95192
10096 2.95183
10096 2.95183
10097 2.94934
10097 2.94934
10097 2.94934
10097 2.94934
10100 2.94935
10200 2.94968
10234 2.94979
10234 2.94979
10240 2.94678
10240 2.94678
10242 2.94171
10242 2.94171
10242 2.94171
10242 2.94171
10300 2.9419
10400 2.94223
10500 2.94256
10600 2.94289
10700 2.94321
10800 2.94354
10900 2.94387
11000 2.94419
11000 2.94419
11100 2.94452
11200 2.94485
11300 2.94517
11400 2.9455
11500 2.94582
11600 2.94615
11700 2.94647
11800 2.9468
11900 2.94712
12000 2.94744
12000 2.94744
12100 2.94777
12200 2.94809
12282 2.94836
12282 2.94836
12288 2.94535
12288 2.94535
12290 2.93959
12290 2.93959
12290 2.93959
12290 2.93959
12300 2.93962
12400 2.93995
12500 2.94028
12600 2.94061
12700 2.94094
12800 2.94127
12900 2.9416
13000 2.94193
13000 2.94193
13100 2.94226
13200 2.94259
13300 2.94291
13400 2.94324
13500 2.94357
13600 2.9439
13700 2.94422
13800 2.94455
13900 2.94487
14000 2.9452
14000 2.9452
14100 2.94553
14200 2.94585
14300 2.94618
14330 2.94627
14330 2.94627
14336 2.94327
14336 2.94327
14400 2.94348
14500 2.94381
14600 2.94413
14700 2.94446
14800 2.94479
14900 2.94511
15000 2.94544
15000 2.94544
15100 2.94576
15200 2.94609
15300 2.94641
15400 2.94674
15500 2.94706
15600 2.94738
15700 2.94771
15800 2.94803
15900 2.94835
16000 2.94868
16000 2.94868
16100 2.949
16200 2.94932
16300 2.94964
16378 2.94989
16378 2.94989
16384 2.94689
16384 2.94689
16386 2.94142
16386 2.94142
16386 2.94142
16386 2.94142
16400 2.94147
16500 2.9418
16600 2.94212
16700 2.94245
16800 2.94278
16900 2.94311
17000 2.94344
17000 2.94344
17100 2.94376
17200 2.94409
17300 2.94442
17400 2.94474
17500 2.94507
17600 2.94539
17700 2.94572
17800 2.94604
17900 2.94637
18000 2.94669
18000 2.94669
18100 2.94702
18200 2.94734
18300 2.94766
18400 2.94799
18426 2.94807
18426 2.94807
18432 2.94507
18432 2.94507
18434 2.94
18434 2.94
18434 2.94
18434 2.94
18500 2.94022
18600 2.94055
18700 2.94088
18800 2.94121
18900 2.94154
19000 2.94187
19000 2.94187
19100 2.94219
19200 2.94252
19300 2.94285
19400 2.94318
19500 2.94351
19600 2.94383
19700 2.94416
19800 2.94449
19900 2.94481
20000 2.94514
20000 2.94514
20082 2.94541
20082 2.94541
20082 2.94541
20082 2.94541
20082 2.94541
20096 2.87244
20096 2.87244
20096 2.87235
20096 2.87235
20097 2.86993
20097 2.86993
20097 2.86993
20097 2.86993
20100 2.86994
20200 2.87034
20300 2.87073
20400 2.87113
20474 2.87142
20474 2.87142
20480 2.8685
20480 2.8685
20482 2.86289
20482 2.86289
20482 2.86289
20482 2.86289
20500 2.86296
20600 2.86336
20700 2.86376
20800 2.86416
20900 2.86456
21000 2.86496
21000 2.86496
21100 2.86536
21200 2.86576
21300 2.86616
21400 2.86655
21500 2.86695
21600 2.86735
21700 2.86775
21800 2.86814
21900 2.86854
22000 2.86893
22000 2.86893
22100 2.86933
22200 2.86973
22300 2.87012
22400 2.87051
22500 2.87091
22522 2.871
22522 2.871
22528 2.86807
22528 2.86807
22600 2.86836
22700 2.86876
22800 2.86915
22900 2.86955
23000 2.86994
23000 2.86994
23100 2.87034
23200 2.87073
23300 2.87112
23400 2.87152
23500 2.87191
23600 2.8723
23700 2.87269
23800 2.87309
23900 2.87348
24000 2.87387
24000 2.87387
24100 2.87426
24200 2.87465
24300 2.87504
24400 2.87543
24500 2.87582
24570 2.87609
24570 2.87609
24576 2.87317
24576 2.87317
24578 2.86784
24578 2.86784
24578 2.86784
24578 2.86784
24600 2.86793
24700 2.86832
24800 2.86872
24900 2.86911
25000 2.86951
25000 2.86951
25100 2.8699
25200 2.8703
25300 2.87069
25400 2.87109
25500 2.87148
25600 2.87187
25700 2.87227
25800 2.87266
25900 2.87305
26000 2.87344
26000 2.87344
26100 2.87383
26200 2.87422
26300 2.87461
26400 2.875
26500 2.87539
26600 2.87578
26618 2.87586
26618 2.87586
26624 2.87293
26624 2.87293
26626 2.86799
26626 2.86799
26626 2.86799
26626 2.86799
26700 2.86828
26800 2.86868
26900 2.86907
27000 2.86947
27000 2.86947
27100 2.86986
27200 2.87026
27300 2.87065
27400 2.87105
27500 2.87144
27600 2.87183
27700 2.87223
27800 2.87262
27900 2.87301
28000 2.8734
28000 2.8734
28100 2.87379
28200 2.87418
28300 2.87457
28400 2.87496
28500 2.87535
28600 2.87574
28666 2.876
28666 2.876
28672 2.87307
28672 2.87307
28674 2.86775
28674 2.86775
28674 2.86775
28674 2.86775
28700 2.86785
28800 2.86825
28900 2.86864
29000 2.86904
29000 2.86904
29100 2.86943
29200 2.86983
29300 2.87022
29400 2.87062
29500 2.87101
29600 2.87141
29700 2.8718
29800 2.87219
29900 2.87258
30000 2.87298
30000 2.87298
30082 2.8733
30082 2.8733
30082 2.8733
30082 2.8733
30082 2.8733
30096 2.80213
30096 2.80213
30096 2.80205
30096 2.80205
30097 2.79968
30097 2.79968
30097 2.79968
30097 2.79968
30100 2.7997
30200 2.80016
30300 2.80061
30400 2.80107
30500 2.80153
30600 2.80199
30700 2.80244
30714 2.80251
30714 2.80251
30720 2.79966
30720 2.79966
30722 2.79485
30722 2.79485
30722 2.79485
30722 2.79485
30800 2.79521
30900 2.79568
31000 2.79614
31000 2.79614
31100 2.7966
31200 2.79706
31300 2.79752
31400 2.79798
31500 2.79844
31600 2.7989
31700 2.79936
31800 2.79982
31900 2.80028
32000 2.80074
32000 2.80074
32100 2.8012
32200 2.80166
32300 2.80211
32400 2.80257
32500 2.80303
32600 2.80348
32700 2.80394
32762 2.80422
32762 2.80422
32768 2.80137
32768 2.80137
32770 2.7959
32770 2.7959
32770 2.7959
32770 2.7959
32800 2.79603
32900 2.7965
33000 2.79696
33000 2.79696
33100 2.79742
33200 2.79788
33300 2.79834
33400 2.7988
33500 2.79926
33600 2.79972
33700 2.80018
33800 2.80064
33900 2.8011
34000 2.80155
34000 2.80155
34100 2.80201
34200 2.80247
34300 2.80292
34400 2.80338
34500 2.80384
34600 2.80429
34700 2.80475
34800 2.8052
34810 2.80525
34810 2.80525
34816 2.8024
34816 2.8024
34900 2.80278
35000 2.80324
35000 2.80324
35100 2.80369
35200 2.80415
35300 2.8046
35400 2.80506
35500 2.80551
35600 2.80596
35700 2.80642
35800 2.80687
35900 2.80732
36000 2.80777
36000 2.80777
36100 2.80823
36200 2.80868
36300 2.80913
36400 2.80958
36500 2.81003
36600 2.81048
36700 2.81093
36800 2.81137
36858 2.81164
36858 2.81164
36864 2.80878
36864 2.80878
36866 2.80357
36866 2.80357
36866 2.80357
36866 2.80357
36900 2.80373
37000 2.80418
37000 2.80418
37100 2.80464
37200 2.80509
37300 2.80554
37400 2.806
37500 2.80645
37600 2.8069
37700 2.80736
37800 2.80781
37900 2.80826
38000 2.80871
38000 2.80871
38100 2.80916
38200 2.80961
38300 2.81006
38400 2.81051
38500 2.81096
38600 2.81141
38700 2.81186
38800 2.8123
38900 2.81275
38906 2.81278
38906 2.81278
38912 2.80992
38912 2.80992
38914 2.80509
38914 2.80509
38914 2.80509
38914 2.80509
39000 2.80548
39000 2.80548
39100 2.80594
39200 2.80639
39300 2.80684
39400 2.80729
39500 2.80775
39600 2.8082
39700 2.80865
39800 2.8091
39900 2.80955
40000 2.81
40000 2.81
40082 2.81037
40082 2.81037
40082 2.81037
40082 2.81037
40082 2.81037
40096 2.74077
40096 2.74077
40096 2.74069
40096 2.74069
40097 2.73838
40097 2.73838
40097 2.73838
40097 2.73838
40100 2.73839
40200 2.73891
40300 2.73942
40400 2.73994
40500 2.74045
40600 2.74096
40700 2.74148
40800 2.74199
40900 2.7425
40954 2.74278
40954 2.74278
40960 2.74
40960 2.74
40962 2.73464
40962 2.73464
40962 2.73464
40962 2.73464
41000 2.73484
41000 2.73484
41100 2.73536
41200 2.73587
41300 2.73639
41400 2.73691
41500 2.73743
41600 2.73794
41700 2.73846
41800 2.73897
41900 2.73949
42000 2.74
42000 2.74
42100 2.74052
42200 2.74103
42300 2.74154
42400 2.74205
42500 2.74257
42600 2.74308
42700 2.74359
42800 2.7441
42900 2.74461
43000 2.74512
43000 2.74512
43002 2.74513
43002 2.74513
43008 2.74234
43008 2.74234
43100 2.74281
43200 2.74333
43300 2.74384
43400 2.74435
43500 2.74486
43600 2.74537
43700 2.74587
43800 2.74638
43900 2.74689
44000 2.7474
44000 2.7474
44100 2.7479
44200 2.74841
44300 2.74892
44400 2.74942
44500 2.74993
44600 2.75043
44700 2.75094
44800 2.75144
44900 2.75194
45000 2.75245
45000 2.75245
45050 2.7527
45050 2.7527
45056 2.7499
45056 2.7499
45058 2.74481
45058 2.74481
45058 2.74481
45058 2.74481
45100 2.74502
45200 2.74553
45300 2.74604
45400 2.74655
45500 2.74706
45600 2.74756
45700 2.74807
45800 2.74858
45900 2.74908
46000 2.74959
46000 2.74959
46100 2.75009
46200 2.7506
46300 2.7511
46400 2.75161
46500 2.75211
46600 2.75261
46700 2.75311
46800 2.75361
46900 2.75412
47000 2.75462
47000 2.75462
47098 2.75511
47098 2.75511
47100 2.75431
47104 2.75231
47104 2.75231
47106 2.74758
47106 2.74758
47106 2.74758
47106 2.74758
47200 2.74806
47300 2.74857
47400 2.74907
47500 2.74958
47600 2.75008
47700 2.75059
47800 2.75109
47900 2.75159
48000 2.7521
48000 2.7521
48100 2.7526
48200 2.7531
48300 2.7536
48400 2.7541
48500 2.75461
48600 2.75511
48700 2.75561
48800 2.7561
48900 2.7566
49000 2.7571
49000 2.7571
49100 2.7576
49146 2.75783
49146 2.75783
49152 2.75503
49152 2.75503
49154 2.74993
49154 2.74993
49154 2.74993
49154 2.74993
49200 2.75016
49300 2.75066
49400 2.75117
49500 2.75167
49600 2.75217
49700 2.75267
49800 2.75318
49900 2.75368
50000 2.75418
50000 2.75418
50082 2.75459
50082 2.75459
50082 2.75459
50082 2.75459
50082 2.75459
50096 2.68638
50096 2.68638
50096 2.6863
50096 2.6863
50097 2.68404
50097 2.68404
50097 2.68404
50097 2.68404
50100 2.68405
50200 2.68462
50300 2.68518
50400 2.68575
50500 2.68631
50600 2.68687
50700 2.68744
50800 2.688
50900 2.68856
51000 2.68912
51000 2.68912
51100 2.68968
51194 2.69021
51194 2.69021
51200 2.68748
51200 2.68748
51200 2.68748
51202 2.68287
51202 2.68287
51202 2.68287
51202 2.68287
51300 2.68342
51400 2.68399
51500 2.68455
51600 2.68512
51700 2.68568
51800 2.68624
51900 2.68681
52000 2.68737
52000 2.68737
52100 2.68793
52200 2.68849
52300 2.68905
52400 2.68962
52500 2.69018
52600 2.69073
52700 2.69129
52800 2.69185
52900 2.69241
53000 2.69297
53000 2.69297
53100 2.69352
53200 2.69408
53242 2.69432
53242 2.69432
53248 2.69158
53248 2.69158
53250 2.68633
53250 2.68633
53250 2.68633
53250 2.68633
53300 2.68661
53400 2.68717
53500 2.68773
53600 2.68829
53700 2.68886
53800 2.68942
53900 2.68998
54000 2.69054
54000 2.69054
54100 2.69109
54200 2.69165
54300 2.69221
54400 2.69277
54500 2.69333
54600 2.69388
54700 2.69444
54800 2.69499
54900 2.69555
55000 2.6961
55000 2.6961
55100 2.69666
55200 2.69721
55290 2.69771
55290 2.69771
55296 2.69498
55296 2.69498
55300 2.695
55400 2.69555
55500 2.69611
55600 2.69666
55700 2.69722
55800 2.69777
55900 2.69832
56000 2.69887
56000 2.69887
56100 2.69942
56200 2.69998
56300 2.70053
56400 2.70108
56500 2.70163
56600 2.70217
56700 2.70272
56800 2.70327
56900 2.70382
57000 2.70437
57000 2.70437
57100 2.70491
57200 2.70546
57300 2.706
57338 2.70621
57338 2.70621
57344 2.70347
57344 2.70347
57346 2.69846
57346 2.69846
57346 2.69846
57346 2.69846
57400 2.69876
57500 2.69931
57600 2.69986
57700 2.70041
57800 2.70096
57900 2.70151
58000 2.70206
58000 2.70206
58100 2.70261
58200 2.70316
58300 2.7037
58400 2.70425
58500 2.7048
58600 2.70534
58700 2.70589
58800 2.70643
58900 2.70698
59000 2.70752
59000 2.70752
59100 2.70807
59200 2.70861
59300 2.70915
59386 2.70962
59386 2.70962
59392 2.70687
59392 2.70687
59394 2.70222
59394 2.70222
59394 2.70222
59394 2.70222
59400 2.70225
59500 2.7028
59600 2.70335
59700 2.7039
59800 2.70444
59900 2.70499
60000 2.70554
60000 2.70554
60082 2.70599
60082 2.70599
60082 2.70599
60082 2.70599
60082 2.70599
60096 2.63898
60096 2.63898
60096 2.63891
60096 2.63891
60097 2.63668
60097 2.63668
60097 2.63668
60097 2.63668
60100 2.6367
60200 2.63731
60300 2.63792
60400 2.63853
60500 2.63913
60600 2.63974
60700 2.64034
60800 2.64095
60900 2.64155
61000 2.64216
61000 2.64216
61100 2.64276
61200 2.64337
61300 2.64397
61400 2.64457
61434 2.64478
61434 2.64478
61440 2.6421
61440 2.6421
61442 2.63694
61442 2.63694
61442 2.63694
61442 2.63694
61500 2.63729
61600 2.6379
61700 2.63851
61800 2.63911
61900 2.63972
62000 2.64032
62000 2.64032
62100 2.64093
62200 2.64153
62300 2.64214
62400 2.64274
62500 2.64334
62600 2.64395
62700 2.64455
62800 2.64515
62900 2.64575
63000 2.64635
63000 2.64635
63100 2.64695
63200 2.64755
63300 2.64815
63400 2.64875
63482 2.64924
63482 2.64924
63488 2.64656
63488 2.64656
63500 2.64663
63600 2.64723
63700 2.64783
63800 2.64842
63900 2.64902
