0 3.03099
0 3.03099
0 3.03099
2 3.03099
2 3.03099
100 3.03099
200 3.03099
300 3.03099
400 3.03099
500 3.03099
600 3.03099
700 3.03099
800 3.03099
900 3.03099
1000 3.03099
1000 3.03099
1100 3.03099
1200 3.03099
1300 3.03099
1400 3.03099
1500 3.03099
1600 3.03099
1700 3.03099
1800 3.03099
1900 3.03099
2000 3.03099
2000 3.03099
2048 3.03099
2048 3.03099
2050 3.03099
2050 3.03099
2100 3.03099
2200 3.03099
2300 3.03099
2400 3.03099
2500 3.03099
2600 3.03099
2700 3.03099
2800 3.03099
2900 3.03099
3000 3.03099
3000 3.03099
3100 3.03099
3200 3.03099
3300 3.03099
3400 3.03099
3500 3.03099
3600 3.03099
3700 3.03099
3800 3.03099
3900 3.03099
4000 3.03099
4000 3.03099
4096 3.03099
4096 3.03099
4098 3.03099
4098 3.03099
4100 3.03099
4200 3.03099
4300 3.03099
4400 3.03099
4500 3.03099
4502 3.03099
4502 3.03099
4504 3.03099
4504 3.03099
4504 3.03099
4504 3.03099
4505 3.03099
4505 3.03099
4505 3.03099
4505 3.03099
4506 3.03099
4506 3.03099
4506 3.03099
4506 3.03099
4507 3.03099
4507 3.03099
4600 3.03099
4700 3.03099
4800 3.03099
4900 3.03099
5000 3.03099
5000 3.03099
5100 3.03099
5200 3.03099
5300 3.03099
5400 3.03099
5500 3.03099
5600 3.03099
5700 3.03099
5800 3.03099
5900 3.03099
6000 3.03099
6000 3.03099
6100 3.03099
6144 3.03099
6144 3.03099
6146 3.01364
6146 3.01364
6146 3.01364
6146 3.01364
6200 3.01411
6300 3.01499
6400 3.01586
6500 3.01673
6600 3.01759
6700 3.01845
6800 3.01931
6900 3.02017
7000 3.02102
7000 3.02102
7100 3.02187
7200 3.02272
7300 3.02357
7400 3.02441
7500 3.02526
7600 3.02609
7700 3.02693
7800 3.02776
7900 3.0286
8000 3.02942
8000 3.02942
8100 3.03025
8186 3.03096
8186 3.03096
8192 3.02066
8192 3.02066
8194 3.00202
8194 3.00202
8194 3.00202
8194 3.00202
8200 3.00208
8300 3.00299
8400 3.00389
8500 3.0048
8600 3.0057
8700 3.0066
8800 3.00749
8900 3.00838
9000 3.00928
9000 3.00928
9100 3.01016
9200 3.01105
9300 3.01193
9400 3.01281
9500 3.01369
9600 3.01456
9700 3.01543
9800 3.0163
9900 3.01717
10000 3.01803
10000 3.01803
10082 3.01874
10082 3.01874
10082 3.01874
10082 3.01874
10082 3.01874
10096 2.77659
10096 2.77659
10096 2.77632
10096 2.77632
10097 2.76853
10097 2.76853
10097 2.76853
10097 2.76853
10100 2.76858
10200 2.7702
10234 2.77076
10234 2.77076
10240 2.76139
10240 2.76139
10242 2.74561
10242 2.74561
10242 2.74561
10242 2.74561
10300 2.74659
10400 2.74828
10500 2.74996
10600 2.75164
10700 2.75332
10800 2.75499
10900 2.75665
11000 2.75831
11000 2.75831
11100 2.75997
11200 2.76162
11300 2.76326
11400 2.7649
11500 2.76654
11600 2.76817
11700 2.76979
11800 2.77141
11900 2.77302
12000 2.77463
12000 2.77463
12100 2.77624
12200 2.77784
12282 2.77915
12282 2.77915
12288 2.76975
12288 2.76975
12290 2.75176
12290 2.75176
12290 2.75176
12290 2.75176
12300 2.75192
12400 2.75359
12500 2.75526
12600 2.75693
12700 2.75858
12800 2.76024
12900 2.76189
13000 2.76353
13000 2.76353
13100 2.76517
13200 2.7668
13300 2.76843
13400 2.77006
13500 2.77167
13600 2.77329
13700 2.7749
13800 2.7765
13900 2.7781
14000 2.77969
14000 2.77969
14100 2.78128
14200 2.78287
14300 2.78445
14330 2.78493
14330 2.78493
14336 2.77551
14336 2.77551
14400 2.77653
14500 2.77813
14600 2.77973
14700 2.78131
14800 2.7829
14900 2.78448
15000 2.78605
15000 2.78605
15100 2.78762
15200 2.78919
15300 2.79075
15400 2.7923
15500 2.79386
15600 2.7954
15700 2.79694
15800 2.79848
15900 2.80001
16000 2.80154
16000 2.80154
16100 2.80306
16200 2.80458
16300 2.80609
16378 2.80728
16378 2.80728
16384 2.79777
16384 2.79777
16386 2.78053
16386 2.78053
16386 2.78053
16386 2.78053
16400 2.78075
16500 2.78233
16600 2.78392
16700 2.78549
16800 2.78706
16900 2.78863
17000 2.79019
17000 2.79019
17100 2.79175
17200 2.7933
17300 2.79485
17400 2.79639
17500 2.79793
17600 2.79947
17700 2.80099
17800 2.80252
17900 2.80404
18000 2.80555
18000 2.80555
18100 2.80706
18200 2.80857
18300 2.81007
18400 2.81157
18426 2.81196
18426 2.81196
18432 2.80244
18432 2.80244
18434 2.78642
18434 2.78642
18434 2.78642
18434 2.78642
18500 2.78746
18600 2.78902
18700 2.79058
18800 2.79214
18900 2.79369
19000 2.79524
19000 2.79524
19100 2.79678
19200 2.79832
19300 2.79985
19400 2.80138
19500 2.8029
19600 2.80442
19700 2.80593
19800 2.80744
19900 2.80895
20000 2.81045
20000 2.81045
20082 2.81168
20082 2.81168
20082 2.81168
20082 2.81168
20082 2.81168
20096 2.58623
20096 2.58623
20096 2.58598
20096 2.58598
20097 2.57873
20097 2.57873
20097 2.57873
20097 2.57873
20100 2.57879
20200 2.581
20300 2.58319
20400 2.58538
20474 2.58701
20474 2.58701
20480 2.5783
20480 2.5783
20482 2.56156
20482 2.56156
20482 2.56156
20482 2.56156
20500 2.56196
20600 2.56421
20700 2.56646
20800 2.5687
20900 2.57094
21000 2.57316
21000 2.57316
21100 2.57539
21200 2.5776
21300 2.57981
21400 2.58201
21500 2.5842
21600 2.58639
21700 2.58857
21800 2.59074
21900 2.59291
22000 2.59507
22000 2.59507
22100 2.59722
22200 2.59937
22300 2.60151
22400 2.60364
22500 2.60577
22522 2.60625
22522 2.60625
22528 2.59747
22528 2.59747
22600 2.59901
22700 2.60115
22800 2.60329
22900 2.60542
23000 2.60754
23000 2.60754
23100 2.60965
23200 2.61176
23300 2.61387
23400 2.61596
23500 2.61805
23600 2.62014
23700 2.62221
23800 2.62428
23900 2.62635
24000 2.62841
24000 2.62841
24100 2.63046
24200 2.6325
24300 2.63454
24400 2.63658
24500 2.6386
24570 2.64003
24570 2.64003
24576 2.63112
24576 2.63112
24578 2.61492
24578 2.61492
24578 2.61492
24578 2.61492
24600 2.61538
24700 2.61747
24800 2.61955
24900 2.62163
25000 2.6237
25000 2.6237
25100 2.62577
25200 2.62783
25300 2.62988
25400 2.63193
25500 2.63397
25600 2.63601
25700 2.63804
25800 2.64006
25900 2.64207
26000 2.64408
26000 2.64408
26100 2.64609
26200 2.64809
26300 2.65008
26400 2.65206
26500 2.65404
26600 2.65602
26618 2.65638
26618 2.65638
26624 2.64742
26624 2.64742
26626 2.63229
26626 2.63229
26626 2.63229
26626 2.63229
26700 2.6338
26800 2.63584
26900 2.63787
27000 2.63989
27000 2.63989
27100 2.64191
27200 2.64392
27300 2.64592
27400 2.64792
27500 2.64991
27600 2.6519
27700 2.65388
27800 2.65585
27900 2.65782
28000 2.65978
28000 2.65978
28100 2.66174
28200 2.66369
28300 2.66563
28400 2.66757
28500 2.6695
28600 2.67143
28666 2.6727
28666 2.6727
28672 2.66369
28672 2.66369
28674 2.64728
28674 2.64728
28674 2.64728
28674 2.64728
28700 2.64779
28800 2.64979
28900 2.65177
29000 2.65375
29000 2.65375
29100 2.65573
29200 2.65769
29300 2.65966
29400 2.66161
29500 2.66356
29600 2.66551
29700 2.66745
29800 2.66938
29900 2.6713
30000 2.67323
30000 2.67323
30082 2.67481
30082 2.67481
30082 2.67481
30082 2.67481
30082 2.67481
30096 2.4604
30096 2.4604
30096 2.46016
30096 2.46016
30097 2.45327
30097 2.45327
30097 2.45327
30097 2.45327
30100 2.45334
30200 2.45593
30300 2.4585
30400 2.46108
30500 2.46364
30600 2.46619
30700 2.46874
30714 2.46911
30714 2.46911
30720 2.46082
30720 2.46082
30722 2.44678
30722 2.44678
30722 2.44678
30722 2.44678
30800 2.44881
30900 2.45141
31000 2.454
31000 2.454
31100 2.45659
31200 2.45917
31300 2.46173
31400 2.4643
31500 2.46685
31600 2.46939
31700 2.47193
31800 2.47446
31900 2.47698
32000 2.4795
32000 2.4795
32100 2.48201
32200 2.48451
32300 2.487
32400 2.48948
32500 2.49196
32600 2.49443
32700 2.49689
32762 2.49842
32762 2.49842
32768 2.49003
32768 2.49003
32770 2.47387
32770 2.47387
32770 2.47387
32770 2.47387
32800 2.47462
32900 2.47714
33000 2.47965
33000 2.47965
33100 2.48216
33200 2.48466
33300 2.48715
33400 2.48963
33500 2.49211
33600 2.49458
33700 2.49704
33800 2.49949
33900 2.50194
34000 2.50438
34000 2.50438
34100 2.50681
34200 2.50923
34300 2.51165
34400 2.51406
34500 2.51646
34600 2.51885
34700 2.52124
34800 2.52362
34810 2.52386
34810 2.52386
34816 2.51538
34816 2.51538
34900 2.51739
35000 2.51978
35000 2.51978
35100 2.52217
35200 2.52455
35300 2.52691
35400 2.52928
35500 2.53163
35600 2.53398
35700 2.53632
35800 2.53865
35900 2.54098
36000 2.5433
36000 2.5433
36100 2.54561
36200 2.54791
36300 2.55021
36400 2.5525
36500 2.55479
36600 2.55706
36700 2.55933
36800 2.5616
36858 2.56291
36858 2.56291
36864 2.55429
36864 2.55429
36866 2.53856
36866 2.53856
36866 2.53856
36866 2.53856
36900 2.53935
37000 2.54168
37000 2.54168
37100 2.54399
37200 2.5463
37300 2.54861
37400 2.5509
37500 2.55319
37600 2.55547
37700 2.55775
37800 2.56001
37900 2.56227
38000 2.56453
38000 2.56453
38100 2.56678
38200 2.56902
38300 2.57125
38400 2.57347
38500 2.57569
38600 2.57791
38700 2.58011
38800 2.58231
38900 2.58451
38906 2.58465
38906 2.58465
38912 2.57594
38912 2.57594
38914 2.56123
38914 2.56123
38914 2.56123
38914 2.56123
39000 2.56317
39000 2.56317
39100 2.56543
39200 2.56767
39300 2.56991
39400 2.57214
39500 2.57436
39600 2.57658
39700 2.57879
39800 2.58099
39900 2.58319
40000 2.58538
40000 2.58538
40082 2.58718
40082 2.58718
40082 2.58718
40082 2.58718
40082 2.58718
40096 2.37984
40096 2.37984
40096 2.37961
40096 2.37961
40097 2.37295
40097 2.37295
40097 2.37295
40097 2.37295
40100 2.37302
40200 2.37586
40300 2.37868
40400 2.3815
40500 2.3843
40600 2.3871
40700 2.38989
40800 2.39267
40900 2.39544
40954 2.39695
40954 2.39695
40960 2.38892
40960 2.38892
40962 2.37343
40962 2.37343
40962 2.37343
40962 2.37343
41000 2.37449
41000 2.37449
41100 2.37732
41200 2.38014
41300 2.38295
41400 2.38575
41500 2.38855
41600 2.39133
41700 2.39411
41800 2.39688
41900 2.39964
42000 2.40239
42000 2.40239
42100 2.40513
42200 2.40786
42300 2.41059
42400 2.41331
42500 2.41602
42600 2.41872
42700 2.42141
42800 2.42409
42900 2.42677
43000 2.42944
43000 2.42944
43002 2.4295
43002 2.4295
43008 2.42136
43008 2.42136
43100 2.42383
43200 2.4265
43300 2.42917
43400 2.43183
43500 2.43449
43600 2.43713
43700 2.43977
43800 2.44239
43900 2.44501
44000 2.44763
44000 2.44763
44100 2.45023
44200 2.45283
44300 2.45542
44400 2.458
44500 2.46057
44600 2.46313
44700 2.46569
44800 2.46824
44900 2.47078
45000 2.47331
45000 2.47331
45050 2.47459
45050 2.47459
45056 2.46628
45056 2.46628
45058 2.45111
45058 2.45111
45058 2.45111
45058 2.45111
45100 2.45219
45200 2.45478
45300 2.45736
45400 2.45994
45500 2.4625
45600 2.46506
45700 2.46761
45800 2.47016
45900 2.47269
46000 2.47522
46000 2.47522
46100 2.47774
46200 2.48025
46300 2.48276
46400 2.48525
46500 2.48774
46600 2.49023
46700 2.4927
46800 2.49517
46900 2.49763
47000 2.50008
47000 2.50008
47098 2.50248
47098 2.50248
47100 2.50009
47104 2.49407
47104 2.49407
47106 2.47984
47106 2.47984
47106 2.47984
47106 2.47984
47200 2.48219
47300 2.48469
47400 2.48718
47500 2.48967
47600 2.49214
47700 2.49461
47800 2.49707
47900 2.49952
48000 2.50197
48000 2.50197
48100 2.50441
48200 2.50684
48300 2.50926
48400 2.51168
48500 2.51409
48600 2.51649
48700 2.51888
48800 2.52127
48900 2.52365
49000 2.52602
49000 2.52602
49100 2.52838
49146 2.52948
49146 2.52948
49152 2.52097
49152 2.52097
49154 2.50546
49154 2.50546
49154 2.50546
49154 2.50546
49200 2.50657
49300 2.50899
49400 2.51141
49500 2.51382
49600 2.51622
49700 2.51862
49800 2.521
49900 2.52338
50000 2.52576
50000 2.52576
50082 2.52771
50082 2.52771
50082 2.52771
50082 2.52771
50082 2.52771
50096 2.32516
50096 2.32516
50096 2.32494
50096 2.32494
50097 2.31843
50097 2.31843
50097 2.31843
50097 2.31843
50100 2.31852
50200 2.32151
50300 2.3245
50400 2.32748
50500 2.33046
50600 2.33342
50700 2.33637
50800 2.33932
50900 2.34225
51000 2.34518
51000 2.34518
51100 2.3481
51194 2.35084
51194 2.35084
51200 2.34298
51200 2.34298
51200 2.34298
51202 2.32962
51202 2.32962
51202 2.32962
51202 2.32962
51300 2.33252
51400 2.33548
51500 2.33842
51600 2.34136
51700 2.34429
51800 2.34721
51900 2.35012
52000 2.35303
52000 2.35303
52100 2.35592
52200 2.3588
52300 2.36168
52400 2.36455
52500 2.3674
52600 2.37025
52700 2.37309
52800 2.37593
52900 2.37875
53000 2.38157
53000 2.38157
53100 2.38437
53200 2.38717
53242 2.38835
53242 2.38835
53248 2.38035
53248 2.38035
53250 2.36492
53250 2.36492
53250 2.36492
53250 2.36492
53300 2.36634
53400 2.36919
53500 2.37204
53600 2.37487
53700 2.3777
53800 2.38052
53900 2.38333
54000 2.38613
54000 2.38613
54100 2.38892
54200 2.3917
54300 2.39448
54400 2.39725
54500 2.4
54600 2.40275
54700 2.40549
54800 2.40823
54900 2.41095
55000 2.41367
55000 2.41367
55100 2.41638
55200 2.41908
55290 2.42151
55290 2.42151
55296 2.41339
55296 2.41339
55300 2.4135
55400 2.41621
55500 2.41891
55600 2.4216
55700 2.42429
55800 2.42696
55900 2.42963
56000 2.43229
56000 2.43229
56100 2.43494
56200 2.43758
56300 2.44022
56400 2.44284
56500 2.44546
56600 2.44807
56700 2.45068
56800 2.45327
56900 2.45586
57000 2.45844
57000 2.45844
57100 2.46101
57200 2.46357
57300 2.46613
57338 2.46711
57338 2.46711
57344 2.45883
57344 2.45883
57346 2.4437
57346 2.4437
57346 2.4437
57346 2.4437
57400 2.44511
57500 2.44772
57600 2.45032
57700 2.45292
57800 2.45551
57900 2.45809
58000 2.46066
58000 2.46066
58100 2.46322
58200 2.46578
58300 2.46833
58400 2.47087
58500 2.4734
58600 2.47593
58700 2.47845
58800 2.48096
58900 2.48346
59000 2.48595
59000 2.48595
59100 2.48844
59200 2.49092
59300 2.49339
59386 2.49552
59386 2.49552
59392 2.48714
59392 2.48714
59394 2.47294
59394 2.47294
59394 2.47294
59394 2.47294
59400 2.4731
59500 2.47562
59600 2.47814
59700 2.48065
59800 2.48316
59900 2.48565
60000 2.48814
60000 2.48814
60082 2.49019
60082 2.49019
60082 2.49019
60082 2.49019
60082 2.49019
60096 2.29067
60096 2.29067
60096 2.29045
60096 2.29045
60097 2.28404
60097 2.28404
60097 2.28404
60097 2.28404
60100 2.28412
60200 2.28723
60300 2.29032
60400 2.29341
60500 2.29648
60600 2.29955
60700 2.30261
60800 2.30565
60900 2.30869
61000 2.31172
61000 2.31172
61100 2.31474
61200 2.31775
61300 2.32075
61400 2.32374
61434 2.32477
61434 2.32477
61440 2.317
61440 2.317
61442 2.30198
61442 2.30198
61442 2.30198
61442 2.30198
61500 2.30374
61600 2.30679
61700 2.30982
61800 2.31285
61900 2.31586
62000 2.31887
62000 2.31887
62100 2.32187
62200 2.32486
62300 2.32784
62400 2.33081
62500 2.33377
62600 2.33672
62700 2.33966
62800 2.3426
62900 2.34552
63000 2.34844
63000 2.34844
63100 2.35135
63200 2.35425
63300 2.35714
63400 2.36002
63482 2.36238
63482 2.36238
63488 2.35448
63488 2.35448
63500 2.35483
63600 2.35771
63700 2.36059
63800 2.36346
63900 2.36632
