0 3.03099
0 3.03099
0 3.03099
2 3.03099
2 3.03099
100 3.03099
200 3.03099
300 3.03099
400 3.03099
500 3.03099
600 3.03099
700 3.03099
800 3.03099
900 3.03099
1000 3.03099
1000 3.03099
1100 3.03099
1200 3.03099
1300 3.03099
1400 3.03099
1500 3.03099
1600 3.03099
1700 3.03099
1800 3.03099
1900 3.03099
2000 3.03099
2000 3.03099
2048 3.03099
2048 3.03099
2050 3.03099
2050 3.03099
2100 3.03099
2200 3.03099
2300 3.03099
2400 3.03099
2500 3.03099
2600 3.03099
2700 3.03099
2800 3.03099
2900 3.03099
3000 3.03099
3000 3.03099
3100 3.03099
3200 3.03099
3300 3.03099
3400 3.03099
3500 3.03099
3600 3.03099
3700 3.03099
3800 3.03099
3900 3.03099
4000 3.03099
4000 3.03099
4096 3.03099
4096 3.03099
4098 3.03099
4098 3.03099
4100 3.03099
4200 3.03099
4300 3.03099
4400 3.03099
4500 3.03099
4502 3.03099
4502 3.03099
4504 3.03099
4504 3.03099
4504 3.03099
4504 3.03099
4505 3.03099
4505 3.03099
4505 3.03099
4505 3.03099
4506 3.03099
4506 3.03099
4506 3.03099
4506 3.03099
4507 3.03099
4507 3.03099
4600 3.03099
4700 3.03099
4800 3.03099
4900 3.03099
5000 3.03099
5000 3.03099
5100 3.03099
5200 3.03099
5300 3.03099
5400 3.03099
5500 3.03099
5600 3.03099
5700 3.03099
5800 3.03099
5900 3.03099
6000 3.03099
6000 3.03099
6100 3.03099
6144 3.03099
6144 3.03099
6146 3.01366
6146 3.01366
6146 3.01366
6146 3.01366
6200 3.0146
6300 3.01634
6400 3.01807
6500 3.01979
6600 3.0215
6700 3.0232
6800 3.02489
6900 3.02657
7000 3.02824
7000 3.02824
7100 3.02989
7200 3.03154
7300 3.03318
7400 3.03481
7500 3.03642
7600 3.03803
7700 3.03963
7800 3.04122
7900 3.0428
8000 3.04437
8000 3.04437
8100 3.04593
8186 3.04726
8186 3.04726
8192 3.03695
8192 3.03695
8194 3.01823
8194 3.01823
8194 3.01823
8194 3.01823
8200 3.01833
8300 3.02005
8400 3.02175
8500 3.02345
8600 3.02514
8700 3.02681
8800 3.02848
8900 3.03014
9000 3.03178
9000 3.03178
9100 3.03342
9200 3.03505
9300 3.03666
9400 3.03827
9500 3.03986
9600 3.04145
9700 3.04303
9800 3.0446
9900 3.04615
10000 3.0477
10000 3.0477
10082 3.04897
10082 3.04897
10082 3.04897
10082 3.04897
10082 3.04897
10084 3.00516
10084 3.00516
10085 3.00487
10085 3.00487
10086 2.99644
10086 2.99644
10086 2.99644
10086 2.99644
10100 2.9967
10200 2.99855
10234 2.99918
10234 2.99918
10240 2.98904
10240 2.98904
10242 2.97196
10242 2.97196
10242 2.97196
10242 2.97196
10300 2.97312
10400 2.97512
10500 2.9771
10600 2.97907
10700 2.98103
10800 2.98297
10900 2.98491
11000 2.98683
11000 2.98683
11100 2.98874
11200 2.99064
11300 2.99252
11400 2.9944
11500 2.99626
11600 2.99812
11700 2.99996
11800 3.00179
11900 3.00361
12000 3.00542
12000 3.00542
12100 3.00721
12200 3.009
12282 3.01046
12282 3.01046
12288 3.00028
12288 3.00028
12290 2.98079
12290 2.98079
12290 2.98079
12290 2.98079
12300 2.98098
12400 2.98293
12500 2.98486
12600 2.98678
12700 2.98869
12800 2.99059
12900 2.99248
13000 2.99436
13000 2.99436
13100 2.99622
13200 2.99807
13300 2.99991
13400 3.00175
13500 3.00356
13600 3.00537
13700 3.00717
13800 3.00896
13900 3.01073
14000 3.0125
14000 3.0125
14100 3.01425
14200 3.01599
14300 3.01773
14330 3.01825
14330 3.01825
14336 3.00804
14336 3.00804
14400 3.00918
14500 3.01096
14600 3.01272
14700 3.01447
14800 3.01621
14900 3.01795
15000 3.01967
15000 3.01967
15100 3.02138
15200 3.02308
15300 3.02476
15400 3.02644
15500 3.02811
15600 3.02977
15700 3.03142
15800 3.03306
15900 3.03469
16000 3.0363
16000 3.0363
16100 3.03791
16200 3.03951
16300 3.0411
16378 3.04234
16378 3.04234
16384 3.03204
16384 3.03204
16386 3.01335
16386 3.01335
16386 3.01335
16386 3.01335
16400 3.01359
16500 3.01534
16600 3.01708
16700 3.0188
16800 3.02052
16900 3.02222
17000 3.02392
17000 3.02392
17100 3.0256
17200 3.02728
17300 3.02894
17400 3.03059
17500 3.03224
17600 3.03387
17700 3.03549
17800 3.03711
17900 3.03871
18000 3.0403
18000 3.0403
18100 3.04189
18200 3.04346
18300 3.04503
18400 3.04658
18426 3.04699
18426 3.04699
18432 3.03667
18432 3.03667
18434 3.01931
18434 3.01931
18434 3.01931
18434 3.01931
18500 3.02044
18600 3.02215
18700 3.02384
18800 3.02553
18900 3.0272
19000 3.02887
19000 3.02887
19100 3.03052
19200 3.03216
19300 3.0338
19400 3.03542
19500 3.03704
19600 3.03864
19700 3.04023
19800 3.04182
19900 3.04339
20000 3.04496
20000 3.04496
20082 3.04625
20082 3.04625
20082 3.04625
20082 3.04625
20082 3.04625
20084 3.00247
20084 3.00247
20085 3.00218
20085 3.00218
20086 2.99376
20086 2.99376
20086 2.99376
20086 2.99376
20100 2.99402
20200 2.99588
20300 2.99774
20400 2.99958
20474 3.00095
20474 3.00095
20480 2.9908
20480 2.9908
20482 2.97137
20482 2.97137
20482 2.97137
20482 2.97137
20500 2.97173
20600 2.97373
20700 2.97572
20800 2.9777
20900 2.97967
21000 2.98162
21000 2.98162
21100 2.98356
21200 2.98549
21300 2.98741
21400 2.98932
21500 2.99121
21600 2.9931
21700 2.99497
21800 2.99683
21900 2.99868
22000 3.00052
22000 3.00052
22100 3.00234
22200 3.00416
22300 3.00596
22400 3.00776
22500 3.00954
22522 3.00994
22522 3.00994
22528 2.99976
22528 2.99976
22600 3.00108
22700 3.0029
22800 3.00472
22900 3.00652
23000 3.00831
23000 3.00831
23100 3.01009
23200 3.01186
23300 3.01361
23400 3.01536
23500 3.0171
23600 3.01882
23700 3.02054
23800 3.02224
23900 3.02394
24000 3.02562
24000 3.02562
24100 3.02729
24200 3.02896
24300 3.03061
24400 3.03225
24500 3.03389
24570 3.03503
24570 3.03503
24576 3.02476
24576 3.02476
24578 3.00612
24578 3.00612
24578 3.00612
24578 3.00612
24600 3.00651
24700 3.0083
24800 3.01008
24900 3.01185
25000 3.01361
25000 3.01361
25100 3.01535
25200 3.01709
25300 3.01881
25400 3.02053
25500 3.02223
25600 3.02393
25700 3.02561
25800 3.02729
25900 3.02895
26000 3.0306
26000 3.0306
26100 3.03225
26200 3.03388
26300 3.0355
26400 3.03712
26500 3.03872
26600 3.04031
26618 3.04061
26618 3.04061
26624 3.03031
26624 3.03031
26626 3.01299
26626 3.01299
26626 3.01299
26626 3.01299
26700 3.01429
26800 3.01603
26900 3.01776
27000 3.01948
27000 3.01948
27100 3.02119
27200 3.02289
27300 3.02458
27400 3.02626
27500 3.02793
27600 3.02959
27700 3.03124
27800 3.03288
27900 3.03451
28000 3.03613
28000 3.03613
28100 3.03774
28200 3.03934
28300 3.04093
28400 3.04251
28500 3.04408
28600 3.04564
28666 3.04667
28666 3.04667
28672 3.03636
28672 3.03636
28674 3.01764
28674 3.01764
28674 3.01764
28674 3.01764
28700 3.01809
28800 3.01981
28900 3.02152
29000 3.02322
29000 3.02322
29100 3.0249
29200 3.02658
29300 3.02825
29400 3.02991
29500 3.03155
29600 3.03319
29700 3.03482
29800 3.03644
29900 3.03804
30000 3.03964
30000 3.03964
30082 3.04096
30082 3.04096
30082 3.04096
30082 3.04096
30082 3.04096
30084 2.99726
30084 2.99726
30085 2.99697
30085 2.99697
30086 2.98856
30086 2.98856
30086 2.98856
30086 2.98856
30100 2.98882
30200 2.99072
30300 2.99261
30400 2.99448
30500 2.99635
30600 2.9982
30700 3.00004
30714 3.00031
30714 3.00031
30720 2.99016
30720 2.99016
30722 2.97308
30722 2.97308
30722 2.97308
30722 2.97308
30800 2.97463
30900 2.97662
31000 2.97859
31000 2.97859
31100 2.98055
31200 2.9825
31300 2.98444
31400 2.98636
31500 2.98827
31600 2.99018
31700 2.99207
31800 2.99394
31900 2.99581
32000 2.99767
32000 2.99767
32100 2.99951
32200 3.00134
32300 3.00317
32400 3.00498
32500 3.00678
32600 3.00857
32700 3.01034
32762 3.01145
32762 3.01145
32768 3.00126
32768 3.00126
32770 2.98176
32770 2.98176
32770 2.98176
32770 2.98176
32800 2.98234
32900 2.98428
33000 2.98621
33000 2.98621
33100 2.98812
33200 2.99002
33300 2.99191
33400 2.99379
33500 2.99566
33600 2.99752
33700 2.99936
33800 3.0012
33900 3.00302
34000 3.00483
34000 3.00483
34100 3.00663
34200 3.00842
34300 3.0102
34400 3.01197
34500 3.01372
34600 3.01547
34700 3.01721
34800 3.01893
34810 3.01911
34810 3.01911
34816 3.0089
34816 3.0089
34900 3.01039
35000 3.01216
35000 3.01216
35100 3.01391
35200 3.01566
35300 3.01739
35400 3.01912
35500 3.02083
35600 3.02253
35700 3.02423
35800 3.02591
35900 3.02758
36000 3.02924
36000 3.02924
36100 3.03089
36200 3.03253
36300 3.03417
36400 3.03579
36500 3.0374
36600 3.039
36700 3.04059
36800 3.04217
36858 3.04309
36858 3.04309
36864 3.03279
36864 3.03279
36866 3.0141
36866 3.0141
36866 3.0141
36866 3.0141
36900 3.01469
37000 3.01643
37000 3.01643
37100 3.01816
37200 3.01988
37300 3.02159
37400 3.02329
37500 3.02497
37600 3.02665
37700 3.02832
37800 3.02998
37900 3.03162
38000 3.03326
38000 3.03326
38100 3.03489
38200 3.0365
38300 3.03811
38400 3.03971
38500 3.0413
38600 3.04287
38700 3.04444
38800 3.046
38900 3.04755
38906 3.04765
38906 3.04765
38912 3.03733
38912 3.03733
38914 3.01997
38914 3.01997
38914 3.01997
38914 3.01997
39000 3.02144
39000 3.02144
39100 3.02314
39200 3.02482
39300 3.0265
39400 3.02817
39500 3.02983
39600 3.03148
39700 3.03311
39800 3.03474
39900 3.03636
40000 3.03797
40000 3.03797
40082 3.03929
40082 3.03929
40082 3.03929
40082 3.03929
40082 3.03929
40084 2.99562
40084 2.99562
40085 2.99533
40085 2.99533
40086 2.98692
40086 2.98692
40086 2.98692
40086 2.98692
40100 2.98719
40200 2.9891
40300 2.99099
40400 2.99288
40500 2.99475
40600 2.99661
40700 2.99847
40800 3.0003
40900 3.00213
40954 3.00312
40954 3.00312
40960 2.99297
40960 2.99297
40962 2.97353
40962 2.97353
40962 2.97353
40962 2.97353
41000 2.97428
41000 2.97428
41100 2.97627
41200 2.97824
41300 2.9802
41400 2.98215
41500 2.98409
41600 2.98602
41700 2.98794
41800 2.98984
41900 2.99173
42000 2.99361
42000 2.99361
42100 2.99548
42200 2.99734
42300 2.99918
42400 3.00102
42500 3.00284
42600 3.00466
42700 3.00646
42800 3.00825
42900 3.01003
43000 3.0118
43000 3.0118
43002 3.01184
43002 3.01184
43008 3.00166
43008 3.00166
43100 3.00333
43200 3.00514
43300 3.00694
43400 3.00873
43500 3.0105
43600 3.01227
43700 3.01402
43800 3.01577
43900 3.0175
44000 3.01923
44000 3.01923
44100 3.02094
44200 3.02264
44300 3.02433
44400 3.02601
44500 3.02768
44600 3.02935
44700 3.031
44800 3.03264
44900 3.03427
45000 3.03589
45000 3.03589
45050 3.0367
45050 3.0367
45056 3.02643
45056 3.02643
45058 3.00777
45058 3.00777
45058 3.00777
45058 3.00777
45100 3.00852
45200 3.0103
45300 3.01206
45400 3.01382
45500 3.01557
45600 3.0173
45700 3.01903
45800 3.02074
45900 3.02244
46000 3.02414
46000 3.02414
46100 3.02582
46200 3.02749
46300 3.02915
46400 3.03081
46500 3.03245
46600 3.03408
46700 3.0357
46800 3.03731
46900 3.03892
47000 3.04051
47000 3.04051
47098 3.04207
47098 3.04207
47100 3.03914
47104 3.03177
47104 3.03177
47106 3.01444
47106 3.01444
47106 3.01444
47106 3.01444
47200 3.01607
47300 3.01781
47400 3.01953
47500 3.02124
47600 3.02294
47700 3.02463
47800 3.02631
47900 3.02798
48000 3.02964
48000 3.02964
48100 3.03129
48200 3.03292
48300 3.03455
48400 3.03617
48500 3.03778
48600 3.03938
48700 3.04097
48800 3.04255
48900 3.04412
49000 3.04568
49000 3.04568
49100 3.04723
49146 3.04795
49146 3.04795
49152 3.03763
49152 3.03763
49154 3.01891
49154 3.01891
49154 3.01891
49154 3.01891
49200 3.01969
49300 3.0214
49400 3.0231
49500 3.02479
49600 3.02647
49700 3.02814
49800 3.0298
49900 3.03144
50000 3.03308
50000 3.03308
50082 3.03443
50082 3.03443
50082 3.03443
50082 3.03443
50082 3.03443
50084 2.99083
50084 2.99083
50085 2.99054
50085 2.99054
50086 2.98215
50086 2.98215
50086 2.98215
50086 2.98215
50100 2.98242
50200 2.98435
50300 2.98628
50400 2.98819
50500 2.9901
50600 2.99199
50700 2.99387
50800 2.99573
50900 2.99759
51000 2.99943
51000 2.99943
51100 3.00127
51194 3.00299
51194 3.00299
51200 2.99284
51200 2.99284
51200 2.99284
51202 2.97573
51202 2.97573
51202 2.97573
51202 2.97573
51300 2.97767
51400 2.97964
51500 2.98159
51600 2.98353
51700 2.98546
51800 2.98738
51900 2.98929
52000 2.99119
52000 2.99119
52100 2.99307
52200 2.99494
52300 2.9968
52400 2.99865
52500 3.00049
52600 3.00232
52700 3.00413
52800 3.00594
52900 3.00773
53000 3.00951
53000 3.00951
53100 3.01129
53200 3.01305
53242 3.01379
53242 3.01379
53248 3.0036
53248 3.0036
53250 2.98408
53250 2.98408
53250 2.98408
53250 2.98408
53300 2.98504
53400 2.98696
53500 2.98887
53600 2.99077
53700 2.99266
53800 2.99453
53900 2.9964
54000 2.99825
54000 2.99825
54100 3.00009
54200 3.00192
54300 3.00374
54400 3.00554
54500 3.00734
54600 3.00913
54700 3.0109
54800 3.01266
54900 3.01442
55000 3.01616
55000 3.01616
55100 3.01789
55200 3.01961
55290 3.02116
55290 3.02116
55296 3.01094
55296 3.01094
55300 3.01101
55400 3.01277
55500 3.01452
55600 3.01627
55700 3.018
55800 3.01972
55900 3.02143
56000 3.02313
56000 3.02313
56100 3.02481
56200 3.02649
56300 3.02816
56400 3.02982
56500 3.03147
56600 3.03311
56700 3.03473
56800 3.03635
56900 3.03796
57000 3.03956
57000 3.03956
57100 3.04115
57200 3.04273
57300 3.04429
57338 3.04489
57338 3.04489
57344 3.03459
57344 3.03459
57346 3.01588
57346 3.01588
57346 3.01588
57346 3.01588
57400 3.01682
57500 3.01854
57600 3.02026
57700 3.02197
57800 3.02366
57900 3.02535
58000 3.02702
58000 3.02702
58100 3.02869
58200 3.03034
58300 3.03199
58400 3.03362
58500 3.03525
58600 3.03686
58700 3.03847
58800 3.04006
58900 3.04165
59000 3.04322
59000 3.04322
59100 3.04479
59200 3.04635
59300 3.04789
59386 3.04922
59386 3.04922
59392 3.0389
59392 3.0389
59394 3.02152
59394 3.02152
59394 3.02152
59394 3.02152
59400 3.02163
59500 3.02332
59600 3.02501
59700 3.02669
59800 3.02836
59900 3.03001
60000 3.03166
60000 3.03166
60082 3.03301
60082 3.03301
60082 3.03301
60082 3.03301
60082 3.03301
60084 2.98943
60084 2.98943
60085 2.98914
60085 2.98914
60086 2.98076
60086 2.98076
60086 2.98076
60086 2.98076
60100 2.98103
60200 2.98297
60300 2.98491
60400 2.98683
60500 2.98874
60600 2.99064
60700 2.99253
60800 2.9944
60900 2.99627
61000 2.99812
61000 2.99812
61100 2.99996
61200 3.00179
61300 3.00361
61400 3.00542
61434 3.00604
61434 3.00604
61440 2.99587
61440 2.99587
61442 2.97641
61442 2.97641
61442 2.97641
61442 2.97641
61500 2.97755
61600 2.97952
61700 2.98147
61800 2.98342
61900 2.98535
62000 2.98727
62000 2.98727
62100 2.98917
62200 2.99107
62300 2.99295
62400 2.99483
62500 2.99669
62600 2.99854
62700 3.00038
62800 3.00221
62900 3.00402
63000 3.00583
63000 3.00583
63100 3.00762
63200 3.00941
63300 3.01118
63400 3.01294
63482 3.01438
63482 3.01438
63488 3.00419
63488 3.00419
63500 3.00441
63600 3.00621
63700 3.008
63800 3.00978
63900 3.01155
