0 3.03099
0 3.03099
0 3.03099
2 3.03099
2 3.03099
100 3.03099
200 3.03099
300 3.03099
400 3.03099
500 3.03099
600 3.03099
700 3.03099
800 3.03099
900 3.03099
1000 3.03099
1000 3.03099
1100 3.03099
1200 3.03099
1300 3.03099
1400 3.03099
1500 3.03099
1600 3.03099
1700 3.03099
1800 3.03099
1900 3.03099
2000 3.03099
2000 3.03099
2048 3.03099
2048 3.03099
2050 3.03099
2050 3.03099
2100 3.03099
2200 3.03099
2300 3.03099
2400 3.03099
2500 3.03099
2600 3.03099
2700 3.03099
2800 3.03099
2900 3.03099
3000 3.03099
3000 3.03099
3100 3.03099
3200 3.03099
3300 3.03099
3400 3.03099
3500 3.03099
3600 3.03099
3700 3.03099
3800 3.03099
3900 3.03099
4000 3.03099
4000 3.03099
4096 3.03099
4096 3.03099
4098 3.03099
4098 3.03099
4100 3.03099
4200 3.03099
4300 3.03099
4400 3.03099
4500 3.03099
4502 3.03099
4502 3.03099
4504 3.03099
4504 3.03099
4504 3.03099
4504 3.03099
4505 3.03099
4505 3.03099
4505 3.03099
4505 3.03099
4506 3.03099
4506 3.03099
4506 3.03099
4506 3.03099
4507 3.03099
4507 3.03099
4600 3.03099
4700 3.03099
4800 3.03099
4900 3.03099
5000 3.03099
5000 3.03099
5100 3.03099
5200 3.03099
5300 3.03099
5400 3.03099
5500 3.03099
5600 3.03099
5700 3.03099
5800 3.03099
5900 3.03099
6000 3.03099
6000 3.03099
6100 3.03099
6144 3.03099
6144 3.03099
6146 3.01364
6146 3.01364
6146 3.01364
6146 3.01364
6200 3.01411
6300 3.01499
6400 3.01586
6500 3.01673
6600 3.01759
6700 3.01845
6800 3.01931
6900 3.02017
7000 3.02102
7000 3.02102
7100 3.02187
7200 3.02272
7300 3.02357
7400 3.02441
7500 3.02526
7600 3.02609
7700 3.02693
7800 3.02776
7900 3.0286
8000 3.02942
8000 3.02942
8100 3.03025
8186 3.03096
8186 3.03096
8192 3.02066
8192 3.02066
8194 3.00202
8194 3.00202
8194 3.00202
8194 3.00202
8200 3.00208
8300 3.00299
8400 3.00389
8500 3.0048
8600 3.0057
8700 3.0066
8800 3.00749
8900 3.00838
9000 3.00928
9000 3.00928
9100 3.01016
9200 3.01105
9300 3.01193
9400 3.01281
9500 3.01369
9600 3.01456
9700 3.01543
9800 3.0163
9900 3.01717
10000 3.01803
10000 3.01803
10082 3.01874
10082 3.01874
10082 3.01874
10082 3.01874
10082 3.01874
10084 2.97535
10084 2.97535
10085 2.97506
10085 2.97506
10086 2.9667
10086 2.9667
10086 2.9667
10086 2.9667
10100 2.96684
10200 2.96786
10234 2.96821
10234 2.96821
10240 2.95813
10240 2.95813
10242 2.94121
10242 2.94121
10242 2.94121
10242 2.94121
10300 2.94184
10400 2.94294
10500 2.94403
10600 2.94511
10700 2.9462
10800 2.94728
10900 2.94836
11000 2.94943
11000 2.94943
11100 2.9505
11200 2.95157
11300 2.95263
11400 2.95369
11500 2.95475
11600 2.9558
11700 2.95686
11800 2.9579
11900 2.95895
12000 2.95999
12000 2.95999
12100 2.96103
12200 2.96206
12282 2.96291
12282 2.96291
12288 2.95285
12288 2.95285
12290 2.93365
12290 2.93365
12290 2.93365
12290 2.93365
12300 2.93376
12400 2.93488
12500 2.93599
12600 2.9371
12700 2.93821
12800 2.93932
12900 2.94042
13000 2.94152
13000 2.94152
13100 2.94261
13200 2.9437
13300 2.94479
13400 2.94588
13500 2.94696
13600 2.94804
13700 2.94911
13800 2.95018
13900 2.95125
14000 2.95231
14000 2.95231
14100 2.95338
14200 2.95444
14300 2.95549
14330 2.95581
14330 2.95581
14336 2.94578
14336 2.94578
14400 2.94647
14500 2.94755
14600 2.94863
14700 2.9497
14800 2.95077
14900 2.95183
15000 2.9529
15000 2.9529
15100 2.95396
15200 2.95501
15300 2.95607
15400 2.95712
15500 2.95817
15600 2.95921
15700 2.96025
15800 2.96129
15900 2.96232
16000 2.96335
16000 2.96335
16100 2.96438
16200 2.96541
16300 2.96643
16378 2.96723
16378 2.96723
16384 2.95715
16384 2.95715
16386 2.93891
16386 2.93891
16386 2.93891
16386 2.93891
16400 2.93906
16500 2.94017
16600 2.94127
16700 2.94236
16800 2.94345
16900 2.94454
17000 2.94563
17000 2.94563
17100 2.94671
17200 2.94779
17300 2.94886
17400 2.94994
17500 2.95101
17600 2.95207
17700 2.95313
17800 2.95419
17900 2.95525
18000 2.9563
18000 2.9563
18100 2.95735
18200 2.9584
18300 2.95944
18400 2.96048
18426 2.96075
18426 2.96075
18432 2.9507
18432 2.9507
18434 2.93382
18434 2.93382
18434 2.93382
18434 2.93382
18500 2.93456
18600 2.93568
18700 2.93679
18800 2.9379
18900 2.939
19000 2.94011
19000 2.94011
19100 2.94121
19200 2.9423
19300 2.94339
19400 2.94448
19500 2.94557
19600 2.94665
19700 2.94773
19800 2.94881
19900 2.94988
20000 2.95095
20000 2.95095
20082 2.95183
20082 2.95183
20082 2.95183
20082 2.95183
20082 2.95183
20084 2.9094
20084 2.9094
20085 2.90912
20085 2.90912
20086 2.90095
20086 2.90095
20086 2.90095
20086 2.90095
20100 2.90112
20200 2.90234
20300 2.90355
20400 2.90476
20474 2.90566
20474 2.90566
20480 2.89581
20480 2.89581
20482 2.87698
20482 2.87698
20482 2.87698
20482 2.87698
20500 2.87721
20600 2.8785
20700 2.87979
20800 2.88107
20900 2.88235
21000 2.88362
21000 2.88362
21100 2.8849
21200 2.88616
21300 2.88743
21400 2.88869
21500 2.88994
21600 2.8912
21700 2.89245
21800 2.89369
21900 2.89493
22000 2.89617
22000 2.89617
22100 2.8974
22200 2.89863
22300 2.89986
22400 2.90108
22500 2.9023
22522 2.90257
22522 2.90257
22528 2.89273
22528 2.89273
22600 2.89362
22700 2.89486
22800 2.8961
22900 2.89733
23000 2.89856
23000 2.89856
23100 2.89979
23200 2.90101
23300 2.90223
23400 2.90345
23500 2.90466
23600 2.90586
23700 2.90707
23800 2.90827
23900 2.90946
24000 2.91066
24000 2.91066
24100 2.91185
24200 2.91303
24300 2.91421
24400 2.91539
24500 2.91657
24570 2.91739
24570 2.91739
24576 2.9075
24576 2.9075
24578 2.88957
24578 2.88957
24578 2.88957
24578 2.88957
24600 2.88984
24700 2.89109
24800 2.89234
24900 2.89359
25000 2.89483
25000 2.89483
25100 2.89606
25200 2.8973
25300 2.89853
25400 2.89975
25500 2.90098
25600 2.9022
25700 2.90341
25800 2.90462
25900 2.90583
26000 2.90703
26000 2.90703
26100 2.90823
26200 2.90943
26300 2.91062
26400 2.91181
26500 2.913
26600 2.91418
26618 2.9144
26618 2.9144
26624 2.90451
26624 2.90451
26626 2.8879
26626 2.8879
26626 2.8879
26626 2.8879
26700 2.88883
26800 2.89009
26900 2.89134
27000 2.89259
27000 2.89259
27100 2.89383
27200 2.89507
27300 2.89631
27400 2.89754
27500 2.89877
27600 2.89999
27700 2.90122
27800 2.90243
27900 2.90365
28000 2.90486
28000 2.90486
28100 2.90607
28200 2.90727
28300 2.90847
28400 2.90966
28500 2.91086
28600 2.91204
28666 2.91283
28666 2.91283
28672 2.90295
28672 2.90295
28674 2.88505
28674 2.88505
28674 2.88505
28674 2.88505
28700 2.88538
28800 2.88664
28900 2.88791
29000 2.88917
29000 2.88917
29100 2.89042
29200 2.89167
29300 2.89292
29400 2.89416
29500 2.8954
29600 2.89664
29700 2.89787
29800 2.8991
29900 2.90032
30000 2.90154
30000 2.90154
30082 2.90255
30082 2.90255
30082 2.90255
30082 2.90255
30082 2.90255
30084 2.86083
30084 2.86083
30085 2.86055
30085 2.86055
30086 2.85252
30086 2.85252
30086 2.85252
30086 2.85252
30100 2.85271
30200 2.85408
30300 2.85544
30400 2.8568
30500 2.85815
30600 2.8595
30700 2.86085
30714 2.86104
30714 2.86104
30720 2.85135
30720 2.85135
30722 2.83504
30722 2.83504
30722 2.83504
30722 2.83504
30800 2.83615
30900 2.83757
31000 2.83898
31000 2.83898
31100 2.84039
31200 2.84179
31300 2.84319
31400 2.84459
31500 2.84598
31600 2.84736
31700 2.84875
31800 2.85012
31900 2.8515
32000 2.85287
32000 2.85287
32100 2.85423
32200 2.8556
32300 2.85695
32400 2.85831
32500 2.85966
32600 2.861
32700 2.86234
32762 2.86318
32762 2.86318
32768 2.85347
32768 2.85347
32770 2.83493
32770 2.83493
32770 2.83493
32770 2.83493
32800 2.83535
32900 2.83677
33000 2.83818
33000 2.83818
33100 2.83959
33200 2.841
33300 2.8424
33400 2.8438
33500 2.84519
33600 2.84658
33700 2.84797
33800 2.84935
33900 2.85072
34000 2.8521
34000 2.8521
34100 2.85346
34200 2.85483
34300 2.85619
34400 2.85754
34500 2.85889
34600 2.86024
34700 2.86158
34800 2.86292
34810 2.86306
34810 2.86306
34816 2.85336
34816 2.85336
34900 2.85451
35000 2.85587
35000 2.85587
35100 2.85722
35200 2.85858
35300 2.85993
35400 2.86127
35500 2.86261
35600 2.86395
35700 2.86528
35800 2.8666
35900 2.86793
36000 2.86925
36000 2.86925
36100 2.87056
36200 2.87188
36300 2.87318
36400 2.87449
36500 2.87579
36600 2.87708
36700 2.87837
36800 2.87966
36858 2.88041
36858 2.88041
36864 2.87065
36864 2.87065
36866 2.85295
36866 2.85295
36866 2.85295
36866 2.85295
36900 2.85341
37000 2.85477
37000 2.85477
37100 2.85613
37200 2.85749
37300 2.85884
37400 2.86019
37500 2.86153
37600 2.86287
37700 2.86421
37800 2.86554
37900 2.86686
38000 2.86819
38000 2.86819
38100 2.86951
38200 2.87082
38300 2.87213
38400 2.87344
38500 2.87474
38600 2.87604
38700 2.87734
38800 2.87863
38900 2.87991
38906 2.88
38906 2.88
38912 2.87023
38912 2.87023
38914 2.85382
38914 2.85382
38914 2.85382
38914 2.85382
39000 2.85499
39000 2.85499
39100 2.85635
39200 2.85771
39300 2.85906
39400 2.8604
39500 2.86175
39600 2.86308
39700 2.86442
39800 2.86575
39900 2.86708
40000 2.8684
40000 2.8684
40082 2.86949
40082 2.86949
40082 2.86949
40082 2.86949
40082 2.86949
40084 2.82825
40084 2.82825
40085 2.82798
40085 2.82798
40086 2.82004
40086 2.82004
40086 2.82004
40086 2.82004
40100 2.82024
40200 2.82171
40300 2.82317
40400 2.82462
40500 2.82608
40600 2.82752
40700 2.82897
40800 2.83041
40900 2.83184
40954 2.83262
40954 2.83262
40960 2.82303
40960 2.82303
40962 2.80468
40962 2.80468
40962 2.80468
40962 2.80468
41000 2.80525
41000 2.80525
41100 2.80676
41200 2.80827
41300 2.80977
41400 2.81127
41500 2.81276
41600 2.81425
41700 2.81573
41800 2.81721
41900 2.81868
42000 2.82015
42000 2.82015
42100 2.82162
42200 2.82308
42300 2.82454
42400 2.82599
42500 2.82744
42600 2.82888
42700 2.83032
42800 2.83176
42900 2.83319
43000 2.83461
43000 2.83461
43002 2.83465
43002 2.83465
43008 2.82505
43008 2.82505
43100 2.82638
43200 2.82783
43300 2.82927
43400 2.83071
43500 2.83214
43600 2.83357
43700 2.83499
43800 2.83642
43900 2.83783
44000 2.83924
44000 2.83924
44100 2.84065
44200 2.84205
44300 2.84345
44400 2.84485
44500 2.84624
44600 2.84762
44700 2.849
44800 2.85038
44900 2.85175
45000 2.85312
45000 2.85312
45050 2.85381
45050 2.85381
45056 2.84414
45056 2.84414
45058 2.82661
45058 2.82661
45058 2.82661
45058 2.82661
45100 2.82722
45200 2.82866
45300 2.8301
45400 2.83153
45500 2.83297
45600 2.83439
45700 2.83581
45800 2.83723
45900 2.83865
46000 2.84005
46000 2.84005
46100 2.84146
46200 2.84286
46300 2.84426
46400 2.84565
46500 2.84704
46600 2.84842
46700 2.8498
46800 2.85117
46900 2.85254
47000 2.85391
47000 2.85391
47098 2.85525
47098 2.85525
47100 2.8525
47104 2.84558
47104 2.84558
47106 2.82931
47106 2.82931
47106 2.82931
47106 2.82931
47200 2.83066
47300 2.83209
47400 2.83352
47500 2.83495
47600 2.83637
47700 2.83778
47800 2.8392
47900 2.8406
48000 2.84201
48000 2.84201
48100 2.8434
48200 2.8448
48300 2.84619
48400 2.84758
48500 2.84896
48600 2.85034
48700 2.85171
48800 2.85308
48900 2.85444
49000 2.8558
49000 2.8558
49100 2.85716
49146 2.85779
49146 2.85779
49152 2.84811
49152 2.84811
49154 2.83055
49154 2.83055
49154 2.83055
49154 2.83055
49200 2.8312
49300 2.83264
49400 2.83406
49500 2.83549
49600 2.83691
49700 2.83832
49800 2.83973
49900 2.84114
50000 2.84254
50000 2.84254
50082 2.84369
50082 2.84369
50082 2.84369
50082 2.84369
50082 2.84369
50084 2.80283
50084 2.80283
50085 2.80256
50085 2.80256
50086 2.79469
50086 2.79469
50086 2.79469
50086 2.79469
50100 2.7949
50200 2.79645
50300 2.79799
50400 2.79952
50500 2.80105
50600 2.80257
50700 2.80409
50800 2.80561
50900 2.80712
51000 2.80862
51000 2.80862
51100 2.81012
51194 2.81154
51194 2.81154
51200 2.80202
51200 2.80202
51200 2.80202
51202 2.786
51202 2.786
51202 2.786
51202 2.786
51300 2.78754
51400 2.7891
51500 2.79066
51600 2.79222
51700 2.79377
51800 2.79532
51900 2.79686
52000 2.7984
52000 2.7984
52100 2.79993
52200 2.80146
52300 2.80298
52400 2.8045
52500 2.80601
52600 2.80752
52700 2.80902
52800 2.81052
52900 2.81202
53000 2.81351
53000 2.81351
53100 2.81499
53200 2.81648
53242 2.8171
53242 2.8171
53248 2.80757
53248 2.80757
53250 2.78932
53250 2.78932
53250 2.78932
53250 2.78932
53300 2.7901
53400 2.79165
53500 2.79321
53600 2.79475
53700 2.7963
53800 2.79784
53900 2.79937
54000 2.8009
54000 2.8009
54100 2.80242
54200 2.80394
54300 2.80546
54400 2.80697
54500 2.80848
54600 2.80998
54700 2.81147
54800 2.81297
54900 2.81445
55000 2.81594
55000 2.81594
55100 2.81741
55200 2.81889
55290 2.82022
55290 2.82022
55296 2.81067
55296 2.81067
55300 2.81073
55400 2.81222
55500 2.81371
55600 2.8152
55700 2.81668
55800 2.81816
55900 2.81963
56000 2.8211
56000 2.8211
56100 2.82256
56200 2.82402
56300 2.82547
56400 2.82692
56500 2.82837
56600 2.82981
56700 2.83124
56800 2.83267
56900 2.8341
57000 2.83552
57000 2.83552
57100 2.83694
57200 2.83836
57300 2.83977
57338 2.84031
57338 2.84031
57344 2.83069
57344 2.83069
57346 2.81324
57346 2.81324
57346 2.81324
57346 2.81324
57400 2.81404
57500 2.81552
57600 2.817
57700 2.81848
57800 2.81995
57900 2.82142
58000 2.82288
58000 2.82288
58100 2.82433
58200 2.82579
58300 2.82724
58400 2.82868
58500 2.83012
58600 2.83155
58700 2.83299
58800 2.83441
58900 2.83583
59000 2.83725
59000 2.83725
59100 2.83867
59200 2.84007
59300 2.84148
59386 2.84269
59386 2.84269
59392 2.83306
59392 2.83306
59394 2.81686
59394 2.81686
59394 2.81686
59394 2.81686
59400 2.81695
59500 2.81843
59600 2.8199
59700 2.82136
59800 2.82283
59900 2.82428
60000 2.82574
60000 2.82574
60082 2.82693
60082 2.82693
60082 2.82693
60082 2.82693
60082 2.82693
60084 2.78631
60084 2.78631
60085 2.78604
60085 2.78604
60086 2.77822
60086 2.77822
60086 2.77822
60086 2.77822
60100 2.77844
60200 2.78004
60300 2.78162
60400 2.78321
60500 2.78479
60600 2.78636
60700 2.78793
60800 2.78949
60900 2.79105
61000 2.79261
61000 2.79261
61100 2.79416
61200 2.7957
61300 2.79724
61400 2.79878
61434 2.79931
61434 2.79931
61440 2.78983
61440 2.78983
61442 2.7717
61442 2.7717
61442 2.7717
61442 2.7717
61500 2.77264
61600 2.77425
61700 2.77585
61800 2.77745
61900 2.77905
62000 2.78064
62000 2.78064
62100 2.78223
62200 2.78381
62300 2.78539
62400 2.78696
62500 2.78852
62600 2.79009
62700 2.79164
62800 2.7932
62900 2.79475
63000 2.79629
63000 2.79629
63100 2.79783
63200 2.79936
63300 2.80089
63400 2.80241
63482 2.80367
63482 2.80367
63488 2.79418
63488 2.79418
63500 2.79437
63600 2.79591
63700 2.79745
63800 2.79898
63900 2.80052
