0 3.03099
0 3.03099
0 3.03099
2 3.03099
2 3.03099
100 3.03099
200 3.03099
300 3.03099
400 3.03099
500 3.03099
600 3.03099
700 3.03099
800 3.03099
900 3.03099
1000 3.03099
1000 3.03099
1100 3.03099
1200 3.03099
1300 3.03099
1400 3.03099
1500 3.03099
1600 3.03099
1700 3.03099
1800 3.03099
1900 3.03099
2000 3.03099
2000 3.03099
2048 3.03099
2048 3.03099
2050 3.03099
2050 3.03099
2100 3.03099
2200 3.03099
2300 3.03099
2400 3.03099
2500 3.03099
2600 3.03099
2700 3.03099
2800 3.03099
2900 3.03099
3000 3.03099
3000 3.03099
3100 3.03099
3200 3.03099
3300 3.03099
3400 3.03099
3500 3.03099
3600 3.03099
3700 3.03099
3800 3.03099
3900 3.03099
4000 3.03099
4000 3.03099
4096 3.03099
4096 3.03099
4098 3.03099
4098 3.03099
4100 3.03099
4200 3.03099
4300 3.03099
4400 3.03099
4500 3.03099
4502 3.03099
4502 3.03099
4504 3.03099
4504 3.03099
4504 3.03099
4504 3.03099
4505 3.03099
4505 3.03099
4505 3.03099
4505 3.03099
4506 3.03099
4506 3.03099
4506 3.03099
4506 3.03099
4507 3.03099
4507 3.03099
4600 3.03099
4700 3.03099
4800 3.03099
4900 3.03099
5000 3.03099
5000 3.03099
5100 3.03099
5200 3.03099
5300 3.03099
5400 3.03099
5500 3.03099
5600 3.03099
5700 3.03099
5800 3.03099
5900 3.03099
6000 3.03099
6000 3.03099
6100 3.03099
6144 3.03099
6144 3.03099
6146 3.02579
6146 3.02579
6146 3.02579
6146 3.02579
6200 3.02647
6300 3.02772
6400 3.02897
6500 3.03021
6600 3.03145
6700 3.03268
6800 3.0339
6900 3.03512
7000 3.03633
7000 3.03633
7100 3.03754
7200 3.03874
7300 3.03994
7400 3.04113
7500 3.04232
7600 3.0435
7700 3.04467
7800 3.04584
7900 3.04701
8000 3.04816
8000 3.04816
8100 3.04932
8186 3.05031
8186 3.05031
8192 3.04725
8192 3.04725
8194 3.04161
8194 3.04161
8194 3.04161
8194 3.04161
8200 3.04168
8300 3.04287
8400 3.04404
8500 3.04521
8600 3.04638
8700 3.04754
8800 3.0487
8900 3.04985
9000 3.051
9000 3.051
9100 3.05214
9200 3.05327
9300 3.0544
9400 3.05553
9500 3.05665
9600 3.05776
9700 3.05887
9800 3.05997
9900 3.06107
10000 3.06217
10000 3.06217
10082 3.06307
10082 3.06307
10082 3.06307
10082 3.06307
10082 3.06307
10084 3.04981
10084 3.04981
10085 3.04972
10085 3.04972
10086 3.04716
10086 3.04716
10086 3.04716
10086 3.04716
10100 3.04732
10200 3.04848
10234 3.04887
10234 3.04887
10240 3.04581
10240 3.04581
10242 3.04059
10242 3.04059
10242 3.04059
10242 3.04059
10300 3.04128
10400 3.04247
10500 3.04364
10600 3.04482
10700 3.04599
10800 3.04715
10900 3.04831
11000 3.04946
11000 3.04946
11100 3.05061
11200 3.05175
11300 3.05289
11400 3.05402
11500 3.05515
11600 3.05627
11700 3.05738
11800 3.0585
11900 3.0596
12000 3.0607
12000 3.0607
12100 3.0618
12200 3.06289
12282 3.06378
12282 3.06378
12288 3.0607
12288 3.0607
12290 3.05474
12290 3.05474
12290 3.05474
12290 3.05474
12300 3.05484
12400 3.05597
12500 3.05708
12600 3.0582
12700 3.0593
12800 3.06041
12900 3.0615
13000 3.0626
13000 3.0626
13100 3.06368
13200 3.06477
13300 3.06584
13400 3.06692
13500 3.06798
13600 3.06905
13700 3.0701
13800 3.07116
13900 3.0722
14000 3.07325
14000 3.07325
14100 3.07429
14200 3.07532
14300 3.07635
14330 3.07666
14330 3.07666
14336 3.07356
14336 3.07356
14400 3.07423
14500 3.07526
14600 3.07629
14700 3.07731
14800 3.07833
14900 3.07935
15000 3.08036
15000 3.08036
15100 3.08137
15200 3.08237
15300 3.08336
15400 3.08436
15500 3.08534
15600 3.08633
15700 3.08731
15800 3.08828
15900 3.08925
16000 3.09021
16000 3.09021
16100 3.09117
16200 3.09213
16300 3.09308
16378 3.09383
16378 3.09383
16384 3.09071
16384 3.09071
16386 3.08499
16386 3.08499
16386 3.08499
16386 3.08499
16400 3.08512
16500 3.08611
16600 3.08709
16700 3.08806
16800 3.08903
16900 3.09
17000 3.09096
17000 3.09096
17100 3.09192
17200 3.09287
17300 3.09382
17400 3.09476
17500 3.0957
17600 3.09664
17700 3.09757
17800 3.0985
17900 3.09942
18000 3.10034
18000 3.10034
18100 3.10125
18200 3.10216
18300 3.10307
18400 3.10397
18426 3.10421
18426 3.10421
18432 3.10108
18432 3.10108
18434 3.09576
18434 3.09576
18434 3.09576
18434 3.09576
18500 3.09637
18600 3.09731
18700 3.09823
18800 3.09916
18900 3.10008
19000 3.10099
19000 3.10099
19100 3.1019
19200 3.10281
19300 3.10371
19400 3.10461
19500 3.10551
19600 3.1064
19700 3.10729
19800 3.10817
19900 3.10905
20000 3.10992
20000 3.10992
20082 3.11064
20082 3.11064
20082 3.11064
20082 3.11064
20082 3.11064
20084 3.09717
20084 3.09717
20085 3.09708
20085 3.09708
20086 3.09448
20086 3.09448
20086 3.09448
20086 3.09448
20100 3.09461
20200 3.09555
20300 3.09648
20400 3.09742
20474 3.09811
20474 3.09811
20480 3.09498
20480 3.09498
20482 3.08894
20482 3.08894
20482 3.08894
20482 3.08894
20500 3.08911
20600 3.09008
20700 3.09104
20800 3.092
20900 3.09295
21000 3.0939
21000 3.0939
21100 3.09484
21200 3.09578
21300 3.09672
21400 3.09765
21500 3.09858
21600 3.0995
21700 3.10042
21800 3.10133
21900 3.10224
22000 3.10315
22000 3.10315
22100 3.10405
22200 3.10494
22300 3.10584
22400 3.10673
22500 3.10761
22522 3.10781
22522 3.10781
22528 3.10467
22528 3.10467
22600 3.10532
22700 3.10621
22800 3.1071
22900 3.10798
23000 3.10886
23000 3.10886
23100 3.10973
23200 3.1106
23300 3.11147
23400 3.11234
23500 3.11319
23600 3.11405
23700 3.1149
23800 3.11575
23900 3.11659
24000 3.11743
24000 3.11743
24100 3.11827
24200 3.1191
24300 3.11993
24400 3.12075
24500 3.12157
24570 3.12215
24570 3.12215
24576 3.11899
24576 3.11899
24578 3.11322
24578 3.11322
24578 3.11322
24578 3.11322
24600 3.11341
24700 3.11426
24800 3.11511
24900 3.11596
25000 3.1168
25000 3.1168
25100 3.11764
25200 3.11848
25300 3.11931
25400 3.12014
25500 3.12096
25600 3.12178
25700 3.1226
25800 3.12341
25900 3.12422
26000 3.12502
26000 3.12502
26100 3.12582
26200 3.12662
26300 3.12741
26400 3.1282
26500 3.12899
26600 3.12977
26618 3.12992
26618 3.12992
26624 3.12675
26624 3.12675
26626 3.12138
26626 3.12138
26626 3.12138
26626 3.12138
26700 3.12199
26800 3.1228
26900 3.12362
27000 3.12442
27000 3.12442
27100 3.12523
27200 3.12603
27300 3.12682
27400 3.12762
27500 3.12841
27600 3.12919
27700 3.12998
27800 3.13075
27900 3.13153
28000 3.1323
28000 3.1323
28100 3.13307
28200 3.13383
28300 3.13459
28400 3.13535
28500 3.1361
28600 3.13686
28666 3.13735
28666 3.13735
28672 3.13418
28672 3.13418
28674 3.12837
28674 3.12837
28674 3.12837
28674 3.12837
28700 3.12858
28800 3.12936
28900 3.13014
29000 3.13092
29000 3.13092
29100 3.1317
29200 3.13247
29300 3.13323
29400 3.134
29500 3.13476
29600 3.13551
29700 3.13627
29800 3.13702
29900 3.13776
30000 3.13851
30000 3.13851
30082 3.13912
30082 3.13912
30082 3.13912
30082 3.13912
30082 3.13912
30084 3.12552
30084 3.12552
30085 3.12543
30085 3.12543
30086 3.1228
30086 3.1228
30086 3.1228
30086 3.1228
30100 3.12291
30200 3.12372
30300 3.12453
30400 3.12533
30500 3.12613
30600 3.12693
30700 3.12772
30714 3.12784
30714 3.12784
30720 3.12467
30720 3.12467
30722 3.11931
30722 3.11931
30722 3.11931
30722 3.11931
30800 3.11996
30900 3.12078
31000 3.1216
31000 3.1216
31100 3.12242
31200 3.12323
31300 3.12404
31400 3.12485
31500 3.12565
31600 3.12645
31700 3.12724
31800 3.12803
31900 3.12882
32000 3.1296
32000 3.1296
32100 3.13038
32200 3.13116
32300 3.13193
32400 3.1327
32500 3.13347
32600 3.13423
32700 3.13499
32762 3.13546
32762 3.13546
32768 3.13229
32768 3.13229
32770 3.12617
32770 3.12617
32770 3.12617
32770 3.12617
32800 3.12641
32900 3.12721
33000 3.128
33000 3.128
33100 3.12879
33200 3.12957
33300 3.13035
33400 3.13113
33500 3.1319
33600 3.13267
33700 3.13344
33800 3.1342
33900 3.13496
34000 3.13571
34000 3.13571
34100 3.13647
34200 3.13721
34300 3.13796
34400 3.1387
34500 3.13944
34600 3.14018
34700 3.14091
34800 3.14164
34810 3.14171
34810 3.14171
34816 3.13853
34816 3.13853
34900 3.13915
35000 3.13989
35000 3.13989
35100 3.14062
35200 3.14135
35300 3.14208
35400 3.1428
35500 3.14352
35600 3.14424
35700 3.14495
35800 3.14566
35900 3.14637
36000 3.14707
36000 3.14707
36100 3.14777
36200 3.14847
36300 3.14916
36400 3.14985
36500 3.15054
36600 3.15122
36700 3.15191
36800 3.15258
36858 3.15298
36858 3.15298
36864 3.14978
36864 3.14978
36866 3.14395
36866 3.14395
36866 3.14395
36866 3.14395
36900 3.14419
37000 3.14491
37000 3.14491
37100 3.14562
37200 3.14632
37300 3.14703
37400 3.14773
37500 3.14842
37600 3.14912
37700 3.14981
37800 3.1505
37900 3.15118
38000 3.15186
38000 3.15186
38100 3.15254
38200 3.15322
38300 3.15389
38400 3.15456
38500 3.15522
38600 3.15589
38700 3.15655
38800 3.1572
38900 3.15786
38906 3.1579
38906 3.1579
38912 3.1547
38912 3.1547
38914 3.14928
38914 3.14928
38914 3.14928
38914 3.14928
39000 3.14987
39000 3.14987
39100 3.15056
39200 3.15124
39300 3.15192
39400 3.1526
39500 3.15328
39600 3.15395
39700 3.15462
39800 3.15528
39900 3.15595
40000 3.15661
40000 3.15661
40082 3.15715
40082 3.15715
40082 3.15715
40082 3.15715
40082 3.15715
40084 3.14347
40084 3.14347
40085 3.14338
40085 3.14338
40086 3.14074
40086 3.14074
40086 3.14074
40086 3.14074
40100 3.14084
40200 3.14157
40300 3.14229
40400 3.14301
40500 3.14373
40600 3.14445
40700 3.14516
40800 3.14587
40900 3.14657
40954 3.14696
40954 3.14696
40960 3.14377
40960 3.14377
40962 3.13763
40962 3.13763
40962 3.13763
40962 3.13763
41000 3.13791
41000 3.13791
41100 3.13865
41200 3.13939
41300 3.14013
41400 3.14086
41500 3.14159
41600 3.14231
41700 3.14304
41800 3.14375
41900 3.14447
42000 3.14518
42000 3.14518
42100 3.14589
42200 3.1466
42300 3.1473
42400 3.148
42500 3.14869
42600 3.14939
42700 3.15008
42800 3.15076
42900 3.15145
43000 3.15213
43000 3.15213
43002 3.15214
43002 3.15214
43008 3.14895
43008 3.14895
43100 3.14958
43200 3.15027
43300 3.15096
43400 3.15164
43500 3.15232
43600 3.153
43700 3.15367
43800 3.15434
43900 3.15501
44000 3.15567
44000 3.15567
44100 3.15633
44200 3.15699
44300 3.15764
44400 3.1583
44500 3.15895
44600 3.15959
44700 3.16023
44800 3.16087
44900 3.16151
45000 3.16215
45000 3.16215
45050 3.16246
45050 3.16246
45056 3.15926
45056 3.15926
45058 3.1534
45058 3.1534
45058 3.1534
45058 3.1534
45100 3.15369
45200 3.15436
45300 3.15502
45400 3.15569
45500 3.15635
45600 3.157
45700 3.15766
45800 3.15831
45900 3.15896
46000 3.15961
46000 3.15961
46100 3.16025
46200 3.16089
46300 3.16153
46400 3.16216
46500 3.16279
46600 3.16342
46700 3.16404
46800 3.16467
46900 3.16529
47000 3.1659
47000 3.1659
47098 3.16651
47098 3.16651
47100 3.16559
47104 3.16329
47104 3.16329
47106 3.15786
47106 3.15786
47106 3.15786
47106 3.15786
47200 3.15847
47300 3.15912
47400 3.15977
47500 3.16041
47600 3.16105
47700 3.16168
47800 3.16232
47900 3.16295
48000 3.16357
48000 3.16357
48100 3.1642
48200 3.16482
48300 3.16544
48400 3.16606
48500 3.16667
48600 3.16728
48700 3.16789
48800 3.16849
48900 3.16909
49000 3.16969
49000 3.16969
49100 3.17029
49146 3.17057
49146 3.17057
49152 3.16735
49152 3.16735
49154 3.16148
49154 3.16148
49154 3.16148
49154 3.16148
49200 3.16177
49300 3.1624
49400 3.16303
49500 3.16366
49600 3.16429
49700 3.16491
49800 3.16553
49900 3.16614
50000 3.16675
50000 3.16675
50082 3.16726
50082 3.16726
50082 3.16726
50082 3.16726
50082 3.16726
50084 3.15354
50084 3.15354
50085 3.15345
50085 3.15345
50086 3.15079
50086 3.15079
50086 3.15079
50086 3.15079
50100 3.15089
50200 3.15157
50300 3.15225
50400 3.15292
50500 3.1536
50600 3.15427
50700 3.15494
50800 3.1556
50900 3.15626
51000 3.15692
51000 3.15692
51100 3.15757
51194 3.15819
51194 3.15819
51200 3.15499
51200 3.15499
51200 3.15499
51202 3.14957
51202 3.14957
51202 3.14957
51202 3.14957
51300 3.15024
51400 3.15093
51500 3.15161
51600 3.15229
51700 3.15297
51800 3.15364
51900 3.15431
52000 3.15498
52000 3.15498
52100 3.15564
52200 3.1563
52300 3.15696
52400 3.15762
52500 3.15827
52600 3.15892
52700 3.15956
52800 3.16021
52900 3.16085
53000 3.16148
53000 3.16148
53100 3.16212
53200 3.16275
53242 3.16302
53242 3.16302
53248 3.15981
53248 3.15981
53250 3.15364
53250 3.15364
53250 3.15364
53250 3.15364
53300 3.15397
53400 3.15464
53500 3.1553
53600 3.15597
53700 3.15663
53800 3.15728
53900 3.15794
54000 3.15859
54000 3.15859
54100 3.15923
54200 3.15988
54300 3.16052
54400 3.16116
54500 3.16179
54600 3.16243
54700 3.16306
54800 3.16368
54900 3.16431
55000 3.16493
55000 3.16493
55100 3.16555
55200 3.16616
55290 3.16672
55290 3.16672
55296 3.1635
55296 3.1635
55300 3.16353
55400 3.16415
55500 3.16478
55600 3.1654
55700 3.16601
55800 3.16662
55900 3.16724
56000 3.16784
56000 3.16784
56100 3.16845
56200 3.16905
56300 3.16965
56400 3.17025
56500 3.17084
56600 3.17143
56700 3.17202
56800 3.17261
56900 3.17319
57000 3.17377
57000 3.17377
57100 3.17435
57200 3.17492
57300 3.1755
57338 3.17572
57338 3.17572
57344 3.17249
57344 3.17249
57346 3.16661
57346 3.16661
57346 3.16661
57346 3.16661
57400 3.16694
57500 3.16755
57600 3.16816
57700 3.16876
57800 3.16936
57900 3.16996
58000 3.17056
58000 3.17056
58100 3.17115
58200 3.17174
58300 3.17233
58400 3.17291
58500 3.17349
58600 3.17407
58700 3.17465
58800 3.17522
58900 3.17579
59000 3.17636
59000 3.17636
59100 3.17693
59200 3.17749
59300 3.17805
59386 3.17854
59386 3.17854
59392 3.17531
59392 3.17531
59394 3.16985
59394 3.16985
59394 3.16985
59394 3.16985
59400 3.16989
59500 3.17048
59600 3.17108
59700 3.17167
59800 3.17225
59900 3.17284
60000 3.17342
60000 3.17342
60082 3.1739
60082 3.1739
60082 3.1739
60082 3.1739
60082 3.1739
60084 3.16015
60084 3.16015
60085 3.16006
60085 3.16006
60086 3.1574
60086 3.1574
60086 3.1574
60086 3.1574
60100 3.15749
60200 3.15814
60300 3.15879
60400 3.15944
60500 3.16008
60600 3.16072
60700 3.16136
60800 3.16199
60900 3.16262
61000 3.16325
61000 3.16325
61100 3.16388
61200 3.1645
61300 3.16512
61400 3.16574
61434 3.16595
61434 3.16595
61440 3.16274
61440 3.16274
61442 3.15656
61442 3.15656
61442 3.15656
61442 3.15656
61500 3.15694
61600 3.1576
61700 3.15825
61800 3.1589
61900 3.15954
62000 3.16019
62000 3.16019
62100 3.16083
62200 3.16146
62300 3.1621
62400 3.16273
62500 3.16336
62600 3.16398
62700 3.16461
62800 3.16523
62900 3.16584
63000 3.16646
63000 3.16646
63100 3.16707
63200 3.16768
63300 3.16828
63400 3.16889
63482 3.16938
63482 3.16938
63488 3.16617
63488 3.16617
63500 3.16624
63600 3.16685
63700 3.16746
63800 3.16807
63900 3.16867
