0 3.03099
0 3.03099
0 3.03099
2 3.03099
2 3.03099
100 3.03099
200 3.03099
300 3.03099
400 3.03099
500 3.03099
600 3.03099
700 3.03099
800 3.03099
900 3.03099
1000 3.03099
1000 3.03099
1100 3.03099
1200 3.03099
1300 3.03099
1400 3.03099
1500 3.03099
1600 3.03099
1700 3.03099
1800 3.03099
1900 3.03099
2000 3.03099
2000 3.03099
2048 3.03099
2048 3.03099
2050 3.03099
2050 3.03099
2100 3.03099
2200 3.03099
2300 3.03099
2400 3.03099
2500 3.03099
2600 3.03099
2700 3.03099
2800 3.03099
2900 3.03099
3000 3.03099
3000 3.03099
3100 3.03099
3200 3.03099
3300 3.03099
3400 3.03099
3500 3.03099
3600 3.03099
3700 3.03099
3800 3.03099
3900 3.03099
4000 3.03099
4000 3.03099
4096 3.03099
4096 3.03099
4098 3.03099
4098 3.03099
4100 3.03099
4200 3.03099
4300 3.03099
4400 3.03099
4500 3.03099
4502 3.03099
4502 3.03099
4504 3.03099
4504 3.03099
4504 3.03099
4504 3.03099
4505 3.03099
4505 3.03099
4505 3.03099
4505 3.03099
4506 3.03099
4506 3.03099
4506 3.03099
4506 3.03099
4507 3.03099
4507 3.03099
4600 3.03099
4700 3.03099
4800 3.03099
4900 3.03099
5000 3.03099
5000 3.03099
5100 3.03099
5200 3.03099
5300 3.03099
5400 3.03099
5500 3.03099
5600 3.03099
5700 3.03099
5800 3.03099
5900 3.03099
6000 3.03099
6000 3.03099
6100 3.03099
6144 3.03099
6144 3.03099
6146 3.02578
6146 3.02578
6146 3.02578
6146 3.02578
6200 3.02605
6300 3.02655
6400 3.02705
6500 3.02755
6600 3.02805
6700 3.02855
6800 3.02905
6900 3.02955
7000 3.03004
7000 3.03004
7100 3.03054
7200 3.03103
7300 3.03153
7400 3.03202
7500 3.03251
7600 3.033
7700 3.03349
7800 3.03398
7900 3.03447
8000 3.03495
8000 3.03495
8100 3.03544
8186 3.03586
8186 3.03586
8192 3.03277
8192 3.03277
8194 3.02715
8194 3.02715
8194 3.02715
8194 3.02715
8200 3.02718
8300 3.02768
8400 3.02818
8500 3.02868
8600 3.02918
8700 3.02967
8800 3.03017
8900 3.03066
9000 3.03116
9000 3.03116
9100 3.03165
9200 3.03214
9300 3.03263
9400 3.03312
9500 3.03361
9600 3.0341
9700 3.03459
9800 3.03508
9900 3.03556
10000 3.03605
10000 3.03605
10082 3.03645
10082 3.03645
10082 3.03645
10082 3.03645
10082 3.03645
10084 3.02329
10084 3.02329
10085 3.0232
10085 3.0232
10086 3.02066
10086 3.02066
10086 3.02066
10086 3.02066
10100 3.02073
10200 3.02124
10234 3.02141
10234 3.02141
10240 3.01834
10240 3.01834
10242 3.01316
10242 3.01316
10242 3.01316
10242 3.01316
10300 3.01346
10400 3.01399
10500 3.01451
10600 3.01504
10700 3.01556
10800 3.01608
10900 3.0166
11000 3.01712
11000 3.01712
11100 3.01764
11200 3.01816
11300 3.01867
11400 3.01919
11500 3.01971
11600 3.02022
11700 3.02073
11800 3.02124
11900 3.02176
12000 3.02227
12000 3.02227
12100 3.02278
12200 3.02328
12282 3.0237
12282 3.0237
12288 3.02063
12288 3.02063
12290 3.01473
12290 3.01473
12290 3.01473
12290 3.01473
12300 3.01478
12400 3.0153
12500 3.01582
12600 3.01634
12700 3.01686
12800 3.01738
12900 3.0179
13000 3.01842
13000 3.01842
13100 3.01894
13200 3.01945
13300 3.01997
13400 3.02048
13500 3.02099
13600 3.0215
13700 3.02201
13800 3.02252
13900 3.02303
14000 3.02354
14000 3.02354
14100 3.02405
14200 3.02455
14300 3.02506
14330 3.02521
14330 3.02521
14336 3.02214
14336 3.02214
14400 3.02246
14500 3.02297
14600 3.02348
14700 3.02399
14800 3.02449
14900 3.025
15000 3.0255
15000 3.0255
15100 3.02601
15200 3.02651
15300 3.02701
15400 3.02751
15500 3.02801
15600 3.02851
15700 3.02901
15800 3.0295
15900 3.03
16000 3.0305
16000 3.0305
16100 3.03099
16200 3.03148
16300 3.03198
16378 3.03236
16378 3.03236
16384 3.02928
16384 3.02928
16386 3.02367
16386 3.02367
16386 3.02367
16386 3.02367
16400 3.02374
16500 3.02424
16600 3.02475
16700 3.02525
16800 3.02576
16900 3.02626
17000 3.02676
17000 3.02676
17100 3.02726
17200 3.02776
17300 3.02826
17400 3.02876
17500 3.02926
17600 3.02975
17700 3.03025
17800 3.03074
17900 3.03124
18000 3.03173
18000 3.03173
18100 3.03222
18200 3.03271
18300 3.0332
18400 3.03369
18426 3.03382
18426 3.03382
18432 3.03074
18432 3.03074
18434 3.02553
18434 3.02553
18434 3.02553
18434 3.02553
18500 3.02586
18600 3.02636
18700 3.02687
18800 3.02737
18900 3.02787
19000 3.02837
19000 3.02837
19100 3.02886
19200 3.02936
19300 3.02986
19400 3.03035
19500 3.03085
19600 3.03134
19700 3.03183
19800 3.03233
19900 3.03282
20000 3.03331
20000 3.03331
20082 3.03371
20082 3.03371
20082 3.03371
20082 3.03371
20082 3.03371
20084 3.02057
20084 3.02057
20085 3.02048
20085 3.02048
20086 3.01793
20086 3.01793
20086 3.01793
20086 3.01793
20100 3.01801
20200 3.01852
20300 3.01904
20400 3.01955
20474 3.01994
20474 3.01994
20480 3.01687
20480 3.01687
20482 3.01097
20482 3.01097
20482 3.01097
20482 3.01097
20500 3.01107
20600 3.0116
20700 3.01213
20800 3.01265
20900 3.01318
21000 3.01371
21000 3.01371
21100 3.01423
21200 3.01476
21300 3.01528
21400 3.0158
21500 3.01632
21600 3.01684
21700 3.01736
21800 3.01788
21900 3.0184
22000 3.01891
22000 3.01891
22100 3.01943
22200 3.01994
22300 3.02046
22400 3.02097
22500 3.02148
22522 3.0216
22522 3.0216
22528 3.01853
22528 3.01853
22600 3.0189
22700 3.01941
22800 3.01993
22900 3.02044
23000 3.02095
23000 3.02095
23100 3.02147
23200 3.02198
23300 3.02249
23400 3.023
23500 3.0235
23600 3.02401
23700 3.02452
23800 3.02502
23900 3.02553
24000 3.02603
24000 3.02603
24100 3.02653
24200 3.02703
24300 3.02753
24400 3.02803
24500 3.02853
24570 3.02888
24570 3.02888
24576 3.0258
24576 3.0258
24578 3.0202
24578 3.0202
24578 3.0202
24578 3.0202
24600 3.02031
24700 3.02082
24800 3.02133
24900 3.02185
25000 3.02236
25000 3.02236
25100 3.02286
25200 3.02337
25300 3.02388
25400 3.02439
25500 3.02489
25600 3.0254
25700 3.0259
25800 3.0264
25900 3.0269
26000 3.02741
26000 3.02741
26100 3.02791
26200 3.0284
26300 3.0289
26400 3.0294
26500 3.0299
26600 3.03039
26618 3.03048
26618 3.03048
26624 3.0274
26624 3.0274
26626 3.0222
26626 3.0222
26626 3.0222
26626 3.0222
26700 3.02258
26800 3.02308
26900 3.02359
27000 3.0241
27000 3.0241
27100 3.02461
27200 3.02511
27300 3.02561
27400 3.02612
27500 3.02662
27600 3.02712
27700 3.02762
27800 3.02812
27900 3.02862
28000 3.02912
28000 3.02912
28100 3.02961
28200 3.03011
28300 3.03061
28400 3.0311
28500 3.03159
28600 3.03208
28666 3.03241
28666 3.03241
28672 3.02933
28672 3.02933
28674 3.02371
28674 3.02371
28674 3.02371
28674 3.02371
28700 3.02385
28800 3.02435
28900 3.02486
29000 3.02536
29000 3.02536
29100 3.02587
29200 3.02637
29300 3.02687
29400 3.02737
29500 3.02787
29600 3.02837
29700 3.02887
29800 3.02937
29900 3.02986
30000 3.03036
30000 3.03036
30082 3.03077
30082 3.03077
30082 3.03077
30082 3.03077
30082 3.03077
30084 3.01763
30084 3.01763
30085 3.01755
30085 3.01755
30086 3.015
30086 3.015
30086 3.015
30086 3.015
30100 3.01508
30200 3.0156
30300 3.01612
30400 3.01664
30500 3.01716
30600 3.01768
30700 3.0182
30714 3.01827
30714 3.01827
30720 3.0152
30720 3.0152
30722 3.01002
30722 3.01002
30722 3.01002
30722 3.01002
30800 3.01044
30900 3.01097
31000 3.0115
31000 3.0115
31100 3.01203
31200 3.01256
31300 3.01308
31400 3.01361
31500 3.01414
31600 3.01466
31700 3.01518
31800 3.0157
31900 3.01623
32000 3.01675
32000 3.01675
32100 3.01727
32200 3.01778
32300 3.0183
32400 3.01882
32500 3.01933
32600 3.01985
32700 3.02036
32762 3.02068
32762 3.02068
32768 3.01761
32768 3.01761
32770 3.01172
32770 3.01172
32770 3.01172
32770 3.01172
32800 3.01187
32900 3.0124
33000 3.01293
33000 3.01293
33100 3.01346
33200 3.01398
33300 3.01451
33400 3.01503
33500 3.01555
33600 3.01607
33700 3.0166
33800 3.01712
33900 3.01763
34000 3.01815
34000 3.01815
34100 3.01867
34200 3.01918
34300 3.0197
34400 3.02021
34500 3.02073
34600 3.02124
34700 3.02175
34800 3.02226
34810 3.02231
34810 3.02231
34816 3.01924
34816 3.01924
34900 3.01967
35000 3.02019
35000 3.02019
35100 3.0207
35200 3.02121
35300 3.02173
35400 3.02224
35500 3.02275
35600 3.02325
35700 3.02376
35800 3.02427
35900 3.02477
36000 3.02528
36000 3.02528
36100 3.02578
36200 3.02628
36300 3.02679
36400 3.02729
36500 3.02779
36600 3.02829
36700 3.02879
36800 3.02928
36858 3.02957
36858 3.02957
36864 3.02649
36864 3.02649
36866 3.02088
36866 3.02088
36866 3.02088
36866 3.02088
36900 3.02106
37000 3.02157
37000 3.02157
37100 3.02208
37200 3.02259
37300 3.0231
37400 3.02361
37500 3.02411
37600 3.02462
37700 3.02512
37800 3.02563
37900 3.02613
38000 3.02663
38000 3.02663
38100 3.02714
38200 3.02764
38300 3.02813
38400 3.02863
38500 3.02913
38600 3.02963
38700 3.03012
38800 3.03062
38900 3.03111
38906 3.03114
38906 3.03114
38912 3.02806
38912 3.02806
38914 3.02286
38914 3.02286
38914 3.02286
38914 3.02286
39000 3.0233
39000 3.0233
39100 3.0238
39200 3.02431
39300 3.02482
39400 3.02532
39500 3.02582
39600 3.02633
39700 3.02683
39800 3.02733
39900 3.02783
40000 3.02833
40000 3.02833
40082 3.02874
40082 3.02874
40082 3.02874
40082 3.02874
40082 3.02874
40084 3.01562
40084 3.01562
40085 3.01553
40085 3.01553
40086 3.01299
40086 3.01299
40086 3.01299
40086 3.01299
40100 3.01306
40200 3.01359
40300 3.01411
40400 3.01464
40500 3.01516
40600 3.01568
40700 3.01621
40800 3.01673
40900 3.01725
40954 3.01753
40954 3.01753
40960 3.01446
40960 3.01446
40962 3.00857
40962 3.00857
40962 3.00857
40962 3.00857
41000 3.00877
41000 3.00877
41100 3.00931
41200 3.00984
41300 3.01037
41400 3.0109
41500 3.01143
41600 3.01196
41700 3.01249
41800 3.01302
41900 3.01354
42000 3.01407
42000 3.01407
42100 3.01459
42200 3.01512
42300 3.01564
42400 3.01616
42500 3.01668
42600 3.0172
42700 3.01772
42800 3.01824
42900 3.01875
43000 3.01927
43000 3.01927
43002 3.01928
43002 3.01928
43008 3.01622
43008 3.01622
43100 3.01669
43200 3.01721
43300 3.01773
43400 3.01825
43500 3.01877
43600 3.01928
43700 3.0198
43800 3.02031
43900 3.02082
44000 3.02134
44000 3.02134
44100 3.02185
44200 3.02236
44300 3.02287
44400 3.02337
44500 3.02388
44600 3.02439
44700 3.02489
44800 3.0254
44900 3.0259
45000 3.0264
45000 3.0264
45050 3.02666
45050 3.02666
45056 3.02358
45056 3.02358
45058 3.01798
45058 3.01798
45058 3.01798
45058 3.01798
45100 3.01819
45200 3.01871
45300 3.01923
45400 3.01974
45500 3.02026
45600 3.02077
45700 3.02128
45800 3.02179
45900 3.0223
46000 3.02281
46000 3.02281
46100 3.02332
46200 3.02383
46300 3.02433
46400 3.02484
46500 3.02534
46600 3.02585
46700 3.02635
46800 3.02685
46900 3.02735
47000 3.02785
47000 3.02785
47098 3.02834
47098 3.02834
47100 3.02747
47104 3.02527
47104 3.02527
47106 3.02007
47106 3.02007
47106 3.02007
47106 3.02007
47200 3.02055
47300 3.02106
47400 3.02157
47500 3.02208
47600 3.02259
47700 3.0231
47800 3.02361
47900 3.02412
48000 3.02462
48000 3.02462
48100 3.02513
48200 3.02563
48300 3.02614
48400 3.02664
48500 3.02714
48600 3.02764
48700 3.02814
48800 3.02864
48900 3.02914
49000 3.02963
49000 3.02963
49100 3.03013
49146 3.03036
49146 3.03036
49152 3.02728
49152 3.02728
49154 3.02167
49154 3.02167
49154 3.02167
49154 3.02167
49200 3.0219
49300 3.02241
49400 3.02292
49500 3.02343
49600 3.02394
49700 3.02444
49800 3.02495
49900 3.02545
50000 3.02596
50000 3.02596
50082 3.02637
50082 3.02637
50082 3.02637
50082 3.02637
50082 3.02637
50084 3.01326
50084 3.01326
50085 3.01317
50085 3.01317
50086 3.01063
50086 3.01063
50086 3.01063
50086 3.01063
50100 3.01071
50200 3.01124
50300 3.01177
50400 3.01229
50500 3.01282
50600 3.01335
50700 3.01387
50800 3.0144
50900 3.01492
51000 3.01545
51000 3.01545
51100 3.01597
51194 3.01646
51194 3.01646
51200 3.01339
51200 3.01339
51200 3.01339
51202 3.00822
51202 3.00822
51202 3.00822
51202 3.00822
51300 3.00874
51400 3.00928
51500 3.00981
51600 3.01034
51700 3.01087
51800 3.0114
51900 3.01193
52000 3.01246
52000 3.01246
52100 3.01299
52200 3.01351
52300 3.01404
52400 3.01456
52500 3.01509
52600 3.01561
52700 3.01613
52800 3.01665
52900 3.01717
53000 3.01769
53000 3.01769
53100 3.01821
53200 3.01872
53242 3.01894
53242 3.01894
53248 3.01588
53248 3.01588
53250 3.00998
53250 3.00998
53250 3.00998
53250 3.00998
53300 3.01025
53400 3.01078
53500 3.01131
53600 3.01184
53700 3.01237
53800 3.01289
53900 3.01342
54000 3.01395
54000 3.01395
54100 3.01447
54200 3.01499
54300 3.01552
54400 3.01604
54500 3.01656
54600 3.01708
54700 3.0176
54800 3.01812
54900 3.01863
55000 3.01915
55000 3.01915
55100 3.01966
55200 3.02018
55290 3.02064
55290 3.02064
55296 3.01757
55296 3.01757
55300 3.01759
55400 3.01811
55500 3.01863
55600 3.01914
55700 3.01966
55800 3.02017
55900 3.02069
56000 3.0212
56000 3.0212
56100 3.02171
56200 3.02222
56300 3.02273
56400 3.02324
56500 3.02375
56600 3.02425
56700 3.02476
56800 3.02526
56900 3.02577
57000 3.02627
57000 3.02627
57100 3.02677
57200 3.02727
57300 3.02777
57338 3.02797
57338 3.02797
57344 3.02489
57344 3.02489
57346 3.01928
57346 3.01928
57346 3.01928
57346 3.01928
57400 3.01956
57500 3.02007
57600 3.02059
57700 3.0211
57800 3.02161
57900 3.02212
58000 3.02263
58000 3.02263
58100 3.02314
58200 3.02365
58300 3.02415
58400 3.02466
58500 3.02516
58600 3.02567
58700 3.02617
58800 3.02667
58900 3.02718
59000 3.02768
59000 3.02768
59100 3.02818
59200 3.02867
59300 3.02917
59386 3.0296
59386 3.0296
59392 3.02652
59392 3.02652
59394 3.02132
59394 3.02132
59394 3.02132
59394 3.02132
59400 3.02135
59500 3.02186
59600 3.02237
59700 3.02288
59800 3.02339
59900 3.0239
60000 3.0244
60000 3.0244
60082 3.02482
60082 3.02482
60082 3.02482
60082 3.02482
60082 3.02482
60084 3.01172
60084 3.01172
60085 3.01163
60085 3.01163
60086 3.00909
60086 3.00909
60086 3.00909
60086 3.00909
60100 3.00916
60200 3.0097
60300 3.01023
60400 3.01076
60500 3.01129
60600 3.01182
60700 3.01235
60800 3.01288
60900 3.0134
61000 3.01393
61000 3.01393
61100 3.01445
61200 3.01498
61300 3.0155
61400 3.01602
61434 3.0162
61434 3.0162
61440 3.01314
61440 3.01314
61442 3.00725
61442 3.00725
61442 3.00725
61442 3.00725
61500 3.00756
61600 3.0081
61700 3.00863
61800 3.00916
61900 3.0097
62000 3.01023
62000 3.01023
62100 3.01076
62200 3.01129
62300 3.01182
62400 3.01235
62500 3.01288
62600 3.0134
62700 3.01393
62800 3.01445
62900 3.01498
63000 3.0155
63000 3.0155
63100 3.01602
63200 3.01654
63300 3.01706
63400 3.01758
63482 3.01801
63482 3.01801
63488 3.01494
63488 3.01494
63500 3.01501
63600 3.01553
63700 3.01605
63800 3.01657
63900 3.01709
