0 3.03099
0 3.03099
0 3.03099
2 3.03099
2 3.03099
100 3.03099
200 3.03099
300 3.03099
400 3.03099
500 3.03099
600 3.03099
700 3.03099
800 3.03099
900 3.03099
1000 3.03099
1000 3.03099
1100 3.03099
1200 3.03099
1300 3.03099
1400 3.03099
1500 3.03099
1600 3.03099
1700 3.03099
1800 3.03099
1900 3.03099
2000 3.03099
2000 3.03099
2048 3.03099
2048 3.03099
2050 3.03099
2050 3.03099
2100 3.03099
2200 3.03099
2300 3.03099
2400 3.03099
2500 3.03099
2600 3.03099
2700 3.03099
2800 3.03099
2900 3.03099
3000 3.03099
3000 3.03099
3100 3.03099
3200 3.03099
3300 3.03099
3400 3.03099
3500 3.03099
3600 3.03099
3700 3.03099
3800 3.03099
3900 3.03099
4000 3.03099
4000 3.03099
4096 3.03099
4096 3.03099
4098 3.03099
4098 3.03099
4100 3.03099
4200 3.03099
4300 3.03099
4400 3.03099
4500 3.03099
4502 3.03099
4502 3.03099
4504 3.03099
4504 3.03099
4504 3.03099
4504 3.03099
4505 3.03099
4505 3.03099
4505 3.03099
4505 3.03099
4506 3.03099
4506 3.03099
4506 3.03099
4506 3.03099
4507 3.03099
4507 3.03099
4600 3.03099
4700 3.03099
4800 3.03099
4900 3.03099
5000 3.03099
5000 3.03099
5100 3.03099
5200 3.03099
5300 3.03099
5400 3.03099
5500 3.03099
5600 3.03099
5700 3.03099
5800 3.03099
5900 3.03099
6000 3.03099
6000 3.03099
6100 3.03099
6144 3.03099
6144 3.03099
6146 3.02577
6146 3.02577
6146 3.02577
6146 3.02577
6200 3.02591
6300 3.02616
6400 3.02641
6500 3.02666
6600 3.02691
6700 3.02716
6800 3.02741
6900 3.02766
7000 3.02791
7000 3.02791
7100 3.02816
7200 3.02841
7300 3.02866
7400 3.02891
7500 3.02916
7600 3.02941
7700 3.02965
7800 3.0299
7900 3.03015
8000 3.0304
8000 3.0304
8100 3.03064
8186 3.03086
8186 3.03086
8192 3.02776
8192 3.02776
8194 3.02215
8194 3.02215
8194 3.02215
8194 3.02215
8200 3.02216
8300 3.02242
8400 3.02267
8500 3.02293
8600 3.02318
8700 3.02343
8800 3.02369
8900 3.02394
9000 3.02419
9000 3.02419
9100 3.02445
9200 3.0247
9300 3.02495
9400 3.0252
9500 3.02545
9600 3.02571
9700 3.02596
9800 3.02621
9900 3.02646
10000 3.02671
10000 3.02671
10082 3.02692
10082 3.02692
10082 3.02692
10082 3.02692
10082 3.02692
10084 3.0138
10084 3.0138
10085 3.01371
10085 3.01371
10086 3.01117
10086 3.01117
10086 3.01117
10086 3.01117
10100 3.0112
10200 3.01147
10234 3.01156
10234 3.01156
10240 3.00849
10240 3.00849
10242 3.00331
10242 3.00331
10242 3.00331
10242 3.00331
10300 3.00347
10400 3.00374
10500 3.00401
10600 3.00428
10700 3.00456
10800 3.00483
10900 3.0051
11000 3.00537
11000 3.00537
11100 3.00564
11200 3.00591
11300 3.00618
11400 3.00645
11500 3.00672
11600 3.00698
11700 3.00725
11800 3.00752
11900 3.00779
12000 3.00806
12000 3.00806
12100 3.00833
12200 3.00859
12282 3.00881
12282 3.00881
12288 3.00574
12288 3.00574
12290 2.99986
12290 2.99986
12290 2.99986
12290 2.99986
12300 2.99989
12400 3.00016
12500 3.00044
12600 3.00071
12700 3.00099
12800 3.00126
12900 3.00154
13000 3.00181
13000 3.00181
13100 3.00208
13200 3.00236
13300 3.00263
13400 3.0029
13500 3.00318
13600 3.00345
13700 3.00372
13800 3.00399
13900 3.00426
14000 3.00453
14000 3.00453
14100 3.0048
14200 3.00508
14300 3.00535
14330 3.00543
14330 3.00543
14336 3.00236
14336 3.00236
14400 3.00254
14500 3.00281
14600 3.00308
14700 3.00335
14800 3.00362
14900 3.0039
15000 3.00417
15000 3.00417
15100 3.00444
15200 3.00471
15300 3.00498
15400 3.00525
15500 3.00552
15600 3.00579
15700 3.00606
15800 3.00633
15900 3.0066
16000 3.00687
16000 3.00687
16100 3.00714
16200 3.00741
16300 3.00768
16378 3.00789
16378 3.00789
16384 3.00482
16384 3.00482
16386 2.99924
16386 2.99924
16386 2.99924
16386 2.99924
16400 2.99928
16500 2.99956
16600 2.99983
16700 3.00011
16800 3.00038
16900 3.00066
17000 3.00093
17000 3.00093
17100 3.0012
17200 3.00148
17300 3.00175
17400 3.00203
17500 3.0023
17600 3.00257
17700 3.00285
17800 3.00312
17900 3.00339
18000 3.00366
18000 3.00366
18100 3.00393
18200 3.0042
18300 3.00448
18400 3.00475
18426 3.00482
18426 3.00482
18432 3.00175
18432 3.00175
18434 2.99659
18434 2.99659
18434 2.99659
18434 2.99659
18500 2.99677
18600 2.99705
18700 2.99733
18800 2.99761
18900 2.99788
19000 2.99816
19000 2.99816
19100 2.99844
19200 2.99871
19300 2.99899
19400 2.99927
19500 2.99954
19600 2.99982
19700 3.00009
19800 3.00037
19900 3.00064
20000 3.00092
20000 3.00092
20082 3.00114
20082 3.00114
20082 3.00114
20082 3.00114
20082 3.00114
20084 2.98814
20084 2.98814
20085 2.98805
20085 2.98805
20086 2.98553
20086 2.98553
20086 2.98553
20086 2.98553
20100 2.98557
20200 2.98586
20300 2.98614
20400 2.98643
20474 2.98665
20474 2.98665
20480 2.9836
20480 2.9836
20482 2.97776
20482 2.97776
20482 2.97776
20482 2.97776
20500 2.97782
20600 2.97811
20700 2.97841
20800 2.9787
20900 2.979
21000 2.97929
21000 2.97929
21100 2.97958
21200 2.97988
21300 2.98017
21400 2.98046
21500 2.98076
21600 2.98105
21700 2.98134
21800 2.98164
21900 2.98193
22000 2.98222
22000 2.98222
22100 2.98251
22200 2.9828
22300 2.98309
22400 2.98338
22500 2.98367
22522 2.98374
22522 2.98374
22528 2.98069
22528 2.98069
22600 2.98091
22700 2.9812
22800 2.98149
22900 2.98178
23000 2.98207
23000 2.98207
23100 2.98237
23200 2.98266
23300 2.98295
23400 2.98324
23500 2.98353
23600 2.98382
23700 2.98411
23800 2.9844
23900 2.98469
24000 2.98498
24000 2.98498
24100 2.98527
24200 2.98555
24300 2.98584
24400 2.98613
24500 2.98642
24570 2.98662
24570 2.98662
24576 2.98357
24576 2.98357
24578 2.97804
24578 2.97804
24578 2.97804
24578 2.97804
24600 2.97811
24700 2.9784
24800 2.9787
24900 2.97899
25000 2.97928
25000 2.97928
25100 2.97958
25200 2.97987
25300 2.98017
25400 2.98046
25500 2.98075
25600 2.98105
25700 2.98134
25800 2.98163
25900 2.98192
26000 2.98221
26000 2.98221
26100 2.9825
26200 2.9828
26300 2.98309
26400 2.98338
26500 2.98367
26600 2.98396
26618 2.98401
26618 2.98401
26624 2.98097
26624 2.98097
26626 2.97584
26626 2.97584
26626 2.97584
26626 2.97584
26700 2.97606
26800 2.97636
26900 2.97665
27000 2.97695
27000 2.97695
27100 2.97725
27200 2.97754
27300 2.97784
27400 2.97813
27500 2.97843
27600 2.97872
27700 2.97902
27800 2.97931
27900 2.97961
28000 2.9799
28000 2.9799
28100 2.98019
28200 2.98049
28300 2.98078
28400 2.98107
28500 2.98137
28600 2.98166
28666 2.98185
28666 2.98185
28672 2.97881
28672 2.97881
28674 2.97329
28674 2.97329
28674 2.97329
28674 2.97329
28700 2.97336
28800 2.97366
28900 2.97396
29000 2.97426
29000 2.97426
29100 2.97456
29200 2.97486
29300 2.97516
29400 2.97545
29500 2.97575
29600 2.97605
29700 2.97635
29800 2.97664
29900 2.97694
30000 2.97724
30000 2.97724
30082 2.97748
30082 2.97748
30082 2.97748
30082 2.97748
30082 2.97748
30084 2.96457
30084 2.96457
30085 2.96449
30085 2.96449
30086 2.96199
30086 2.96199
30086 2.96199
30086 2.96199
30100 2.96203
30200 2.96234
30300 2.96265
30400 2.96296
30500 2.96327
30600 2.96358
30700 2.96389
30714 2.96393
30714 2.96393
30720 2.96091
30720 2.96091
30722 2.95582
30722 2.95582
30722 2.95582
30722 2.95582
30800 2.95606
30900 2.95638
31000 2.95669
31000 2.95669
31100 2.95701
31200 2.95732
31300 2.95764
31400 2.95795
31500 2.95826
31600 2.95858
31700 2.95889
31800 2.9592
31900 2.95952
32000 2.95983
32000 2.95983
32100 2.96014
32200 2.96045
32300 2.96076
32400 2.96107
32500 2.96139
32600 2.9617
32700 2.96201
32762 2.9622
32762 2.9622
32768 2.95918
32768 2.95918
32770 2.95339
32770 2.95339
32770 2.95339
32770 2.95339
32800 2.95349
32900 2.9538
33000 2.95412
33000 2.95412
33100 2.95444
33200 2.95476
33300 2.95507
33400 2.95539
33500 2.9557
33600 2.95602
33700 2.95634
33800 2.95665
33900 2.95697
34000 2.95728
34000 2.95728
34100 2.95759
34200 2.95791
34300 2.95822
34400 2.95854
34500 2.95885
34600 2.95916
34700 2.95947
34800 2.95979
34810 2.95982
34810 2.95982
34816 2.9568
34816 2.9568
34900 2.95707
35000 2.95738
35000 2.95738
35100 2.95769
35200 2.95801
35300 2.95832
35400 2.95864
35500 2.95895
35600 2.95926
35700 2.95957
35800 2.95989
35900 2.9602
36000 2.96051
36000 2.96051
36100 2.96082
36200 2.96113
36300 2.96144
36400 2.96175
36500 2.96206
36600 2.96237
36700 2.96268
36800 2.96299
36858 2.96317
36858 2.96317
36864 2.96015
36864 2.96015
36866 2.95466
36866 2.95466
36866 2.95466
36866 2.95466
36900 2.95477
37000 2.95508
37000 2.95508
37100 2.9554
37200 2.95572
37300 2.95603
37400 2.95635
37500 2.95666
37600 2.95698
37700 2.95729
37800 2.95761
37900 2.95792
38000 2.95823
38000 2.95823
38100 2.95855
38200 2.95886
38300 2.95917
38400 2.95949
38500 2.9598
38600 2.96011
38700 2.96042
38800 2.96073
38900 2.96105
38906 2.96107
38906 2.96107
38912 2.95805
38912 2.95805
38914 2.95296
38914 2.95296
38914 2.95296
38914 2.95296
39000 2.95323
39000 2.95323
39100 2.95355
39200 2.95387
39300 2.95419
39400 2.9545
39500 2.95482
39600 2.95514
39700 2.95545
39800 2.95577
39900 2.95608
40000 2.9564
40000 2.9564
40082 2.95666
40082 2.95666
40082 2.95666
40082 2.95666
40082 2.95666
40084 2.94385
40084 2.94385
40085 2.94376
40085 2.94376
40086 2.94128
40086 2.94128
40086 2.94128
40086 2.94128
40100 2.94132
40200 2.94165
40300 2.94198
40400 2.94231
40500 2.94264
40600 2.94296
40700 2.94329
40800 2.94362
40900 2.94395
40954 2.94412
40954 2.94412
40960 2.94112
40960 2.94112
40962 2.93537
40962 2.93537
40962 2.93537
40962 2.93537
41000 2.9355
41000 2.9355
41100 2.93583
41200 2.93617
41300 2.9365
41400 2.93683
41500 2.93717
41600 2.9375
41700 2.93783
41800 2.93816
41900 2.93849
42000 2.93883
42000 2.93883
42100 2.93916
42200 2.93949
42300 2.93982
42400 2.94015
42500 2.94048
42600 2.94081
42700 2.94114
42800 2.94147
42900 2.9418
43000 2.94212
43000 2.94212
43002 2.94213
43002 2.94213
43008 2.93913
43008 2.93913
43100 2.93944
43200 2.93977
43300 2.9401
43400 2.94043
43500 2.94076
43600 2.94109
43700 2.94142
43800 2.94175
43900 2.94208
44000 2.9424
44000 2.9424
44100 2.94273
44200 2.94306
44300 2.94339
44400 2.94371
44500 2.94404
44600 2.94437
44700 2.94469
44800 2.94502
44900 2.94534
45000 2.94567
45000 2.94567
45050 2.94583
45050 2.94583
45056 2.94283
45056 2.94283
45058 2.93737
45058 2.93737
45058 2.93737
45058 2.93737
45100 2.93751
45200 2.93784
45300 2.93818
45400 2.93851
45500 2.93884
45600 2.93917
45700 2.9395
45800 2.93983
45900 2.94016
46000 2.94049
46000 2.94049
46100 2.94082
46200 2.94115
46300 2.94148
46400 2.94181
46500 2.94214
46600 2.94247
46700 2.94279
46800 2.94312
46900 2.94345
47000 2.94378
47000 2.94378
47098 2.9441
47098 2.9441
47100 2.94325
47104 2.9411
47104 2.9411
47106 2.93604
47106 2.93604
47106 2.93604
47106 2.93604
47200 2.93635
47300 2.93669
47400 2.93702
47500 2.93735
47600 2.93769
47700 2.93802
47800 2.93835
47900 2.93868
48000 2.93901
48000 2.93901
48100 2.93934
48200 2.93967
48300 2.94001
48400 2.94034
48500 2.94067
48600 2.94099
48700 2.94132
48800 2.94165
48900 2.94198
49000 2.94231
49000 2.94231
49100 2.94264
49146 2.94279
49146 2.94279
49152 2.93979
49152 2.93979
49154 2.93434
49154 2.93434
49154 2.93434
49154 2.93434
49200 2.93449
49300 2.93483
49400 2.93516
49500 2.9355
49600 2.93583
49700 2.93617
49800 2.9365
49900 2.93683
50000 2.93717
50000 2.93717
50082 2.93744
50082 2.93744
50082 2.93744
50082 2.93744
50082 2.93744
50084 2.92471
50084 2.92471
50085 2.92462
50085 2.92462
50086 2.92216
50086 2.92216
50086 2.92216
50086 2.92216
50100 2.92221
50200 2.92255
50300 2.9229
50400 2.92324
50500 2.92359
50600 2.92394
50700 2.92428
50800 2.92463
50900 2.92497
51000 2.92531
51000 2.92531
51100 2.92566
51194 2.92598
51194 2.92598
51200 2.923
51200 2.923
51200 2.923
51202 2.91797
51202 2.91797
51202 2.91797
51202 2.91797
51300 2.91832
51400 2.91867
51500 2.91902
51600 2.91937
51700 2.91972
51800 2.92006
51900 2.92041
52000 2.92076
52000 2.92076
52100 2.92111
52200 2.92146
52300 2.9218
52400 2.92215
52500 2.9225
52600 2.92284
52700 2.92319
52800 2.92353
52900 2.92388
53000 2.92422
53000 2.92422
53100 2.92457
53200 2.92491
53242 2.92506
53242 2.92506
53248 2.92208
53248 2.92208
53250 2.91637
53250 2.91637
53250 2.91637
53250 2.91637
53300 2.91654
53400 2.91689
53500 2.91724
53600 2.91759
53700 2.91794
53800 2.9183
53900 2.91865
54000 2.919
54000 2.919
54100 2.91934
54200 2.91969
54300 2.92004
54400 2.92039
54500 2.92074
54600 2.92109
54700 2.92143
54800 2.92178
54900 2.92213
55000 2.92248
55000 2.92248
55100 2.92282
55200 2.92317
55290 2.92348
55290 2.92348
55296 2.9205
55296 2.9205
55300 2.92051
55400 2.92086
55500 2.92121
55600 2.92156
55700 2.92191
55800 2.92225
55900 2.9226
56000 2.92294
56000 2.92294
56100 2.92329
56200 2.92364
56300 2.92398
56400 2.92433
56500 2.92467
56600 2.92501
56700 2.92536
56800 2.9257
56900 2.92605
57000 2.92639
57000 2.92639
57100 2.92673
57200 2.92707
57300 2.92742
57338 2.92755
57338 2.92755
57344 2.92456
57344 2.92456
57346 2.91914
57346 2.91914
57346 2.91914
57346 2.91914
57400 2.91933
57500 2.91968
57600 2.92003
57700 2.92037
57800 2.92072
57900 2.92107
58000 2.92142
58000 2.92142
58100 2.92177
58200 2.92211
58300 2.92246
58400 2.92281
58500 2.92315
58600 2.9235
58700 2.92384
58800 2.92419
58900 2.92453
59000 2.92488
59000 2.92488
59100 2.92522
59200 2.92556
59300 2.92591
59386 2.9262
59386 2.9262
59392 2.92322
59392 2.92322
59394 2.9182
59394 2.9182
59394 2.9182
59394 2.9182
59400 2.91822
59500 2.91857
59600 2.91892
59700 2.91927
59800 2.91962
59900 2.91996
60000 2.92031
60000 2.92031
60082 2.9206
60082 2.9206
60082 2.9206
60082 2.9206
60082 2.9206
60084 2.90794
60084 2.90794
60085 2.90786
60085 2.90786
60086 2.90541
60086 2.90541
60086 2.90541
60086 2.90541
60100 2.90546
60200 2.90582
60300 2.90618
60400 2.90654
60500 2.9069
60600 2.90726
60700 2.90762
60800 2.90798
60900 2.90834
61000 2.9087
61000 2.9087
61100 2.90906
61200 2.90942
61300 2.90978
61400 2.91014
61434 2.91026
61434 2.91026
61440 2.90729
61440 2.90729
61442 2.90161
61442 2.90161
61442 2.90161
61442 2.90161
61500 2.90182
61600 2.90219
61700 2.90255
61800 2.90291
61900 2.90328
62000 2.90364
62000 2.90364
62100 2.90401
62200 2.90437
62300 2.90473
62400 2.9051
62500 2.90546
62600 2.90582
62700 2.90618
62800 2.90654
62900 2.9069
63000 2.90726
63000 2.90726
63100 2.90762
63200 2.90798
63300 2.90834
63400 2.9087
63482 2.909
63482 2.909
63488 2.90603
63488 2.90603
63500 2.90608
63600 2.90644
63700 2.9068
63800 2.90716
63900 2.90752
