0 3.03099
0 3.03099
0 3.03099
2 3.03099
2 3.03099
100 3.03099
200 3.03099
300 3.03099
400 3.03099
500 3.03099
600 3.03099
700 3.03099
800 3.03099
900 3.03099
1000 3.03099
1000 3.03099
1100 3.03099
1200 3.03099
1300 3.03099
1400 3.03099
1500 3.03099
1600 3.03099
1700 3.03099
1800 3.03099
1900 3.03099
2000 3.03099
2000 3.03099
2048 3.03099
2048 3.03099
2050 3.03099
2050 3.03099
2100 3.03099
2200 3.03099
2300 3.03099
2400 3.03099
2500 3.03099
2600 3.03099
2700 3.03099
2800 3.03099
2900 3.03099
3000 3.03099
3000 3.03099
3100 3.03099
3200 3.03099
3300 3.03099
3400 3.03099
3500 3.03099
3600 3.03099
3700 3.03099
3800 3.03099
3900 3.03099
4000 3.03099
4000 3.03099
4096 3.03099
4096 3.03099
4098 3.03099
4098 3.03099
4100 3.03099
4200 3.03099
4300 3.03099
4400 3.03099
4500 3.03099
4502 3.03099
4502 3.03099
4504 3.03099
4504 3.03099
4504 3.03099
4504 3.03099
4505 3.03099
4505 3.03099
4505 3.03099
4505 3.03099
4506 3.03099
4506 3.03099
4506 3.03099
4506 3.03099
4507 3.03099
4507 3.03099
4600 3.03099
4700 3.03099
4800 3.03099
4900 3.03099
5000 3.03099
5000 3.03099
5100 3.03099
5200 3.03099
5300 3.03099
5400 3.03099
5500 3.03099
5600 3.03099
5700 3.03099
5800 3.03099
5900 3.03099
6000 3.03099
6000 3.03099
6100 3.03099
6144 3.03099
6144 3.03099
6146 3.01371
6146 3.01371
6146 3.01371
6146 3.01371
6200 3.01607
6300 3.02038
6400 3.02462
6500 3.0288
6600 3.03292
6700 3.03698
6800 3.04097
6900 3.04491
7000 3.04878
7000 3.04878
7100 3.05259
7200 3.05635
7300 3.06005
7400 3.06369
7500 3.06728
7600 3.07082
7700 3.0743
7800 3.07772
7900 3.0811
8000 3.08442
8000 3.08442
8100 3.08769
8186 3.09048
8186 3.09048
8192 3.08011
8192 3.08011
8194 3.06117
8194 3.06117
8194 3.06117
8194 3.06117
8200 3.06138
8300 3.065
8400 3.06857
8500 3.07208
8600 3.07555
8700 3.07895
8800 3.08231
8900 3.08562
9000 3.08887
9000 3.08887
9100 3.09208
9200 3.09523
9300 3.09834
9400 3.1014
9500 3.10442
9600 3.10739
9700 3.11031
9800 3.11319
9900 3.11603
10000 3.11882
10000 3.11882
10082 3.1211
10082 3.1211
10082 3.1211
10082 3.1211
10082 3.1211
10084 3.07628
10084 3.07628
10085 3.07599
10085 3.07599
10086 3.06737
10086 3.06737
10086 3.06737
10086 3.06737
10100 3.06786
10200 3.07139
10234 3.07259
10234 3.07259
10240 3.0623
10240 3.0623
10242 3.04483
10242 3.04483
10242 3.04483
10242 3.04483
10300 3.04708
10400 3.05092
10500 3.05471
10600 3.05843
10700 3.0621
10800 3.06571
10900 3.06927
11000 3.07277
11000 3.07277
11100 3.07622
11200 3.07962
11300 3.08297
11400 3.08626
11500 3.08951
11600 3.0927
11700 3.09585
11800 3.09895
11900 3.102
12000 3.10501
12000 3.10501
12100 3.10797
12200 3.11089
12282 3.11326
12282 3.11326
12288 3.10279
12288 3.10279
12290 3.08266
12290 3.08266
12290 3.08266
12290 3.08266
12300 3.08298
12400 3.08627
12500 3.08952
12600 3.09272
12700 3.09586
12800 3.09896
12900 3.10201
13000 3.10502
13000 3.10502
13100 3.10798
13200 3.1109
13300 3.11377
13400 3.1166
13500 3.11938
13600 3.12212
13700 3.12482
13800 3.12748
13900 3.1301
14000 3.13268
14000 3.13268
14100 3.13522
14200 3.13772
14300 3.14019
14330 3.14093
14330 3.14093
14336 3.13034
14336 3.13034
14400 3.132
14500 3.13455
14600 3.13706
14700 3.13953
14800 3.14197
14900 3.14437
15000 3.14673
15000 3.14673
15100 3.14906
15200 3.15135
15300 3.15361
15400 3.15583
15500 3.15802
15600 3.16017
15700 3.1623
15800 3.16439
15900 3.16645
16000 3.16847
16000 3.16847
16100 3.17047
16200 3.17244
16300 3.17437
16378 3.17587
16378 3.17587
16384 3.16514
16384 3.16514
16386 3.14564
16386 3.14564
16386 3.14564
16386 3.14564
16400 3.14596
16500 3.1483
16600 3.1506
16700 3.15287
16800 3.15511
16900 3.15731
17000 3.15947
17000 3.15947
17100 3.16161
17200 3.16371
17300 3.16578
17400 3.16781
17500 3.16982
17600 3.1718
17700 3.17374
17800 3.17566
17900 3.17755
18000 3.17941
18000 3.17941
18100 3.18124
18200 3.18304
18300 3.18481
18400 3.18656
18426 3.18702
18426 3.18702
18432 3.17624
18432 3.17624
18434 3.15809
18434 3.15809
18434 3.15809
18434 3.15809
18500 3.15951
18600 3.16164
18700 3.16374
18800 3.16581
18900 3.16785
19000 3.16986
19000 3.16986
19100 3.17183
19200 3.17378
19300 3.17569
19400 3.17758
19500 3.17944
19600 3.18127
19700 3.18307
19800 3.18485
19900 3.18659
20000 3.18832
20000 3.18832
20082 3.18972
20082 3.18972
20082 3.18972
20082 3.18972
20082 3.18972
20084 3.14389
20084 3.14389
20085 3.14359
20085 3.14359
20086 3.13477
20086 3.13477
20086 3.13477
20086 3.13477
20100 3.13512
20200 3.13762
20300 3.14009
20400 3.14252
20474 3.1443
20474 3.1443
20480 3.1337
20480 3.1337
20482 3.11336
20482 3.11336
20482 3.11336
20482 3.11336
20500 3.11386
20600 3.11669
20700 3.11947
20800 3.12221
20900 3.12491
21000 3.12757
21000 3.12757
21100 3.13019
21200 3.13277
21300 3.1353
21400 3.1378
21500 3.14027
21600 3.14269
21700 3.14508
21800 3.14743
21900 3.14975
22000 3.15203
22000 3.15203
22100 3.15428
22200 3.15649
22300 3.15867
22400 3.16081
22500 3.16293
22522 3.16339
22522 3.16339
22528 3.15271
22528 3.15271
22600 3.15433
22700 3.15654
22800 3.15872
22900 3.16086
23000 3.16297
23000 3.16297
23100 3.16505
23200 3.1671
23300 3.16912
23400 3.17111
23500 3.17306
23600 3.17499
23700 3.17689
23800 3.17876
23900 3.1806
24000 3.18241
24000 3.18241
24100 3.1842
24200 3.18595
24300 3.18768
24400 3.18939
24500 3.19107
24570 3.19224
24570 3.19224
24576 3.18143
24576 3.18143
24578 3.16183
24578 3.16183
24578 3.16183
24578 3.16183
24600 3.16229
24700 3.16438
24800 3.16644
24900 3.16846
25000 3.17046
25000 3.17046
25100 3.17243
25200 3.17436
25300 3.17627
25400 3.17815
25500 3.18
25600 3.18182
25700 3.18361
25800 3.18538
25900 3.18712
26000 3.18883
26000 3.18883
26100 3.19052
26200 3.19218
26300 3.19382
26400 3.19543
26500 3.19702
26600 3.19858
26618 3.19887
26618 3.19887
26624 3.18804
26624 3.18804
26626 3.16981
26626 3.16981
26626 3.16981
26626 3.16981
26700 3.17128
26800 3.17323
26900 3.17515
27000 3.17705
27000 3.17705
27100 3.17892
27200 3.18075
27300 3.18256
27400 3.18435
27500 3.1861
27600 3.18783
27700 3.18953
27800 3.19121
27900 3.19286
28000 3.19449
28000 3.19449
28100 3.19609
28200 3.19767
28300 3.19922
28400 3.20075
28500 3.20226
28600 3.20374
28666 3.20471
28666 3.20471
28672 3.19386
28672 3.19386
28674 3.17417
28674 3.17417
28674 3.17417
28674 3.17417
28700 3.17467
28800 3.17657
28900 3.17844
29000 3.18029
29000 3.18029
29100 3.1821
29200 3.18389
29300 3.18566
29400 3.18739
29500 3.1891
29600 3.19078
29700 3.19244
29800 3.19408
29900 3.19568
30000 3.19727
30000 3.19727
30082 3.19856
30082 3.19856
30082 3.19856
30082 3.19856
30082 3.19856
30084 3.1526
30084 3.1526
30085 3.15229
30085 3.15229
30086 3.14345
30086 3.14345
30086 3.14345
30086 3.14345
30100 3.14378
30200 3.14616
30300 3.14849
30400 3.15079
30500 3.15306
30600 3.15529
30700 3.15748
30714 3.1578
30714 3.1578
30720 3.14714
30720 3.14714
30722 3.12916
30722 3.12916
30722 3.12916
30722 3.12916
30800 3.13119
30900 3.13375
31000 3.13628
31000 3.13628
31100 3.13876
31200 3.14121
31300 3.14362
31400 3.146
31500 3.14833
31600 3.15064
31700 3.1529
31800 3.15514
31900 3.15734
32000 3.1595
32000 3.1595
32100 3.16163
32200 3.16374
32300 3.1658
32400 3.16784
32500 3.16985
32600 3.17182
32700 3.17377
32762 3.17497
32762 3.17497
32768 3.16424
32768 3.16424
32770 3.14369
32770 3.14369
32770 3.14369
32770 3.14369
32800 3.14439
32900 3.14676
33000 3.14908
33000 3.14908
33100 3.15137
33200 3.15363
33300 3.15585
33400 3.15804
33500 3.1602
33600 3.16232
33700 3.16441
33800 3.16647
33900 3.16849
34000 3.17049
34000 3.17049
34100 3.17246
34200 3.17439
34300 3.1763
34400 3.17818
34500 3.18003
34600 3.18185
34700 3.18364
34800 3.18541
34810 3.18559
34810 3.18559
34816 3.17481
34816 3.17481
34900 3.17641
35000 3.17829
35000 3.17829
35100 3.18014
35200 3.18196
35300 3.18375
35400 3.18551
35500 3.18725
35600 3.18896
35700 3.19065
35800 3.19231
35900 3.19394
36000 3.19555
36000 3.19555
36100 3.19714
36200 3.1987
36300 3.20024
36400 3.20175
36500 3.20324
36600 3.20471
36700 3.20616
36800 3.20758
36858 3.2084
36858 3.2084
36864 3.19753
36864 3.19753
36866 3.17782
36866 3.17782
36866 3.17782
36866 3.17782
36900 3.17845
37000 3.18029
37000 3.18029
37100 3.18211
37200 3.1839
37300 3.18566
37400 3.1874
37500 3.18911
37600 3.19079
37700 3.19245
37800 3.19408
37900 3.19569
38000 3.19727
38000 3.19727
38100 3.19883
38200 3.20037
38300 3.20188
38400 3.20337
38500 3.20484
38600 3.20628
38700 3.2077
38800 3.2091
38900 3.21048
38906 3.21057
38906 3.21057
38912 3.19969
38912 3.19969
38914 3.1814
38914 3.1814
38914 3.1814
38914 3.1814
39000 3.18294
39000 3.18294
39100 3.18472
39200 3.18647
39300 3.18819
39400 3.18989
39500 3.19156
39600 3.19321
39700 3.19483
39800 3.19643
39900 3.198
40000 3.19955
40000 3.19955
40082 3.20081
40082 3.20081
40082 3.20081
40082 3.20081
40082 3.20081
40084 3.15482
40084 3.15482
40085 3.15451
40085 3.15451
40086 3.14566
40086 3.14566
40086 3.14566
40086 3.14566
40100 3.14599
40200 3.14833
40300 3.15063
40400 3.1529
40500 3.15513
40600 3.15733
40700 3.1595
40800 3.16163
40900 3.16373
40954 3.16486
40954 3.16486
40960 3.15417
40960 3.15417
40962 3.13369
40962 3.13369
40962 3.13369
40962 3.13369
41000 3.13465
41000 3.13465
41100 3.13716
41200 3.13963
41300 3.14206
41400 3.14446
41500 3.14682
41600 3.14915
41700 3.15144
41800 3.15369
41900 3.15591
42000 3.1581
42000 3.1581
42100 3.16026
42200 3.16238
42300 3.16447
42400 3.16652
42500 3.16855
42600 3.17055
42700 3.17251
42800 3.17445
42900 3.17635
43000 3.17823
43000 3.17823
43002 3.17827
43002 3.17827
43008 3.16753
43008 3.16753
43100 3.16938
43200 3.17136
43300 3.17332
43400 3.17524
43500 3.17713
43600 3.179
43700 3.18084
43800 3.18265
43900 3.18443
44000 3.18618
44000 3.18618
44100 3.18791
44200 3.18961
44300 3.19129
44400 3.19294
44500 3.19456
44600 3.19616
44700 3.19774
44800 3.19929
44900 3.20082
45000 3.20232
45000 3.20232
45050 3.20307
45050 3.20307
45056 3.19222
45056 3.19222
45058 3.17255
45058 3.17255
45058 3.17255
45058 3.17255
45100 3.17336
45200 3.17528
45300 3.17718
45400 3.17904
45500 3.18088
45600 3.18269
45700 3.18447
45800 3.18622
45900 3.18795
46000 3.18965
46000 3.18965
46100 3.19132
46200 3.19297
46300 3.1946
46400 3.1962
46500 3.19777
46600 3.19932
46700 3.20085
46800 3.20236
46900 3.20384
47000 3.2053
47000 3.2053
47098 3.20671
47098 3.20671
47100 3.20362
47104 3.19585
47104 3.19585
47106 3.17758
47106 3.17758
47106 3.17758
47106 3.17758
47200 3.17932
47300 3.18116
47400 3.18296
47500 3.18474
47600 3.18649
47700 3.18821
47800 3.18991
47900 3.19158
48000 3.19322
48000 3.19322
48100 3.19484
48200 3.19644
48300 3.19801
48400 3.19956
48500 3.20108
48600 3.20259
48700 3.20406
48800 3.20552
48900 3.20695
49000 3.20837
49000 3.20837
49100 3.20976
49146 3.2104
49146 3.2104
49152 3.19951
49152 3.19951
49154 3.17979
49154 3.17979
49154 3.17979
49154 3.17979
49200 3.18063
49300 3.18244
49400 3.18423
49500 3.18598
49600 3.18772
49700 3.18942
49800 3.1911
49900 3.19275
50000 3.19438
50000 3.19438
50082 3.19571
50082 3.19571
50082 3.19571
50082 3.19571
50082 3.19571
50084 3.14979
50084 3.14979
50085 3.14948
50085 3.14948
50086 3.14065
50086 3.14065
50086 3.14065
50086 3.14065
50100 3.14099
50200 3.1434
50300 3.14578
50400 3.14812
50500 3.15043
50600 3.1527
50700 3.15494
50800 3.15714
50900 3.15931
51000 3.16144
51000 3.16144
51100 3.16355
51194 3.1655
51194 3.1655
51200 3.15481
51200 3.15481
51200 3.15481
51202 3.13679
51202 3.13679
51202 3.13679
51202 3.13679
51300 3.13922
51400 3.14166
51500 3.14406
51600 3.14643
51700 3.14876
51800 3.15106
51900 3.15332
52000 3.15555
52000 3.15555
52100 3.15774
52200 3.1599
52300 3.16202
52400 3.16412
52500 3.16618
52600 3.16821
52700 3.17021
52800 3.17218
52900 3.17412
53000 3.17604
53000 3.17604
53100 3.17792
53200 3.17977
53242 3.18055
53242 3.18055
53248 3.16979
53248 3.16979
53250 3.1492
53250 3.1492
53250 3.1492
53250 3.1492
53300 3.15034
53400 3.15262
53500 3.15485
53600 3.15706
53700 3.15923
53800 3.16137
53900 3.16347
54000 3.16554
54000 3.16554
54100 3.16758
54200 3.16959
54300 3.17157
54400 3.17352
54500 3.17544
54600 3.17733
54700 3.1792
54800 3.18103
54900 3.18284
55000 3.18461
55000 3.18461
55100 3.18637
55200 3.18809
55290 3.18963
55290 3.18963
55296 3.17884
55296 3.17884
55300 3.17891
55400 3.18075
55500 3.18256
55600 3.18434
55700 3.1861
55800 3.18783
55900 3.18953
56000 3.1912
56000 3.1912
56100 3.19286
56200 3.19448
56300 3.19608
56400 3.19766
56500 3.19921
56600 3.20074
56700 3.20225
56800 3.20373
56900 3.2052
57000 3.20663
57000 3.20663
57100 3.20805
57200 3.20945
57300 3.21082
57338 3.21134
57338 3.21134
57344 3.20046
57344 3.20046
57346 3.18073
57346 3.18073
57346 3.18073
57346 3.18073
57400 3.18171
57500 3.1835
57600 3.18527
57700 3.18701
57800 3.18873
57900 3.19042
58000 3.19208
58000 3.19208
58100 3.19372
58200 3.19533
58300 3.19692
58400 3.19848
58500 3.20003
58600 3.20154
58700 3.20304
58800 3.20451
58900 3.20596
59000 3.20739
59000 3.20739
59100 3.20879
59200 3.21018
59300 3.21154
59386 3.2127
59386 3.2127
59392 3.20181
59392 3.20181
59394 3.1835
59394 3.1835
59394 3.1835
59394 3.1835
59400 3.18361
59500 3.18538
59600 3.18712
59700 3.18883
59800 3.19052
59900 3.19218
60000 3.19382
60000 3.19382
60082 3.19515
60082 3.19515
60082 3.19515
60082 3.19515
60082 3.19515
60084 3.14924
60084 3.14924
60085 3.14894
60085 3.14894
60086 3.1401
60086 3.1401
60086 3.1401
60086 3.1401
60100 3.14044
60200 3.14287
60300 3.14525
60400 3.1476
60500 3.14991
60600 3.15219
60700 3.15444
60800 3.15665
60900 3.15882
61000 3.16097
61000 3.16097
61100 3.16308
61200 3.16516
61300 3.1672
61400 3.16922
61434 3.16991
61434 3.16991
61440 3.1592
61440 3.1592
61442 3.13868
61442 3.13868
61442 3.13868
61442 3.13868
61500 3.1401
61600 3.14252
61700 3.14491
61800 3.14727
61900 3.14959
62000 3.15187
62000 3.15187
62100 3.15412
62200 3.15633
62300 3.15852
62400 3.16066
62500 3.16278
62600 3.16486
62700 3.16691
62800 3.16893
62900 3.17092
63000 3.17288
63000 3.17288
63100 3.17481
63200 3.17671
63300 3.17858
63400 3.18043
63482 3.18193
63482 3.18193
63488 3.17117
63488 3.17117
63500 3.1714
63600 3.17335
63700 3.17528
63800 3.17717
63900 3.17903
