0 3.03099
0 3.03099
0 3.03099
2 3.03099
2 3.03099
100 3.03099
200 3.03099
300 3.03099
400 3.03099
500 3.03099
600 3.03099
700 3.03099
800 3.03099
900 3.03099
1000 3.03099
1000 3.03099
1100 3.03099
1200 3.03099
1300 3.03099
1400 3.03099
1500 3.03099
1600 3.03099
1700 3.03099
1800 3.03099
1900 3.03099
2000 3.03099
2000 3.03099
2048 3.03099
2048 3.03099
2050 3.03099
2050 3.03099
2100 3.03099
2200 3.03099
2300 3.03099
2400 3.03099
2500 3.03099
2600 3.03099
2700 3.03099
2800 3.03099
2900 3.03099
3000 3.03099
3000 3.03099
3100 3.03099
3200 3.03099
3300 3.03099
3400 3.03099
3500 3.03099
3600 3.03099
3700 3.03099
3800 3.03099
3900 3.03099
4000 3.03099
4000 3.03099
4096 3.03099
4096 3.03099
4098 3.03099
4098 3.03099
4100 3.03099
4200 3.03099
4300 3.03099
4400 3.03099
4500 3.03099
4502 3.03099
4502 3.03099
4504 3.03099
4504 3.03099
4504 3.03099
4504 3.03099
4505 3.03099
4505 3.03099
4505 3.03099
4505 3.03099
4506 3.03099
4506 3.03099
4506 3.03099
4506 3.03099
4507 3.03099
4507 3.03099
4600 3.03099
4700 3.03099
4800 3.03099
4900 3.03099
5000 3.03099
5000 3.03099
5100 3.03099
5200 3.03099
5300 3.03099
5400 3.03099
5500 3.03099
5600 3.03099
5700 3.03099
5800 3.03099
5900 3.03099
6000 3.03099
6000 3.03099
6100 3.03099
6144 3.03099
6144 3.03099
6146 3.02578
6146 3.02578
6146 3.02578
6146 3.02578
6200 3.02605
6300 3.02655
6400 3.02705
6500 3.02755
6600 3.02805
6700 3.02855
6800 3.02905
6900 3.02955
7000 3.03004
7000 3.03004
7100 3.03054
7200 3.03103
7300 3.03153
7400 3.03202
7500 3.03251
7600 3.033
7700 3.03349
7800 3.03398
7900 3.03447
8000 3.03495
8000 3.03495
8100 3.03544
8186 3.03586
8186 3.03586
8192 3.03277
8192 3.03277
8194 3.02715
8194 3.02715
8194 3.02715
8194 3.02715
8200 3.02718
8300 3.02768
8400 3.02818
8500 3.02868
8600 3.02918
8700 3.02967
8800 3.03017
8900 3.03066
9000 3.03116
9000 3.03116
9100 3.03165
9200 3.03214
9300 3.03263
9400 3.03312
9500 3.03361
9600 3.0341
9700 3.03459
9800 3.03508
9900 3.03556
10000 3.03605
10000 3.03605
10082 3.03645
10082 3.03645
10082 3.03645
10082 3.03645
10082 3.03645
10086 3.01628
10086 3.01628
10086 3.0162
10086 3.0162
10087 3.01365
10087 3.01365
10087 3.01365
10087 3.01365
10100 3.01372
10200 3.01424
10234 3.01443
10234 3.01443
10240 3.01136
10240 3.01136
10242 3.00619
10242 3.00619
10242 3.00619
10242 3.00619
10300 3.0065
10400 3.00704
10500 3.00758
10600 3.00811
10700 3.00865
10800 3.00918
10900 3.00972
11000 3.01025
11000 3.01025
11100 3.01078
11200 3.01131
11300 3.01184
11400 3.01237
11500 3.0129
11600 3.01342
11700 3.01395
11800 3.01447
11900 3.015
12000 3.01552
12000 3.01552
12100 3.01604
12200 3.01656
12282 3.01699
12282 3.01699
12288 3.01392
12288 3.01392
12290 3.00804
12290 3.00804
12290 3.00804
12290 3.00804
12300 3.00809
12400 3.00862
12500 3.00916
12600 3.00969
12700 3.01022
12800 3.01075
12900 3.01128
13000 3.01181
13000 3.01181
13100 3.01234
13200 3.01287
13300 3.0134
13400 3.01392
13500 3.01445
13600 3.01497
13700 3.01549
13800 3.01601
13900 3.01654
14000 3.01706
14000 3.01706
14100 3.01757
14200 3.01809
14300 3.01861
14330 3.01877
14330 3.01877
14336 3.0157
14336 3.0157
14400 3.01603
14500 3.01655
14600 3.01707
14700 3.01759
14800 3.01811
14900 3.01863
15000 3.01914
15000 3.01914
15100 3.01966
15200 3.02017
15300 3.02069
15400 3.0212
15500 3.02171
15600 3.02222
15700 3.02273
15800 3.02324
15900 3.02374
16000 3.02425
16000 3.02425
16100 3.02476
16200 3.02526
16300 3.02577
16378 3.02616
16378 3.02616
16384 3.02308
16384 3.02308
16386 3.01748
16386 3.01748
16386 3.01748
16386 3.01748
16400 3.01755
16500 3.01807
16600 3.01859
16700 3.01911
16800 3.01962
16900 3.02013
17000 3.02065
17000 3.02065
17100 3.02116
17200 3.02167
17300 3.02218
17400 3.02269
17500 3.0232
17600 3.02371
17700 3.02421
17800 3.02472
17900 3.02522
18000 3.02573
18000 3.02573
18100 3.02623
18200 3.02673
18300 3.02723
18400 3.02774
18426 3.02787
18426 3.02787
18432 3.02479
18432 3.02479
18434 3.01959
18434 3.01959
18434 3.01959
18434 3.01959
18500 3.01993
18600 3.02044
18700 3.02096
18800 3.02147
18900 3.02198
19000 3.02249
19000 3.02249
19100 3.023
19200 3.02351
19300 3.02401
19400 3.02452
19500 3.02502
19600 3.02553
19700 3.02603
19800 3.02654
19900 3.02704
20000 3.02754
20000 3.02754
20082 3.02795
20082 3.02795
20082 3.02795
20082 3.02795
20082 3.02795
20086 3.00784
20086 3.00784
20086 3.00776
20086 3.00776
20087 3.00522
20087 3.00522
20087 3.00522
20087 3.00522
20100 3.00529
20200 3.00583
20300 3.00637
20400 3.00691
20474 3.00731
20474 3.00731
20480 3.00425
20480 3.00425
20482 2.99838
20482 2.99838
20482 2.99838
20482 2.99838
20500 2.99848
20600 2.99903
20700 2.99959
20800 3.00014
20900 3.00069
21000 3.00124
21000 3.00124
21100 3.00178
21200 3.00233
21300 3.00288
21400 3.00342
21500 3.00397
21600 3.00451
21700 3.00505
21800 3.00559
21900 3.00613
22000 3.00667
22000 3.00667
22100 3.00721
22200 3.00775
22300 3.00828
22400 3.00882
22500 3.00935
22522 3.00947
22522 3.00947
22528 3.00641
22528 3.00641
22600 3.0068
22700 3.00734
22800 3.00788
22900 3.00841
23000 3.00895
23000 3.00895
23100 3.00948
23200 3.01001
23300 3.01054
23400 3.01108
23500 3.0116
23600 3.01213
23700 3.01266
23800 3.01319
23900 3.01371
24000 3.01424
24000 3.01424
24100 3.01476
24200 3.01529
24300 3.01581
24400 3.01633
24500 3.01685
24570 3.01722
24570 3.01722
24576 3.01415
24576 3.01415
24578 3.00857
24578 3.00857
24578 3.00857
24578 3.00857
24600 3.00868
24700 3.00922
24800 3.00975
24900 3.01028
25000 3.01081
25000 3.01081
25100 3.01134
25200 3.01187
25300 3.0124
25400 3.01293
25500 3.01346
25600 3.01398
25700 3.01451
25800 3.01503
25900 3.01555
26000 3.01607
26000 3.01607
26100 3.01659
26200 3.01711
26300 3.01763
26400 3.01815
26500 3.01867
26600 3.01918
26618 3.01928
26618 3.01928
26624 3.01621
26624 3.01621
26626 3.01103
26626 3.01103
26626 3.01103
26626 3.01103
26700 3.01142
26800 3.01195
26900 3.01248
27000 3.013
27000 3.013
27100 3.01353
27200 3.01406
27300 3.01458
27400 3.0151
27500 3.01563
27600 3.01615
27700 3.01667
27800 3.01719
27900 3.01771
28000 3.01822
28000 3.01822
28100 3.01874
28200 3.01926
28300 3.01977
28400 3.02029
28500 3.0208
28600 3.02131
28666 3.02165
28666 3.02165
28672 3.01858
28672 3.01858
28674 3.01299
28674 3.01299
28674 3.01299
28674 3.01299
28700 3.01312
28800 3.01365
28900 3.01417
29000 3.0147
29000 3.0147
29100 3.01522
29200 3.01574
29300 3.01626
29400 3.01678
29500 3.0173
29600 3.01782
29700 3.01834
29800 3.01886
29900 3.01937
30000 3.01989
30000 3.01989
30082 3.02031
30082 3.02031
30082 3.02031
30082 3.02031
30082 3.02031
30086 3.00026
30086 3.00026
30086 3.00017
30086 3.00017
30087 2.99764
30087 2.99764
30087 2.99764
30087 2.99764
30100 2.99771
30200 2.99826
30300 2.99882
30400 2.99937
30500 2.99992
30600 3.00047
30700 3.00102
30714 3.0011
30714 3.0011
30720 2.99805
30720 2.99805
30722 2.9929
30722 2.9929
30722 2.9929
30722 2.9929
30800 2.99334
30900 2.9939
31000 2.99447
31000 2.99447
31100 2.99503
31200 2.99558
31300 2.99614
31400 2.9967
31500 2.99726
31600 2.99781
31700 2.99837
31800 2.99892
31900 2.99947
32000 3.00002
32000 3.00002
32100 3.00057
32200 3.00112
32300 3.00167
32400 3.00222
32500 3.00276
32600 3.00331
32700 3.00385
32762 3.00419
32762 3.00419
32768 3.00114
32768 3.00114
32770 2.99528
32770 2.99528
32770 2.99528
32770 2.99528
32800 2.99544
32900 2.996
33000 2.99656
33000 2.99656
33100 2.99712
33200 2.99767
33300 2.99823
33400 2.99878
33500 2.99933
33600 2.99988
33700 3.00043
33800 3.00098
33900 3.00153
34000 3.00208
34000 3.00208
34100 3.00263
34200 3.00317
34300 3.00371
34400 3.00426
34500 3.0048
34600 3.00534
34700 3.00588
34800 3.00642
34810 3.00648
34810 3.00648
34816 3.00342
34816 3.00342
34900 3.00388
35000 3.00442
35000 3.00442
35100 3.00497
35200 3.00551
35300 3.00605
35400 3.00659
35500 3.00712
35600 3.00766
35700 3.0082
35800 3.00873
35900 3.00927
36000 3.0098
36000 3.0098
36100 3.01033
36200 3.01086
36300 3.01139
36400 3.01192
36500 3.01245
36600 3.01298
36700 3.01351
36800 3.01403
36858 3.01434
36858 3.01434
36864 3.01128
36864 3.01128
36866 3.0057
36866 3.0057
36866 3.0057
36866 3.0057
36900 3.00588
37000 3.00642
37000 3.00642
37100 3.00696
37200 3.00749
37300 3.00803
37400 3.00857
37500 3.0091
37600 3.00963
37700 3.01017
37800 3.0107
37900 3.01123
38000 3.01176
38000 3.01176
38100 3.01229
38200 3.01281
38300 3.01334
38400 3.01387
38500 3.01439
38600 3.01491
38700 3.01544
38800 3.01596
38900 3.01648
38906 3.01651
38906 3.01651
38912 3.01345
38912 3.01345
38914 3.00827
38914 3.00827
38914 3.00827
38914 3.00827
39000 3.00873
39000 3.00873
39100 3.00927
39200 3.0098
39300 3.01033
39400 3.01086
39500 3.01139
39600 3.01192
39700 3.01245
39800 3.01298
39900 3.0135
40000 3.01403
40000 3.01403
40082 3.01446
40082 3.01446
40082 3.01446
40082 3.01446
40082 3.01446
40086 2.99445
40086 2.99445
40086 2.99436
40086 2.99436
40087 2.99184
40087 2.99184
40087 2.99184
40087 2.99184
40100 2.99191
40200 2.99247
40300 2.99304
40400 2.9936
40500 2.99416
40600 2.99472
40700 2.99528
40800 2.99584
40900 2.9964
40954 2.9967
40954 2.9967
40960 2.99366
40960 2.99366
40962 2.98781
40962 2.98781
40962 2.98781
40962 2.98781
41000 2.98803
41000 2.98803
41100 2.9886
41200 2.98917
41300 2.98974
41400 2.99031
41500 2.99088
41600 2.99144
41700 2.99201
41800 2.99257
41900 2.99314
42000 2.9937
42000 2.9937
42100 2.99426
42200 2.99482
42300 2.99538
42400 2.99594
42500 2.9965
42600 2.99706
42700 2.99761
42800 2.99817
42900 2.99872
43000 2.99927
43000 2.99927
43002 2.99929
43002 2.99929
43008 2.99624
43008 2.99624
43100 2.99675
43200 2.99731
43300 2.99786
43400 2.99842
43500 2.99897
43600 2.99952
43700 3.00007
43800 3.00062
43900 3.00117
44000 3.00172
44000 3.00172
44100 3.00227
44200 3.00281
44300 3.00336
44400 3.0039
44500 3.00445
44600 3.00499
44700 3.00553
44800 3.00607
44900 3.00661
45000 3.00715
45000 3.00715
45050 3.00742
45050 3.00742
45056 3.00436
45056 3.00436
45058 2.9988
45058 2.9988
45058 2.9988
45058 2.9988
45100 2.99903
45200 2.99958
45300 3.00013
45400 3.00068
45500 3.00123
45600 3.00178
45700 3.00232
45800 3.00287
45900 3.00342
46000 3.00396
46000 3.00396
46100 3.0045
46200 3.00504
46300 3.00559
46400 3.00613
46500 3.00666
46600 3.0072
46700 3.00774
46800 3.00828
46900 3.00881
47000 3.00934
47000 3.00934
47098 3.00987
47098 3.00987
47100 3.009
47104 3.00681
47104 3.00681
47106 3.00165
47106 3.00165
47106 3.00165
47106 3.00165
47200 3.00216
47300 3.00271
47400 3.00325
47500 3.0038
47600 3.00434
47700 3.00488
47800 3.00542
47900 3.00596
48000 3.0065
48000 3.0065
48100 3.00704
48200 3.00758
48300 3.00811
48400 3.00865
48500 3.00918
48600 3.00972
48700 3.01025
48800 3.01078
48900 3.01131
49000 3.01184
49000 3.01184
49100 3.01237
49146 3.01261
49146 3.01261
49152 3.00955
49152 3.00955
49154 3.00398
49154 3.00398
49154 3.00398
49154 3.00398
49200 3.00423
49300 3.00477
49400 3.00531
49500 3.00585
49600 3.00639
49700 3.00693
49800 3.00746
49900 3.008
50000 3.00854
50000 3.00854
50082 3.00898
50082 3.00898
50082 3.00898
50082 3.00898
50082 3.00898
50086 2.989
50086 2.989
50086 2.98891
50086 2.98891
50087 2.98639
50087 2.98639
50087 2.98639
50087 2.98639
50100 2.98647
50200 2.98704
50300 2.98762
50400 2.98819
50500 2.98876
50600 2.98933
50700 2.9899
50800 2.99047
50900 2.99104
51000 2.9916
51000 2.9916
51100 2.99217
51194 2.9927
51194 2.9927
51200 2.98966
51200 2.98966
51200 2.98966
51202 2.98453
51202 2.98453
51202 2.98453
51202 2.98453
51300 2.9851
51400 2.98567
51500 2.98625
51600 2.98682
51700 2.9874
51800 2.98797
51900 2.98854
52000 2.98912
52000 2.98912
52100 2.98969
52200 2.99025
52300 2.99082
52400 2.99139
52500 2.99196
52600 2.99252
52700 2.99308
52800 2.99365
52900 2.99421
53000 2.99477
53000 2.99477
53100 2.99533
53200 2.99589
53242 2.99613
53242 2.99613
53248 2.99308
53248 2.99308
53250 2.98724
53250 2.98724
53250 2.98724
53250 2.98724
53300 2.98752
53400 2.98809
53500 2.98867
53600 2.98924
53700 2.98981
53800 2.99038
53900 2.99094
54000 2.99151
54000 2.99151
54100 2.99208
54200 2.99264
54300 2.99321
54400 2.99377
54500 2.99433
54600 2.99489
54700 2.99545
54800 2.99601
54900 2.99657
55000 2.99712
55000 2.99712
55100 2.99768
55200 2.99823
55290 2.99873
55290 2.99873
55296 2.99569
55296 2.99569
55300 2.99571
55400 2.99627
55500 2.99683
55600 2.99738
55700 2.99794
55800 2.99849
55900 2.99904
56000 2.9996
56000 2.9996
56100 3.00015
56200 3.0007
56300 3.00125
56400 3.00179
56500 3.00234
56600 3.00289
56700 3.00343
56800 3.00397
56900 3.00452
57000 3.00506
57000 3.00506
57100 3.0056
57200 3.00614
57300 3.00668
57338 3.00689
57338 3.00689
57344 3.00383
57344 3.00383
57346 2.99827
57346 2.99827
57346 2.99827
57346 2.99827
57400 2.99856
57500 2.99912
57600 2.99967
57700 3.00022
57800 3.00077
57900 3.00132
58000 3.00187
58000 3.00187
58100 3.00241
58200 3.00296
58300 3.0035
58400 3.00405
58500 3.00459
58600 3.00513
58700 3.00567
58800 3.00621
58900 3.00675
59000 3.00729
59000 3.00729
59100 3.00783
59200 3.00836
59300 3.0089
59386 3.00936
59386 3.00936
59392 3.0063
59392 3.0063
59394 3.00114
59394 3.00114
59394 3.00114
59394 3.00114
59400 3.00117
59500 3.00172
59600 3.00226
59700 3.00281
59800 3.00335
59900 3.0039
60000 3.00444
60000 3.00444
60082 3.00489
60082 3.00489
60082 3.00489
60082 3.00489
60082 3.00489
60086 2.98494
60086 2.98494
60086 2.98485
60086 2.98485
60087 2.98234
60087 2.98234
60087 2.98234
60087 2.98234
60100 2.98241
60200 2.98299
60300 2.98357
60400 2.98415
60500 2.98473
60600 2.98531
60700 2.98589
60800 2.98646
60900 2.98704
61000 2.98761
61000 2.98761
61100 2.98819
61200 2.98876
61300 2.98933
61400 2.9899
61434 2.99009
61434 2.99009
61440 2.98706
61440 2.98706
61442 2.98122
61442 2.98122
61442 2.98122
61442 2.98122
61500 2.98156
61600 2.98215
61700 2.98273
61800 2.98331
61900 2.98389
62000 2.98447
62000 2.98447
62100 2.98505
62200 2.98563
62300 2.9862
62400 2.98678
62500 2.98735
62600 2.98793
62700 2.9885
62800 2.98907
62900 2.98964
63000 2.99021
63000 2.99021
63100 2.99078
63200 2.99135
63300 2.99191
63400 2.99248
63482 2.99294
63482 2.99294
63488 2.9899
63488 2.9899
63500 2.98997
63600 2.99054
63700 2.99111
63800 2.99167
63900 2.99224
