0 3.03099
0 3.03099
0 3.03099
2 3.03099
2 3.03099
100 3.03099
200 3.03099
300 3.03099
400 3.03099
500 3.03099
600 3.03099
700 3.03099
800 3.03099
900 3.03099
1000 3.03099
1000 3.03099
1100 3.03099
1200 3.03099
1300 3.03099
1400 3.03099
1500 3.03099
1600 3.03099
1700 3.03099
1800 3.03099
1900 3.03099
2000 3.03099
2000 3.03099
2048 3.03099
2048 3.03099
2050 3.03099
2050 3.03099
2100 3.03099
2200 3.03099
2300 3.03099
2400 3.03099
2500 3.03099
2600 3.03099
2700 3.03099
2800 3.03099
2900 3.03099
3000 3.03099
3000 3.03099
3100 3.03099
3200 3.03099
3300 3.03099
3400 3.03099
3500 3.03099
3600 3.03099
3700 3.03099
3800 3.03099
3900 3.03099
4000 3.03099
4000 3.03099
4096 3.03099
4096 3.03099
4098 3.03099
4098 3.03099
4100 3.03099
4200 3.03099
4300 3.03099
4400 3.03099
4500 3.03099
4502 3.03099
4502 3.03099
4504 3.03099
4504 3.03099
4504 3.03099
4504 3.03099
4505 3.03099
4505 3.03099
4505 3.03099
4505 3.03099
4506 3.03099
4506 3.03099
4506 3.03099
4506 3.03099
4507 3.03099
4507 3.03099
4600 3.03099
4700 3.03099
4800 3.03099
4900 3.03099
5000 3.03099
5000 3.03099
5100 3.03099
5200 3.03099
5300 3.03099
5400 3.03099
5500 3.03099
5600 3.03099
5700 3.03099
5800 3.03099
5900 3.03099
6000 3.03099
6000 3.03099
6100 3.03099
6144 3.03099
6144 3.03099
6146 3.02577
6146 3.02577
6146 3.02577
6146 3.02577
6200 3.02591
6300 3.02616
6400 3.02641
6500 3.02666
6600 3.02691
6700 3.02716
6800 3.02741
6900 3.02766
7000 3.02791
7000 3.02791
7100 3.02816
7200 3.02841
7300 3.02866
7400 3.02891
7500 3.02916
7600 3.02941
7700 3.02965
7800 3.0299
7900 3.03015
8000 3.0304
8000 3.0304
8100 3.03064
8186 3.03086
8186 3.03086
8192 3.02776
8192 3.02776
8194 3.02215
8194 3.02215
8194 3.02215
8194 3.02215
8200 3.02216
8300 3.02242
8400 3.02267
8500 3.02293
8600 3.02318
8700 3.02343
8800 3.02369
8900 3.02394
9000 3.02419
9000 3.02419
9100 3.02445
9200 3.0247
9300 3.02495
9400 3.0252
9500 3.02545
9600 3.02571
9700 3.02596
9800 3.02621
9900 3.02646
10000 3.02671
10000 3.02671
10082 3.02692
10082 3.02692
10082 3.02692
10082 3.02692
10082 3.02692
10086 3.00681
10086 3.00681
10086 3.00672
10086 3.00672
10087 3.00418
10087 3.00418
10087 3.00418
10087 3.00418
10100 3.00422
10200 3.00449
10234 3.00458
10234 3.00458
10240 3.00152
10240 3.00152
10242 2.99635
10242 2.99635
10242 2.99635
10242 2.99635
10300 2.99652
10400 2.99679
10500 2.99707
10600 2.99735
10700 2.99763
10800 2.9979
10900 2.99818
11000 2.99846
11000 2.99846
11100 2.99873
11200 2.99901
11300 2.99929
11400 2.99956
11500 2.99984
11600 3.00011
11700 3.00039
11800 3.00066
11900 3.00094
12000 3.00121
12000 3.00121
12100 3.00149
12200 3.00176
12282 3.00198
12282 3.00198
12288 2.99892
12288 2.99892
12290 2.99306
12290 2.99306
12290 2.99306
12290 2.99306
12300 2.99308
12400 2.99336
12500 2.99365
12600 2.99393
12700 2.99421
12800 2.99449
12900 2.99477
13000 2.99505
13000 2.99505
13100 2.99533
13200 2.99561
13300 2.99589
13400 2.99616
13500 2.99644
13600 2.99672
13700 2.997
13800 2.99728
13900 2.99756
14000 2.99783
14000 2.99783
14100 2.99811
14200 2.99839
14300 2.99866
14330 2.99875
14330 2.99875
14336 2.99569
14336 2.99569
14400 2.99587
14500 2.99614
14600 2.99642
14700 2.9967
14800 2.99698
14900 2.99726
15000 2.99753
15000 2.99753
15100 2.99781
15200 2.99809
15300 2.99837
15400 2.99864
15500 2.99892
15600 2.9992
15700 2.99947
15800 2.99975
15900 3.00002
16000 3.0003
16000 3.0003
16100 3.00057
16200 3.00085
16300 3.00112
16378 3.00134
16378 3.00134
16384 2.99827
16384 2.99827
16386 2.99271
16386 2.99271
16386 2.99271
16386 2.99271
16400 2.99275
16500 2.99303
16600 2.99331
16700 2.99359
16800 2.99388
16900 2.99416
17000 2.99444
17000 2.99444
17100 2.99472
17200 2.995
17300 2.99528
17400 2.99556
17500 2.99584
17600 2.99611
17700 2.99639
17800 2.99667
17900 2.99695
18000 2.99723
18000 2.99723
18100 2.99751
18200 2.99778
18300 2.99806
18400 2.99834
18426 2.99841
18426 2.99841
18432 2.99535
18432 2.99535
18434 2.9902
18434 2.9902
18434 2.9902
18434 2.9902
18500 2.99039
18600 2.99067
18700 2.99095
18800 2.99124
18900 2.99152
19000 2.9918
19000 2.9918
19100 2.99208
19200 2.99237
19300 2.99265
19400 2.99293
19500 2.99321
19600 2.99349
19700 2.99378
19800 2.99406
19900 2.99434
20000 2.99462
20000 2.99462
20082 2.99485
20082 2.99485
20082 2.99485
20082 2.99485
20082 2.99485
20086 2.97495
20086 2.97495
20086 2.97487
20086 2.97487
20087 2.97236
20087 2.97236
20087 2.97236
20087 2.97236
20100 2.97239
20200 2.97269
20300 2.973
20400 2.97329
20474 2.97352
20474 2.97352
20480 2.97048
20480 2.97048
20482 2.96468
20482 2.96468
20482 2.96468
20482 2.96468
20500 2.96473
20600 2.96504
20700 2.96534
20800 2.96565
20900 2.96596
21000 2.96626
21000 2.96626
21100 2.96657
21200 2.96688
21300 2.96718
21400 2.96749
21500 2.96779
21600 2.9681
21700 2.9684
21800 2.96871
21900 2.96901
22000 2.96931
22000 2.96931
22100 2.96962
22200 2.96992
22300 2.97022
22400 2.97052
22500 2.97083
22522 2.97089
22522 2.97089
22528 2.96786
22528 2.96786
22600 2.96808
22700 2.96839
22800 2.96869
22900 2.969
23000 2.9693
23000 2.9693
23100 2.9696
23200 2.96991
23300 2.97021
23400 2.97051
23500 2.97081
23600 2.97111
23700 2.97142
23800 2.97172
23900 2.97202
24000 2.97232
24000 2.97232
24100 2.97262
24200 2.97292
24300 2.97322
24400 2.97352
24500 2.97382
24570 2.97403
24570 2.97403
24576 2.971
24576 2.971
24578 2.96549
24578 2.96549
24578 2.96549
24578 2.96549
24600 2.96555
24700 2.96586
24800 2.96617
24900 2.96647
25000 2.96678
25000 2.96678
25100 2.96708
25200 2.96739
25300 2.96769
25400 2.968
25500 2.9683
25600 2.96861
25700 2.96891
25800 2.96921
25900 2.96952
26000 2.96982
26000 2.96982
26100 2.97012
26200 2.97043
26300 2.97073
26400 2.97103
26500 2.97133
26600 2.97163
26618 2.97169
26618 2.97169
26624 2.96866
26624 2.96866
26626 2.96355
26626 2.96355
26626 2.96355
26626 2.96355
26700 2.96378
26800 2.96409
26900 2.9644
27000 2.96471
27000 2.96471
27100 2.96501
27200 2.96532
27300 2.96563
27400 2.96593
27500 2.96624
27600 2.96655
27700 2.96685
27800 2.96716
27900 2.96746
28000 2.96777
28000 2.96777
28100 2.96807
28200 2.96838
28300 2.96868
28400 2.96898
28500 2.96929
28600 2.96959
28666 2.96979
28666 2.96979
28672 2.96676
28672 2.96676
28674 2.96126
28674 2.96126
28674 2.96126
28674 2.96126
28700 2.96134
28800 2.96165
28900 2.96196
29000 2.96227
29000 2.96227
29100 2.96258
29200 2.96289
29300 2.9632
29400 2.96351
29500 2.96382
29600 2.96413
29700 2.96443
29800 2.96474
29900 2.96505
30000 2.96536
30000 2.96536
30082 2.96561
30082 2.96561
30082 2.96561
30082 2.96561
30082 2.96561
30086 2.94591
30086 2.94591
30086 2.94582
30086 2.94582
30087 2.94334
30087 2.94334
30087 2.94334
30087 2.94334
30100 2.94338
30200 2.94371
30300 2.94404
30400 2.94436
30500 2.94469
30600 2.94501
30700 2.94534
30714 2.94539
30714 2.94539
30720 2.94238
30720 2.94238
30722 2.93732
30722 2.93732
30722 2.93732
30722 2.93732
30800 2.93758
30900 2.93792
31000 2.93825
31000 2.93825
31100 2.93858
31200 2.93891
31300 2.93924
31400 2.93957
31500 2.9399
31600 2.94023
31700 2.94056
31800 2.94089
31900 2.94122
32000 2.94155
32000 2.94155
32100 2.94188
32200 2.94221
32300 2.94254
32400 2.94286
32500 2.94319
32600 2.94352
32700 2.94385
32762 2.94405
32762 2.94405
32768 2.94105
32768 2.94105
32770 2.9353
32770 2.9353
32770 2.9353
32770 2.9353
32800 2.9354
32900 2.93573
33000 2.93607
33000 2.93607
33100 2.9364
33200 2.93673
33300 2.93707
33400 2.9374
33500 2.93773
33600 2.93806
33700 2.9384
33800 2.93873
33900 2.93906
34000 2.93939
34000 2.93939
34100 2.93972
34200 2.94005
34300 2.94038
34400 2.94071
34500 2.94104
34600 2.94137
34700 2.9417
34800 2.94203
34810 2.94206
34810 2.94206
34816 2.93906
34816 2.93906
34900 2.93934
35000 2.93967
35000 2.93967
35100 2.94
35200 2.94033
35300 2.94066
35400 2.94099
35500 2.94132
35600 2.94165
35700 2.94198
35800 2.94231
35900 2.94263
36000 2.94296
36000 2.94296
36100 2.94329
36200 2.94362
36300 2.94394
36400 2.94427
36500 2.9446
36600 2.94492
36700 2.94525
36800 2.94557
36858 2.94576
36858 2.94576
36864 2.94276
36864 2.94276
36866 2.9373
36866 2.9373
36866 2.9373
36866 2.9373
36900 2.93742
37000 2.93775
37000 2.93775
37100 2.93808
37200 2.93841
37300 2.93874
37400 2.93908
37500 2.93941
37600 2.93974
37700 2.94007
37800 2.9404
37900 2.94073
38000 2.94106
38000 2.94106
38100 2.94139
38200 2.94171
38300 2.94204
38400 2.94237
38500 2.9427
38600 2.94303
38700 2.94335
38800 2.94368
38900 2.94401
38906 2.94403
38906 2.94403
38912 2.94103
38912 2.94103
38914 2.93597
38914 2.93597
38914 2.93597
38914 2.93597
39000 2.93626
39000 2.93626
39100 2.93659
39200 2.93693
39300 2.93726
39400 2.93759
39500 2.93792
39600 2.93826
39700 2.93859
39800 2.93892
39900 2.93925
40000 2.93958
40000 2.93958
40082 2.93985
40082 2.93985
40082 2.93985
40082 2.93985
40082 2.93985
40086 2.92033
40086 2.92033
40086 2.92024
40086 2.92024
40087 2.91778
40087 2.91778
40087 2.91778
40087 2.91778
40100 2.91782
40200 2.91817
40300 2.91852
40400 2.91887
40500 2.91922
40600 2.91957
40700 2.91992
40800 2.92027
40900 2.92062
40954 2.92081
40954 2.92081
40960 2.91783
40960 2.91783
40962 2.91213
40962 2.91213
40962 2.91213
40962 2.91213
41000 2.91226
41000 2.91226
41100 2.91262
41200 2.91297
41300 2.91333
41400 2.91368
41500 2.91403
41600 2.91439
41700 2.91474
41800 2.9151
41900 2.91545
42000 2.9158
42000 2.9158
42100 2.91615
42200 2.91651
42300 2.91686
42400 2.91721
42500 2.91756
42600 2.91791
42700 2.91826
42800 2.91861
42900 2.91896
43000 2.91931
43000 2.91931
43002 2.91932
43002 2.91932
43008 2.91634
43008 2.91634
43100 2.91667
43200 2.91702
43300 2.91737
43400 2.91772
43500 2.91807
43600 2.91842
43700 2.91877
43800 2.91912
43900 2.91947
44000 2.91982
44000 2.91982
44100 2.92017
44200 2.92052
44300 2.92087
44400 2.92121
44500 2.92156
44600 2.92191
44700 2.92225
44800 2.9226
44900 2.92295
45000 2.92329
45000 2.92329
45050 2.92347
45050 2.92347
45056 2.92049
45056 2.92049
45058 2.91507
45058 2.91507
45058 2.91507
45058 2.91507
45100 2.91522
45200 2.91557
45300 2.91593
45400 2.91628
45500 2.91663
45600 2.91698
45700 2.91733
45800 2.91768
45900 2.91803
46000 2.91839
46000 2.91839
46100 2.91874
46200 2.91908
46300 2.91943
46400 2.91978
46500 2.92013
46600 2.92048
46700 2.92083
46800 2.92118
46900 2.92152
47000 2.92187
47000 2.92187
47098 2.92221
47098 2.92221
47100 2.92137
47104 2.91923
47104 2.91923
47106 2.91421
47106 2.91421
47106 2.91421
47106 2.91421
47200 2.91455
47300 2.9149
47400 2.91525
47500 2.91561
47600 2.91596
47700 2.91631
47800 2.91666
47900 2.91702
48000 2.91737
48000 2.91737
48100 2.91772
48200 2.91807
48300 2.91842
48400 2.91877
48500 2.91912
48600 2.91947
48700 2.91982
48800 2.92017
48900 2.92051
49000 2.92086
49000 2.92086
49100 2.92121
49146 2.92137
49146 2.92137
49152 2.91839
49152 2.91839
49154 2.91298
49154 2.91298
49154 2.91298
49154 2.91298
49200 2.91315
49300 2.9135
49400 2.91385
49500 2.91421
49600 2.91456
49700 2.91492
49800 2.91527
49900 2.91562
50000 2.91597
50000 2.91597
50082 2.91627
50082 2.91627
50082 2.91627
50082 2.91627
50082 2.91627
50086 2.8969
50086 2.8969
50086 2.89681
50086 2.89681
50087 2.89437
50087 2.89437
50087 2.89437
50087 2.89437
50100 2.89441
50200 2.89479
50300 2.89516
50400 2.89553
50500 2.8959
50600 2.89627
50700 2.89664
50800 2.89701
50900 2.89738
51000 2.89775
51000 2.89775
51100 2.89812
51194 2.89847
51194 2.89847
51200 2.89552
51200 2.89552
51200 2.89552
51202 2.89054
51202 2.89054
51202 2.89054
51202 2.89054
51300 2.89091
51400 2.89128
51500 2.89166
51600 2.89203
51700 2.8924
51800 2.89278
51900 2.89315
52000 2.89352
52000 2.89352
52100 2.8939
52200 2.89427
52300 2.89464
52400 2.89501
52500 2.89539
52600 2.89576
52700 2.89613
52800 2.8965
52900 2.89687
53000 2.89724
53000 2.89724
53100 2.89761
53200 2.89798
53242 2.89813
53242 2.89813
53248 2.89518
53248 2.89518
53250 2.88952
53250 2.88952
53250 2.88952
53250 2.88952
53300 2.88971
53400 2.89008
53500 2.89046
53600 2.89084
53700 2.89121
53800 2.89159
53900 2.89196
54000 2.89233
54000 2.89233
54100 2.89271
54200 2.89308
54300 2.89346
54400 2.89383
54500 2.8942
54600 2.89457
54700 2.89495
54800 2.89532
54900 2.89569
55000 2.89606
55000 2.89606
55100 2.89643
55200 2.8968
55290 2.89713
55290 2.89713
55296 2.89418
55296 2.89418
55300 2.8942
55400 2.89457
55500 2.89494
55600 2.89531
55700 2.89568
55800 2.89606
55900 2.89643
56000 2.8968
56000 2.8968
56100 2.89717
56200 2.89754
56300 2.8979
56400 2.89827
56500 2.89864
56600 2.89901
56700 2.89938
56800 2.89975
56900 2.90011
57000 2.90048
57000 2.90048
57100 2.90085
57200 2.90121
57300 2.90158
57338 2.90172
57338 2.90172
57344 2.89876
57344 2.89876
57346 2.89339
57346 2.89339
57346 2.89339
57346 2.89339
57400 2.89359
57500 2.89396
57600 2.89433
57700 2.89471
57800 2.89508
57900 2.89545
58000 2.89582
58000 2.89582
58100 2.89619
58200 2.89656
58300 2.89693
58400 2.8973
58500 2.89767
58600 2.89804
58700 2.89841
58800 2.89878
58900 2.89914
59000 2.89951
59000 2.89951
59100 2.89988
59200 2.90025
59300 2.90061
59386 2.90093
59386 2.90093
59392 2.89797
59392 2.89797
59394 2.89299
59394 2.89299
59394 2.89299
59394 2.89299
59400 2.89301
59500 2.89339
59600 2.89376
59700 2.89413
59800 2.89451
59900 2.89488
60000 2.89525
60000 2.89525
60082 2.89556
60082 2.89556
60082 2.89556
60082 2.89556
60082 2.89556
60086 2.87632
60086 2.87632
60086 2.87624
60086 2.87624
60087 2.87381
60087 2.87381
60087 2.87381
60087 2.87381
60100 2.87386
60200 2.87426
60300 2.87465
60400 2.87504
60500 2.87543
60600 2.87581
60700 2.8762
60800 2.87659
60900 2.87698
61000 2.87737
61000 2.87737
61100 2.87776
61200 2.87814
61300 2.87853
61400 2.87892
61434 2.87905
61434 2.87905
61440 2.87612
61440 2.87612
61442 2.8705
61442 2.8705
61442 2.8705
61442 2.8705
61500 2.87072
61600 2.87112
61700 2.87151
61800 2.8719
61900 2.8723
62000 2.87269
62000 2.87269
62100 2.87308
62200 2.87347
62300 2.87386
62400 2.87426
62500 2.87465
62600 2.87504
62700 2.87543
62800 2.87581
62900 2.8762
63000 2.87659
63000 2.87659
63100 2.87698
63200 2.87737
63300 2.87776
63400 2.87814
63482 2.87846
63482 2.87846
63488 2.87553
63488 2.87553
63500 2.87558
63600 2.87597
63700 2.87636
63800 2.87675
63900 2.87713
