0 3.03099
0 3.03099
0 3.03099
2 3.03099
2 3.03099
100 3.03099
200 3.03099
300 3.03099
400 3.03099
500 3.03099
600 3.03099
700 3.03099
800 3.03099
900 3.03099
1000 3.03099
1000 3.03099
1100 3.03099
1200 3.03099
1300 3.03099
1400 3.03099
1500 3.03099
1600 3.03099
1700 3.03099
1800 3.03099
1900 3.03099
2000 3.03099
2000 3.03099
2048 3.03099
2048 3.03099
2050 3.03099
2050 3.03099
2100 3.03099
2200 3.03099
2300 3.03099
2400 3.03099
2500 3.03099
2600 3.03099
2700 3.03099
2800 3.03099
2900 3.03099
3000 3.03099
3000 3.03099
3100 3.03099
3200 3.03099
3300 3.03099
3400 3.03099
3500 3.03099
3600 3.03099
3700 3.03099
3800 3.03099
3900 3.03099
4000 3.03099
4000 3.03099
4096 3.03099
4096 3.03099
4098 3.03099
4098 3.03099
4100 3.03099
4200 3.03099
4300 3.03099
4400 3.03099
4500 3.03099
4502 3.03099
4502 3.03099
4504 3.03099
4504 3.03099
4504 3.03099
4504 3.03099
4505 3.03099
4505 3.03099
4505 3.03099
4505 3.03099
4506 3.03099
4506 3.03099
4506 3.03099
4506 3.03099
4507 3.03099
4507 3.03099
4600 3.03099
4700 3.03099
4800 3.03099
4900 3.03099
5000 3.03099
5000 3.03099
5100 3.03099
5200 3.03099
5300 3.03099
5400 3.03099
5500 3.03099
5600 3.03099
5700 3.03099
5800 3.03099
5900 3.03099
6000 3.03099
6000 3.03099
6100 3.03099
6144 3.03099
6144 3.03099
6146 3.01364
6146 3.01364
6146 3.01364
6146 3.01364
6200 3.01411
6300 3.01499
6400 3.01586
6500 3.01673
6600 3.01759
6700 3.01845
6800 3.01931
6900 3.02017
7000 3.02102
7000 3.02102
7100 3.02187
7200 3.02272
7300 3.02357
7400 3.02441
7500 3.02526
7600 3.02609
7700 3.02693
7800 3.02776
7900 3.0286
8000 3.02942
8000 3.02942
8100 3.03025
8186 3.03096
8186 3.03096
8192 3.02066
8192 3.02066
8194 3.00202
8194 3.00202
8194 3.00202
8194 3.00202
8200 3.00208
8300 3.00299
8400 3.00389
8500 3.0048
8600 3.0057
8700 3.0066
8800 3.00749
8900 3.00838
9000 3.00928
9000 3.00928
9100 3.01016
9200 3.01105
9300 3.01193
9400 3.01281
9500 3.01369
9600 3.01456
9700 3.01543
9800 3.0163
9900 3.01717
10000 3.01803
10000 3.01803
10082 3.01874
10082 3.01874
10082 3.01874
10082 3.01874
10082 3.01874
10086 2.95241
10086 2.95241
10086 2.95212
10086 2.95212
10087 2.94383
10087 2.94383
10087 2.94383
10087 2.94383
10100 2.94397
10200 2.94506
10234 2.94543
10234 2.94543
10240 2.93543
10240 2.93543
10242 2.91864
10242 2.91864
10242 2.91864
10242 2.91864
10300 2.91932
10400 2.92048
10500 2.92164
10600 2.9228
10700 2.92395
10800 2.9251
10900 2.92624
11000 2.92738
11000 2.92738
11100 2.92852
11200 2.92965
11300 2.93079
11400 2.93191
11500 2.93304
11600 2.93416
11700 2.93527
11800 2.93639
11900 2.9375
12000 2.93861
12000 2.93861
12100 2.93971
12200 2.94081
12282 2.94171
12282 2.94171
12288 2.93173
12288 2.93173
12290 2.91267
12290 2.91267
12290 2.91267
12290 2.91267
12300 2.91278
12400 2.91396
12500 2.91514
12600 2.91632
12700 2.91749
12800 2.91866
12900 2.91982
13000 2.92098
13000 2.92098
13100 2.92214
13200 2.9233
13300 2.92445
13400 2.92559
13500 2.92674
13600 2.92788
13700 2.92901
13800 2.93015
13900 2.93128
14000 2.9324
14000 2.9324
14100 2.93352
14200 2.93464
14300 2.93576
14330 2.9361
14330 2.9361
14336 2.92613
14336 2.92613
14400 2.92687
14500 2.928
14600 2.92914
14700 2.93027
14800 2.9314
14900 2.93253
15000 2.93365
15000 2.93365
15100 2.93477
15200 2.93588
15300 2.937
15400 2.9381
15500 2.93921
15600 2.94031
15700 2.94141
15800 2.94251
15900 2.9436
16000 2.94469
16000 2.94469
16100 2.94577
16200 2.94685
16300 2.94793
16378 2.94877
16378 2.94877
16384 2.93877
16384 2.93877
16386 2.92064
16386 2.92064
16386 2.92064
16386 2.92064
16400 2.9208
16500 2.92196
16600 2.92311
16700 2.92426
16800 2.92541
16900 2.92656
17000 2.9277
17000 2.9277
17100 2.92883
17200 2.92997
17300 2.9311
17400 2.93222
17500 2.93335
17600 2.93447
17700 2.93558
17800 2.9367
17900 2.9378
18000 2.93891
18000 2.93891
18100 2.94001
18200 2.94111
18300 2.94221
18400 2.9433
18426 2.94359
18426 2.94359
18432 2.9336
18432 2.9336
18434 2.91682
18434 2.91682
18434 2.91682
18434 2.91682
18500 2.91759
18600 2.91876
18700 2.91992
18800 2.92108
18900 2.92224
19000 2.92339
19000 2.92339
19100 2.92454
19200 2.92569
19300 2.92683
19400 2.92797
19500 2.92911
19600 2.93024
19700 2.93137
19800 2.9325
19900 2.93362
20000 2.93474
20000 2.93474
20082 2.93566
20082 2.93566
20082 2.93566
20082 2.93566
20082 2.93566
20086 2.87117
20086 2.87117
20086 2.87089
20086 2.87089
20087 2.86283
20087 2.86283
20087 2.86283
20087 2.86283
20100 2.863
20200 2.86433
20300 2.86566
20400 2.86699
20474 2.86797
20474 2.86797
20480 2.85825
20480 2.85825
20482 2.83967
20482 2.83967
20482 2.83967
20482 2.83967
20500 2.83992
20600 2.84133
20700 2.84273
20800 2.84412
20900 2.84552
21000 2.8469
21000 2.8469
21100 2.84829
21200 2.84967
21300 2.85104
21400 2.85242
21500 2.85378
21600 2.85515
21700 2.8565
21800 2.85786
21900 2.85921
22000 2.86056
22000 2.86056
22100 2.8619
22200 2.86324
22300 2.86457
22400 2.8659
22500 2.86723
22522 2.86752
22522 2.86752
22528 2.8578
22528 2.8578
22600 2.85878
22700 2.86013
22800 2.86147
22900 2.86281
23000 2.86414
23000 2.86414
23100 2.86547
23200 2.8668
23300 2.86812
23400 2.86944
23500 2.87076
23600 2.87207
23700 2.87338
23800 2.87468
23900 2.87598
24000 2.87727
24000 2.87727
24100 2.87856
24200 2.87985
24300 2.88114
24400 2.88241
24500 2.88369
24570 2.88459
24570 2.88459
24576 2.87481
24576 2.87481
24578 2.85708
24578 2.85708
24578 2.85708
24578 2.85708
24600 2.85738
24700 2.85873
24800 2.86008
24900 2.86142
25000 2.86276
25000 2.86276
25100 2.8641
25200 2.86543
25300 2.86675
25400 2.86808
25500 2.8694
25600 2.87071
25700 2.87202
25800 2.87333
25900 2.87463
26000 2.87593
26000 2.87593
26100 2.87723
26200 2.87852
26300 2.87981
26400 2.88109
26500 2.88237
26600 2.88364
26618 2.88388
26618 2.88388
26624 2.8741
26624 2.8741
26626 2.85767
26626 2.85767
26626 2.85767
26626 2.85767
26700 2.85867
26800 2.86001
26900 2.86136
27000 2.8627
27000 2.8627
27100 2.86403
27200 2.86537
27300 2.86669
27400 2.86802
27500 2.86934
27600 2.87065
27700 2.87196
27800 2.87327
27900 2.87457
28000 2.87587
28000 2.87587
28100 2.87717
28200 2.87846
28300 2.87975
28400 2.88103
28500 2.88231
28600 2.88359
28666 2.88443
28666 2.88443
28672 2.87465
28672 2.87465
28674 2.85693
28674 2.85693
28674 2.85693
28674 2.85693
28700 2.85728
28800 2.85863
28900 2.85998
29000 2.86132
29000 2.86132
29100 2.86266
29200 2.864
29300 2.86533
29400 2.86666
29500 2.86798
29600 2.8693
29700 2.87061
29800 2.87193
29900 2.87323
30000 2.87454
30000 2.87454
30082 2.87561
30082 2.87561
30082 2.87561
30082 2.87561
30082 2.87561
30086 2.81244
30086 2.81244
30086 2.81217
30086 2.81217
30087 2.80428
30087 2.80428
30087 2.80428
30087 2.80428
30100 2.80447
30200 2.80598
30300 2.80749
30400 2.80899
30500 2.81049
30600 2.81199
30700 2.81348
30714 2.81369
30714 2.81369
30720 2.80417
30720 2.80417
30722 2.78814
30722 2.78814
30722 2.78814
30722 2.78814
30800 2.78936
30900 2.79092
31000 2.79247
31000 2.79247
31100 2.79402
31200 2.79557
31300 2.79711
31400 2.79865
31500 2.80018
31600 2.8017
31700 2.80323
31800 2.80474
31900 2.80626
32000 2.80776
32000 2.80776
32100 2.80927
32200 2.81077
32300 2.81226
32400 2.81375
32500 2.81524
32600 2.81672
32700 2.81819
32762 2.81911
32762 2.81911
32768 2.80957
32768 2.80957
32770 2.79131
32770 2.79131
32770 2.79131
32770 2.79131
32800 2.79177
32900 2.79332
33000 2.79487
33000 2.79487
33100 2.79641
33200 2.79795
33300 2.79949
33400 2.80101
33500 2.80254
33600 2.80406
33700 2.80557
33800 2.80708
33900 2.80859
34000 2.81009
34000 2.81009
34100 2.81159
34200 2.81308
34300 2.81457
34400 2.81605
34500 2.81753
34600 2.819
34700 2.82047
34800 2.82193
34810 2.82209
34810 2.82209
34816 2.81253
34816 2.81253
34900 2.81378
35000 2.81527
35000 2.81527
35100 2.81675
35200 2.81823
35300 2.8197
35400 2.82116
35500 2.82263
35600 2.82408
35700 2.82554
35800 2.82699
35900 2.82843
36000 2.82987
36000 2.82987
36100 2.83131
36200 2.83274
36300 2.83417
36400 2.83559
36500 2.83701
36600 2.83842
36700 2.83983
36800 2.84124
36858 2.84206
36858 2.84206
36864 2.83243
36864 2.83243
36866 2.81497
36866 2.81497
36866 2.81497
36866 2.81497
36900 2.81547
37000 2.81695
37000 2.81695
37100 2.81843
37200 2.8199
37300 2.82136
37400 2.82283
37500 2.82428
37600 2.82574
37700 2.82719
37800 2.82863
37900 2.83007
38000 2.8315
38000 2.8315
38100 2.83294
38200 2.83436
38300 2.83578
38400 2.8372
38500 2.83862
38600 2.84003
38700 2.84143
38800 2.84283
38900 2.84423
38906 2.84432
38906 2.84432
38912 2.83468
38912 2.83468
38914 2.81847
38914 2.81847
38914 2.81847
38914 2.81847
39000 2.81974
39000 2.81974
39100 2.82121
39200 2.82267
39300 2.82413
39400 2.82558
39500 2.82703
39600 2.82847
39700 2.82991
39800 2.83135
39900 2.83278
40000 2.83421
40000 2.83421
40082 2.83539
40082 2.83539
40082 2.83539
40082 2.83539
40082 2.83539
40086 2.7731
40086 2.7731
40086 2.77284
40086 2.77284
40087 2.76505
40087 2.76505
40087 2.76505
40087 2.76505
40100 2.76526
40200 2.76689
40300 2.76852
40400 2.77015
40500 2.77176
40600 2.77338
40700 2.77499
40800 2.77659
40900 2.77819
40954 2.77906
40954 2.77906
40960 2.76966
40960 2.76966
40962 2.75166
40962 2.75166
40962 2.75166
40962 2.75166
41000 2.75229
41000 2.75229
41100 2.75397
41200 2.75563
41300 2.7573
41400 2.75895
41500 2.76061
41600 2.76225
41700 2.7639
41800 2.76553
41900 2.76717
42000 2.76879
42000 2.76879
42100 2.77042
42200 2.77204
42300 2.77365
42400 2.77526
42500 2.77686
42600 2.77846
42700 2.78005
42800 2.78164
42900 2.78322
43000 2.7848
43000 2.7848
43002 2.78484
43002 2.78484
43008 2.77542
43008 2.77542
43100 2.77689
43200 2.77849
43300 2.78008
43400 2.78167
43500 2.78325
43600 2.78483
43700 2.78641
43800 2.78797
43900 2.78954
44000 2.7911
44000 2.7911
44100 2.79265
44200 2.7942
44300 2.79575
44400 2.79729
44500 2.79882
44600 2.80035
44700 2.80188
44800 2.8034
44900 2.80492
45000 2.80643
45000 2.80643
45050 2.80719
45050 2.80719
45056 2.79769
45056 2.79769
45058 2.78045
45058 2.78045
45058 2.78045
45058 2.78045
45100 2.78111
45200 2.7827
45300 2.78428
45400 2.78585
45500 2.78742
45600 2.78899
45700 2.79055
45800 2.7921
45900 2.79366
46000 2.7952
46000 2.7952
46100 2.79674
46200 2.79828
46300 2.79981
46400 2.80134
46500 2.80287
46600 2.80438
46700 2.8059
46800 2.80741
46900 2.80891
47000 2.81041
47000 2.81041
47098 2.81188
47098 2.81188
47100 2.80918
47104 2.80237
47104 2.80237
47106 2.78634
47106 2.78634
47106 2.78634
47106 2.78634
47200 2.78782
47300 2.78938
47400 2.79094
47500 2.7925
47600 2.79405
47700 2.79559
47800 2.79713
47900 2.79867
48000 2.8002
48000 2.8002
48100 2.80173
48200 2.80325
48300 2.80477
48400 2.80628
48500 2.80779
48600 2.80929
48700 2.81079
48800 2.81229
48900 2.81378
49000 2.81526
49000 2.81526
49100 2.81674
49146 2.81743
49146 2.81743
49152 2.80789
49152 2.80789
49154 2.79058
49154 2.79058
49154 2.79058
49154 2.79058
49200 2.79129
49300 2.79285
49400 2.7944
49500 2.79594
49600 2.79748
49700 2.79902
49800 2.80055
49900 2.80207
50000 2.80359
50000 2.80359
50082 2.80485
50082 2.80485
50082 2.80485
50082 2.80485
50082 2.80485
50086 2.74324
50086 2.74324
50086 2.74298
50086 2.74298
50087 2.73528
50087 2.73528
50087 2.73528
50087 2.73528
50100 2.7355
50200 2.73722
50300 2.73894
50400 2.74065
50500 2.74236
50600 2.74407
50700 2.74576
50800 2.74746
50900 2.74915
51000 2.75083
51000 2.75083
51100 2.75251
51194 2.75409
51194 2.75409
51200 2.74477
51200 2.74477
51200 2.74477
51202 2.72909
51202 2.72909
51202 2.72909
51202 2.72909
51300 2.7308
51400 2.73253
51500 2.73427
51600 2.736
51700 2.73772
51800 2.73944
51900 2.74115
52000 2.74286
52000 2.74286
52100 2.74456
52200 2.74626
52300 2.74795
52400 2.74963
52500 2.75131
52600 2.75299
52700 2.75466
52800 2.75633
52900 2.75799
53000 2.75964
53000 2.75964
53100 2.76129
53200 2.76294
53242 2.76364
53242 2.76364
53248 2.75429
53248 2.75429
53250 2.7364
53250 2.7364
53250 2.7364
53250 2.7364
53300 2.73725
53400 2.73897
53500 2.74068
53600 2.74239
53700 2.7441
53800 2.74579
53900 2.74749
54000 2.74918
54000 2.74918
54100 2.75086
54200 2.75254
54300 2.75421
54400 2.75587
54500 2.75754
54600 2.75919
54700 2.76085
54800 2.76249
54900 2.76413
55000 2.76577
55000 2.76577
55100 2.7674
55200 2.76903
55290 2.7705
55290 2.7705
55296 2.76113
55296 2.76113
55300 2.76119
55400 2.76284
55500 2.76448
55600 2.76612
55700 2.76775
55800 2.76937
55900 2.77099
56000 2.77261
56000 2.77261
56100 2.77422
56200 2.77583
56300 2.77743
56400 2.77902
56500 2.78062
56600 2.7822
56700 2.78378
56800 2.78536
56900 2.78693
57000 2.7885
57000 2.7885
57100 2.79006
57200 2.79162
57300 2.79317
57338 2.79377
57338 2.79377
57344 2.78432
57344 2.78432
57346 2.76716
57346 2.76716
57346 2.76716
57346 2.76716
57400 2.76803
57500 2.76966
57600 2.77128
57700 2.77289
57800 2.7745
57900 2.77611
58000 2.77771
58000 2.77771
58100 2.7793
58200 2.78089
58300 2.78248
58400 2.78406
58500 2.78564
58600 2.78721
58700 2.78877
58800 2.79033
58900 2.79189
59000 2.79344
59000 2.79344
59100 2.79499
59200 2.79653
59300 2.79807
59386 2.7994
59386 2.7994
59392 2.78992
59392 2.78992
59394 2.77397
59394 2.77397
59394 2.77397
59394 2.77397
59400 2.77407
59500 2.77568
59600 2.77728
59700 2.77888
59800 2.78047
59900 2.78205
60000 2.78364
60000 2.78364
60082 2.78494
60082 2.78494
60082 2.78494
60082 2.78494
60082 2.78494
60086 2.72378
60086 2.72378
60086 2.72351
60086 2.72351
60087 2.71587
60087 2.71587
60087 2.71587
60087 2.71587
60100 2.7161
60200 2.71788
60300 2.71966
60400 2.72143
60500 2.7232
60600 2.72496
60700 2.72672
60800 2.72847
60900 2.73021
61000 2.73195
61000 2.73195
61100 2.73369
61200 2.73542
61300 2.73714
61400 2.73886
61434 2.73945
61434 2.73945
61440 2.7302
61440 2.7302
61442 2.71246
61442 2.71246
61442 2.71246
61442 2.71246
61500 2.71349
61600 2.71529
61700 2.71707
61800 2.71885
61900 2.72063
62000 2.7224
62000 2.7224
62100 2.72416
62200 2.72592
62300 2.72768
62400 2.72942
62500 2.73117
62600 2.7329
62700 2.73464
62800 2.73636
62900 2.73809
63000 2.7398
63000 2.7398
63100 2.74151
63200 2.74322
63300 2.74492
63400 2.74662
63482 2.74801
63482 2.74801
63488 2.73872
63488 2.73872
63500 2.73893
63600 2.74064
63700 2.74235
63800 2.74405
63900 2.74575
