0 3.03099
0 3.03099
0 3.03099
2 3.03099
2 3.03099
100 3.03099
200 3.03099
300 3.03099
400 3.03099
500 3.03099
600 3.03099
700 3.03099
800 3.03099
900 3.03099
1000 3.03099
1000 3.03099
1100 3.03099
1200 3.03099
1300 3.03099
1400 3.03099
1500 3.03099
1600 3.03099
1700 3.03099
1800 3.03099
1900 3.03099
2000 3.03099
2000 3.03099
2048 3.03099
2048 3.03099
2050 3.03099
2050 3.03099
2100 3.03099
2200 3.03099
2300 3.03099
2400 3.03099
2500 3.03099
2600 3.03099
2700 3.03099
2800 3.03099
2900 3.03099
3000 3.03099
3000 3.03099
3100 3.03099
3200 3.03099
3300 3.03099
3400 3.03099
3500 3.03099
3600 3.03099
3700 3.03099
3800 3.03099
3900 3.03099
4000 3.03099
4000 3.03099
4096 3.03099
4096 3.03099
4098 3.03099
4098 3.03099
4100 3.03099
4200 3.03099
4300 3.03099
4400 3.03099
4500 3.03099
4502 3.03099
4502 3.03099
4504 3.03099
4504 3.03099
4504 3.03099
4504 3.03099
4505 3.03099
4505 3.03099
4505 3.03099
4505 3.03099
4506 3.03099
4506 3.03099
4506 3.03099
4506 3.03099
4507 3.03099
4507 3.03099
4600 3.03099
4700 3.03099
4800 3.03099
4900 3.03099
5000 3.03099
5000 3.03099
5100 3.03099
5200 3.03099
5300 3.03099
5400 3.03099
5500 3.03099
5600 3.03099
5700 3.03099
5800 3.03099
5900 3.03099
6000 3.03099
6000 3.03099
6100 3.03099
6144 3.03099
6144 3.03099
6146 3.02579
6146 3.02579
6146 3.02579
6146 3.02579
6200 3.02647
6300 3.02772
6400 3.02897
6500 3.03021
6600 3.03145
6700 3.03268
6800 3.0339
6900 3.03512
7000 3.03633
7000 3.03633
7100 3.03754
7200 3.03874
7300 3.03994
7400 3.04113
7500 3.04232
7600 3.0435
7700 3.04467
7800 3.04584
7900 3.04701
8000 3.04816
8000 3.04816
8100 3.04932
8186 3.05031
8186 3.05031
8192 3.04725
8192 3.04725
8194 3.04161
8194 3.04161
8194 3.04161
8194 3.04161
8200 3.04168
8300 3.04287
8400 3.04404
8500 3.04521
8600 3.04638
8700 3.04754
8800 3.0487
8900 3.04985
9000 3.051
9000 3.051
9100 3.05214
9200 3.05327
9300 3.0544
9400 3.05553
9500 3.05665
9600 3.05776
9700 3.05887
9800 3.05997
9900 3.06107
10000 3.06217
10000 3.06217
10082 3.06307
10082 3.06307
10082 3.06307
10082 3.06307
10082 3.06307
10086 3.04275
10086 3.04275
10086 3.04266
10086 3.04266
10087 3.0401
10087 3.0401
10087 3.0401
10087 3.0401
10100 3.04025
10200 3.04144
10234 3.04185
10234 3.04185
10240 3.0388
10240 3.0388
10242 3.03359
10242 3.03359
10242 3.03359
10242 3.03359
10300 3.0343
10400 3.03552
10500 3.03673
10600 3.03793
10700 3.03913
10800 3.04033
10900 3.04152
11000 3.0427
11000 3.0427
11100 3.04388
11200 3.04505
11300 3.04622
11400 3.04738
11500 3.04854
11600 3.04969
11700 3.05084
11800 3.05198
11900 3.05311
12000 3.05424
12000 3.05424
12100 3.05537
12200 3.05649
12282 3.05741
12282 3.05741
12288 3.05434
12288 3.05434
12290 3.04838
12290 3.04838
12290 3.04838
12290 3.04838
12300 3.04849
12400 3.04965
12500 3.05079
12600 3.05193
12700 3.05307
12800 3.0542
12900 3.05533
13000 3.05645
13000 3.05645
13100 3.05756
13200 3.05867
13300 3.05978
13400 3.06088
13500 3.06197
13600 3.06306
13700 3.06415
13800 3.06523
13900 3.0663
14000 3.06737
14000 3.06737
14100 3.06844
14200 3.0695
14300 3.07056
14330 3.07088
14330 3.07088
14336 3.06779
14336 3.06779
14400 3.06847
14500 3.06953
14600 3.07058
14700 3.07163
14800 3.07268
14900 3.07372
15000 3.07476
15000 3.07476
15100 3.07579
15200 3.07681
15300 3.07784
15400 3.07885
15500 3.07987
15600 3.08087
15700 3.08188
15800 3.08288
15900 3.08387
16000 3.08486
16000 3.08486
16100 3.08585
16200 3.08683
16300 3.0878
16378 3.08857
16378 3.08857
16384 3.08545
16384 3.08545
16386 3.07975
16386 3.07975
16386 3.07975
16386 3.07975
16400 3.07989
16500 3.08089
16600 3.0819
16700 3.0829
16800 3.08389
16900 3.08488
17000 3.08586
17000 3.08586
17100 3.08685
17200 3.08782
17300 3.08879
17400 3.08976
17500 3.09072
17600 3.09168
17700 3.09264
17800 3.09358
17900 3.09453
18000 3.09547
18000 3.09547
18100 3.09641
18200 3.09734
18300 3.09827
18400 3.09919
18426 3.09944
18426 3.09944
18432 3.09631
18432 3.09631
18434 3.091
18434 3.091
18434 3.091
18434 3.091
18500 3.09163
18600 3.09258
18700 3.09353
18800 3.09448
18900 3.09542
19000 3.09636
19000 3.09636
19100 3.09729
19200 3.09822
19300 3.09914
19400 3.10006
19500 3.10098
19600 3.10189
19700 3.10279
19800 3.1037
19900 3.1046
20000 3.10549
20000 3.10549
20082 3.10623
20082 3.10623
20082 3.10623
20082 3.10623
20082 3.10623
20086 3.08562
20086 3.08562
20086 3.08553
20086 3.08553
20087 3.08293
20087 3.08293
20087 3.08293
20087 3.08293
20100 3.08306
20200 3.08405
20300 3.08504
20400 3.08602
20474 3.08675
20474 3.08675
20480 3.08364
20480 3.08364
20482 3.07763
20482 3.07763
20482 3.07763
20482 3.07763
20500 3.07781
20600 3.07883
20700 3.07984
20800 3.08085
20900 3.08185
21000 3.08285
21000 3.08285
21100 3.08384
21200 3.08483
21300 3.08582
21400 3.0868
21500 3.08778
21600 3.08875
21700 3.08972
21800 3.09068
21900 3.09164
22000 3.09259
22000 3.09259
22100 3.09354
22200 3.09449
22300 3.09543
22400 3.09636
22500 3.0973
22522 3.09751
22522 3.09751
22528 3.09438
22528 3.09438
22600 3.09506
22700 3.096
22800 3.09693
22900 3.09786
23000 3.09879
23000 3.09879
23100 3.09971
23200 3.10063
23300 3.10154
23400 3.10245
23500 3.10335
23600 3.10425
23700 3.10515
23800 3.10604
23900 3.10693
24000 3.10781
24000 3.10781
24100 3.10869
24200 3.10957
24300 3.11044
24400 3.11131
24500 3.11217
24570 3.11278
24570 3.11278
24576 3.10964
24576 3.10964
24578 3.10388
24578 3.10388
24578 3.10388
24578 3.10388
24600 3.10408
24700 3.10498
24800 3.10587
24900 3.10676
25000 3.10764
25000 3.10764
25100 3.10852
25200 3.1094
25300 3.11027
25400 3.11114
25500 3.11201
25600 3.11287
25700 3.11372
25800 3.11458
25900 3.11543
26000 3.11627
26000 3.11627
26100 3.11711
26200 3.11795
26300 3.11878
26400 3.11961
26500 3.12044
26600 3.12126
26618 3.12141
26618 3.12141
26624 3.11826
26624 3.11826
26626 3.11291
26626 3.11291
26626 3.11291
26626 3.11291
26700 3.11354
26800 3.11439
26900 3.11524
27000 3.11609
27000 3.11609
27100 3.11693
27200 3.11777
27300 3.11861
27400 3.11944
27500 3.12026
27600 3.12109
27700 3.1219
27800 3.12272
27900 3.12353
28000 3.12434
28000 3.12434
28100 3.12514
28200 3.12595
28300 3.12674
28400 3.12754
28500 3.12833
28600 3.12911
28666 3.12963
28666 3.12963
28672 3.12647
28672 3.12647
28674 3.12068
28674 3.12068
28674 3.12068
28674 3.12068
28700 3.12089
28800 3.12171
28900 3.12253
29000 3.12334
29000 3.12334
29100 3.12415
29200 3.12495
29300 3.12576
29400 3.12655
29500 3.12735
29600 3.12814
29700 3.12893
29800 3.12971
29900 3.13049
30000 3.13127
30000 3.13127
30082 3.1319
30082 3.1319
30082 3.1319
30082 3.1319
30082 3.1319
30086 3.11112
30086 3.11112
30086 3.11103
30086 3.11103
30087 3.10841
30087 3.10841
30087 3.10841
30087 3.10841
30100 3.10852
30200 3.1094
30300 3.11027
30400 3.11114
30500 3.112
30600 3.11286
30700 3.11372
30714 3.11384
30714 3.11384
30720 3.1107
30720 3.1107
30722 3.10536
30722 3.10536
30722 3.10536
30722 3.10536
30800 3.10605
30900 3.10694
31000 3.10783
31000 3.10783
31100 3.10871
31200 3.10958
31300 3.11046
31400 3.11132
31500 3.11219
31600 3.11305
31700 3.1139
31800 3.11476
31900 3.1156
32000 3.11645
32000 3.11645
32100 3.11729
32200 3.11813
32300 3.11896
32400 3.11979
32500 3.12061
32600 3.12143
32700 3.12225
32762 3.12276
32762 3.12276
32768 3.1196
32768 3.1196
32770 3.11351
32770 3.11351
32770 3.11351
32770 3.11351
32800 3.11377
32900 3.11462
33000 3.11547
33000 3.11547
33100 3.11632
33200 3.11716
33300 3.11799
33400 3.11883
33500 3.11966
33600 3.12048
33700 3.1213
33800 3.12212
33900 3.12294
34000 3.12375
34000 3.12375
34100 3.12456
34200 3.12536
34300 3.12616
34400 3.12695
34500 3.12775
34600 3.12854
34700 3.12932
34800 3.1301
34810 3.13018
34810 3.13018
34816 3.12702
34816 3.12702
34900 3.12768
35000 3.12847
35000 3.12847
35100 3.12926
35200 3.13004
35300 3.13082
35400 3.13159
35500 3.13236
35600 3.13313
35700 3.1339
35800 3.13466
35900 3.13541
36000 3.13617
36000 3.13617
36100 3.13692
36200 3.13766
36300 3.13841
36400 3.13915
36500 3.13988
36600 3.14062
36700 3.14135
36800 3.14207
36858 3.1425
36858 3.1425
36864 3.13931
36864 3.13931
36866 3.1335
36866 3.1335
36866 3.1335
36866 3.1335
36900 3.13376
37000 3.13452
37000 3.13452
37100 3.13528
37200 3.13603
37300 3.13678
37400 3.13753
37500 3.13827
37600 3.13901
37700 3.13975
37800 3.14049
37900 3.14122
38000 3.14194
38000 3.14194
38100 3.14267
38200 3.14339
38300 3.1441
38400 3.14482
38500 3.14553
38600 3.14624
38700 3.14694
38800 3.14764
38900 3.14834
38906 3.14838
38906 3.14838
38912 3.14519
38912 3.14519
38914 3.13979
38914 3.13979
38914 3.13979
38914 3.13979
39000 3.14042
39000 3.14042
39100 3.14115
39200 3.14188
39300 3.14261
39400 3.14333
39500 3.14404
39600 3.14476
39700 3.14547
39800 3.14618
39900 3.14688
40000 3.14758
40000 3.14758
40082 3.14816
40082 3.14816
40082 3.14816
40082 3.14816
40082 3.14816
40086 3.12726
40086 3.12726
40086 3.12717
40086 3.12717
40087 3.12454
40087 3.12454
40087 3.12454
40087 3.12454
40100 3.12464
40200 3.12544
40300 3.12624
40400 3.12704
40500 3.12783
40600 3.12862
40700 3.1294
40800 3.13018
40900 3.13096
40954 3.13138
40954 3.13138
40960 3.12821
40960 3.12821
40962 3.12211
40962 3.12211
40962 3.12211
40962 3.12211
41000 3.12242
41000 3.12242
41100 3.12323
41200 3.12404
41300 3.12484
41400 3.12565
41500 3.12644
41600 3.12724
41700 3.12803
41800 3.12882
41900 3.1296
42000 3.13038
42000 3.13038
42100 3.13116
42200 3.13193
42300 3.1327
42400 3.13347
42500 3.13423
42600 3.13499
42700 3.13574
42800 3.1365
42900 3.13725
43000 3.13799
43000 3.13799
43002 3.13801
43002 3.13801
43008 3.13483
43008 3.13483
43100 3.13553
43200 3.13628
43300 3.13703
43400 3.13778
43500 3.13852
43600 3.13926
43700 3.14
43800 3.14073
43900 3.14146
44000 3.14218
44000 3.14218
44100 3.14291
44200 3.14363
44300 3.14434
44400 3.14505
44500 3.14576
44600 3.14647
44700 3.14717
44800 3.14787
44900 3.14857
45000 3.14926
45000 3.14926
45050 3.14961
45050 3.14961
45056 3.14642
45056 3.14642
45058 3.14059
45058 3.14059
45058 3.14059
45058 3.14059
45100 3.1409
45200 3.14163
45300 3.14235
45400 3.14307
45500 3.14379
45600 3.14451
45700 3.14522
45800 3.14593
45900 3.14663
46000 3.14734
46000 3.14734
46100 3.14804
46200 3.14873
46300 3.14942
46400 3.15011
46500 3.1508
46600 3.15148
46700 3.15216
46800 3.15284
46900 3.15351
47000 3.15418
47000 3.15418
47098 3.15484
47098 3.15484
47100 3.15393
47104 3.15164
47104 3.15164
47106 3.14623
47106 3.14623
47106 3.14623
47106 3.14623
47200 3.14689
47300 3.14759
47400 3.14829
47500 3.14899
47600 3.14968
47700 3.15037
47800 3.15105
47900 3.15173
48000 3.15241
48000 3.15241
48100 3.15309
48200 3.15376
48300 3.15443
48400 3.1551
48500 3.15576
48600 3.15642
48700 3.15708
48800 3.15773
48900 3.15838
49000 3.15903
49000 3.15903
49100 3.15968
49146 3.15998
49146 3.15998
49152 3.15677
49152 3.15677
49154 3.15093
49154 3.15093
49154 3.15093
49154 3.15093
49200 3.15124
49300 3.15192
49400 3.1526
49500 3.15327
49600 3.15394
49700 3.15461
49800 3.15528
49900 3.15594
50000 3.1566
50000 3.1566
50082 3.15714
50082 3.15714
50082 3.15714
50082 3.15714
50082 3.15714
50086 3.13618
50086 3.13618
50086 3.13609
50086 3.13609
50087 3.13345
50087 3.13345
50087 3.13345
50087 3.13345
50100 3.13355
50200 3.13431
50300 3.13507
50400 3.13583
50500 3.13658
50600 3.13733
50700 3.13807
50800 3.13881
50900 3.13955
51000 3.14028
51000 3.14028
51100 3.14102
51194 3.1417
51194 3.1417
51200 3.13852
51200 3.13852
51200 3.13852
51202 3.13313
51202 3.13313
51202 3.13313
51202 3.13313
51300 3.13388
51400 3.13464
51500 3.1354
51600 3.13615
51700 3.1369
51800 3.13765
51900 3.13839
52000 3.13913
52000 3.13913
52100 3.13987
52200 3.1406
52300 3.14133
52400 3.14206
52500 3.14278
52600 3.1435
52700 3.14422
52800 3.14493
52900 3.14564
53000 3.14635
53000 3.14635
53100 3.14705
53200 3.14775
53242 3.14805
53242 3.14805
53248 3.14486
53248 3.14486
53250 3.13872
53250 3.13872
53250 3.13872
53250 3.13872
53300 3.13909
53400 3.13982
53500 3.14056
53600 3.14129
53700 3.14201
53800 3.14274
53900 3.14346
54000 3.14417
54000 3.14417
54100 3.14489
54200 3.1456
54300 3.14631
54400 3.14701
54500 3.14771
54600 3.14841
54700 3.1491
54800 3.14979
54900 3.15048
55000 3.15116
55000 3.15116
55100 3.15185
55200 3.15252
55290 3.15314
55290 3.15314
55296 3.14994
55296 3.14994
55300 3.14997
55400 3.15065
55500 3.15134
55600 3.15202
55700 3.1527
55800 3.15337
55900 3.15404
56000 3.15471
56000 3.15471
56100 3.15538
56200 3.15604
56300 3.1567
56400 3.15735
56500 3.15801
56600 3.15866
56700 3.1593
56800 3.15995
56900 3.16059
57000 3.16123
57000 3.16123
57100 3.16186
57200 3.1625
57300 3.16313
57338 3.16337
57338 3.16337
57344 3.16016
57344 3.16016
57346 3.1543
57346 3.1543
57346 3.1543
57346 3.1543
57400 3.15466
57500 3.15533
57600 3.15599
57700 3.15665
57800 3.15731
57900 3.15796
58000 3.15861
58000 3.15861
58100 3.15926
58200 3.1599
58300 3.16054
58400 3.16118
58500 3.16182
58600 3.16245
58700 3.16308
58800 3.16371
58900 3.16433
59000 3.16495
59000 3.16495
59100 3.16557
59200 3.16619
59300 3.1668
59386 3.16733
59386 3.16733
59392 3.16411
59392 3.16411
59394 3.15868
59394 3.15868
59394 3.15868
59394 3.15868
59400 3.15872
59500 3.15936
59600 3.16001
59700 3.16065
59800 3.16129
59900 3.16192
60000 3.16255
60000 3.16255
60082 3.16307
60082 3.16307
60082 3.16307
60082 3.16307
60082 3.16307
60086 3.14207
60086 3.14207
60086 3.14198
60086 3.14198
60087 3.13934
60087 3.13934
60087 3.13934
60087 3.13934
60100 3.13943
60200 3.14016
60300 3.1409
60400 3.14163
60500 3.14235
60600 3.14307
60700 3.14379
60800 3.14451
60900 3.14522
61000 3.14593
61000 3.14593
61100 3.14663
61200 3.14733
61300 3.14803
61400 3.14873
61434 3.14897
61434 3.14897
61440 3.14578
61440 3.14578
61442 3.13963
61442 3.13963
61442 3.13963
61442 3.13963
61500 3.14006
61600 3.14079
61700 3.14152
61800 3.14225
61900 3.14297
62000 3.14369
62000 3.14369
62100 3.1444
62200 3.14512
62300 3.14582
62400 3.14653
62500 3.14723
62600 3.14793
62700 3.14863
62800 3.14932
62900 3.15001
63000 3.1507
63000 3.1507
63100 3.15138
63200 3.15206
63300 3.15274
63400 3.15342
63482 3.15397
63482 3.15397
63488 3.15077
63488 3.15077
63500 3.15085
63600 3.15154
63700 3.15222
63800 3.15289
63900 3.15357
