0 3.03099
0 3.03099
0 3.03099
2 3.03099
2 3.03099
100 3.03099
200 3.03099
300 3.03099
400 3.03099
500 3.03099
600 3.03099
700 3.03099
800 3.03099
900 3.03099
1000 3.03099
1000 3.03099
1100 3.03099
1200 3.03099
1300 3.03099
1400 3.03099
1500 3.03099
1600 3.03099
1700 3.03099
1800 3.03099
1900 3.03099
2000 3.03099
2000 3.03099
2048 3.03099
2048 3.03099
2050 3.03099
2050 3.03099
2100 3.03099
2200 3.03099
2300 3.03099
2400 3.03099
2500 3.03099
2600 3.03099
2700 3.03099
2800 3.03099
2900 3.03099
3000 3.03099
3000 3.03099
3100 3.03099
3200 3.03099
3300 3.03099
3400 3.03099
3500 3.03099
3600 3.03099
3700 3.03099
3800 3.03099
3900 3.03099
4000 3.03099
4000 3.03099
4096 3.03099
4096 3.03099
4098 3.03099
4098 3.03099
4100 3.03099
4200 3.03099
4300 3.03099
4400 3.03099
4500 3.03099
4502 3.03099
4502 3.03099
4504 3.03099
4504 3.03099
4504 3.03099
4504 3.03099
4505 3.03099
4505 3.03099
4505 3.03099
4505 3.03099
4506 3.03099
4506 3.03099
4506 3.03099
4506 3.03099
4507 3.03099
4507 3.03099
4600 3.03099
4700 3.03099
4800 3.03099
4900 3.03099
5000 3.03099
5000 3.03099
5100 3.03099
5200 3.03099
5300 3.03099
5400 3.03099
5500 3.03099
5600 3.03099
5700 3.03099
5800 3.03099
5900 3.03099
6000 3.03099
6000 3.03099
6100 3.03099
6144 3.03099
6144 3.03099
6146 3.01371
6146 3.01371
6146 3.01371
6146 3.01371
6200 3.01607
6300 3.02038
6400 3.02462
6500 3.0288
6600 3.03292
6700 3.03698
6800 3.04097
6900 3.04491
7000 3.04878
7000 3.04878
7100 3.05259
7200 3.05635
7300 3.06005
7400 3.06369
7500 3.06728
7600 3.07082
7700 3.0743
7800 3.07772
7900 3.0811
8000 3.08442
8000 3.08442
8100 3.08769
8186 3.09048
8186 3.09048
8192 3.08011
8192 3.08011
8194 3.06117
8194 3.06117
8194 3.06117
8194 3.06117
8200 3.06138
8300 3.065
8400 3.06857
8500 3.07208
8600 3.07555
8700 3.07895
8800 3.08231
8900 3.08562
9000 3.08887
9000 3.08887
9100 3.09208
9200 3.09523
9300 3.09834
9400 3.1014
9500 3.10442
9600 3.10739
9700 3.11031
9800 3.11319
9900 3.11603
10000 3.11882
10000 3.11882
10082 3.1211
10082 3.1211
10082 3.1211
10082 3.1211
10082 3.1211
10086 3.0526
10086 3.0526
10086 3.05231
10086 3.05231
10087 3.04376
10087 3.04376
10087 3.04376
10087 3.04376
10100 3.04426
10200 3.04814
10234 3.04946
10234 3.04946
10240 3.03927
10240 3.03927
10242 3.02194
10242 3.02194
10242 3.02194
10242 3.02194
10300 3.0244
10400 3.02858
10500 3.0327
10600 3.03676
10700 3.04076
10800 3.0447
10900 3.04857
11000 3.05239
11000 3.05239
11100 3.05615
11200 3.05985
11300 3.0635
11400 3.06709
11500 3.07063
11600 3.07411
11700 3.07754
11800 3.08092
11900 3.08424
12000 3.08752
12000 3.08752
12100 3.09075
12200 3.09392
12282 3.09651
12282 3.09651
12288 3.08611
12288 3.08611
12290 3.06609
12290 3.06609
12290 3.06609
12290 3.06609
12300 3.06644
12400 3.06999
12500 3.07348
12600 3.07692
12700 3.0803
12800 3.08364
12900 3.08693
13000 3.09016
13000 3.09016
13100 3.09335
13200 3.09648
13300 3.09958
13400 3.10262
13500 3.10562
13600 3.10857
13700 3.11147
13800 3.11434
13900 3.11715
14000 3.11993
14000 3.11993
14100 3.12266
14200 3.12536
14300 3.12801
14330 3.12881
14330 3.12881
14336 3.11827
14336 3.11827
14400 3.12004
14500 3.12278
14600 3.12547
14700 3.12812
14800 3.13073
14900 3.1333
15000 3.13583
15000 3.13583
15100 3.13832
15200 3.14077
15300 3.14319
15400 3.14557
15500 3.14792
15600 3.15023
15700 3.1525
15800 3.15474
15900 3.15694
16000 3.15912
16000 3.15912
16100 3.16126
16200 3.16336
16300 3.16544
16378 3.16704
16378 3.16704
16384 3.15634
16384 3.15634
16386 3.1369
16386 3.1369
16386 3.1369
16386 3.1369
16400 3.13725
16500 3.13972
16600 3.14215
16700 3.14455
16800 3.14691
16900 3.14923
17000 3.15152
17000 3.15152
17100 3.15377
17200 3.15599
17300 3.15818
17400 3.16033
17500 3.16245
17600 3.16454
17700 3.1666
17800 3.16862
17900 3.17062
18000 3.17258
18000 3.17258
18100 3.17452
18200 3.17642
18300 3.1783
18400 3.18014
18426 3.18063
18426 3.18063
18432 3.16987
18432 3.16987
18434 3.15176
18434 3.15176
18434 3.15176
18434 3.15176
18500 3.15325
18600 3.15548
18700 3.15767
18800 3.15983
18900 3.16196
19000 3.16405
19000 3.16405
19100 3.16612
19200 3.16815
19300 3.17015
19400 3.17212
19500 3.17406
19600 3.17598
19700 3.17786
19800 3.17971
19900 3.18154
20000 3.18334
20000 3.18334
20082 3.1848
20082 3.1848
20082 3.1848
20082 3.1848
20082 3.1848
20086 3.11487
20086 3.11487
20086 3.11457
20086 3.11457
20087 3.10584
20087 3.10584
20087 3.10584
20087 3.10584
20100 3.10621
20200 3.10916
20300 3.11205
20400 3.11491
20474 3.117
20474 3.117
20480 3.10652
20480 3.10652
20482 3.08636
20482 3.08636
20482 3.08636
20482 3.08636
20500 3.08694
20600 3.09017
20700 3.09336
20800 3.0965
20900 3.09959
21000 3.10263
21000 3.10263
21100 3.10563
21200 3.10858
21300 3.11148
21400 3.11435
21500 3.11717
21600 3.11994
21700 3.12268
21800 3.12537
21900 3.12802
22000 3.13063
22000 3.13063
22100 3.1332
22200 3.13573
22300 3.13823
22400 3.14068
22500 3.1431
22522 3.14364
22522 3.14364
22528 3.13304
22528 3.13304
22600 3.13487
22700 3.13738
22800 3.13985
22900 3.14228
23000 3.14467
23000 3.14467
23100 3.14703
23200 3.14935
23300 3.15164
23400 3.15389
23500 3.15611
23600 3.1583
23700 3.16045
23800 3.16257
23900 3.16465
24000 3.16671
24000 3.16671
24100 3.16873
24200 3.17072
24300 3.17269
24400 3.17462
24500 3.17652
24570 3.17785
24570 3.17785
24576 3.1671
24576 3.1671
24578 3.14759
24578 3.14759
24578 3.14759
24578 3.14759
24600 3.1481
24700 3.1504
24800 3.15268
24900 3.15491
25000 3.15711
25000 3.15711
25100 3.15928
25200 3.16142
25300 3.16352
25400 3.1656
25500 3.16764
25600 3.16965
25700 3.17162
25800 3.17357
25900 3.17549
26000 3.17738
26000 3.17738
26100 3.17924
26200 3.18108
26300 3.18288
26400 3.18466
26500 3.18641
26600 3.18814
26618 3.18845
26618 3.18845
26624 3.17766
26624 3.17766
26626 3.1595
26626 3.1595
26626 3.1595
26626 3.1595
26700 3.16108
26800 3.16319
26900 3.16527
27000 3.16731
27000 3.16731
27100 3.16933
27200 3.17131
27300 3.17326
27400 3.17519
27500 3.17708
27600 3.17895
27700 3.18079
27800 3.1826
27900 3.18438
28000 3.18613
28000 3.18613
28100 3.18786
28200 3.18956
28300 3.19124
28400 3.19289
28500 3.19452
28600 3.19612
28666 3.19717
28666 3.19717
28672 3.18634
28672 3.18634
28674 3.16671
28674 3.16671
28674 3.16671
28674 3.16671
28700 3.16723
28800 3.16925
28900 3.17123
29000 3.17319
29000 3.17319
29100 3.17511
29200 3.17701
29300 3.17887
29400 3.18071
29500 3.18252
29600 3.18431
29700 3.18606
29800 3.18779
29900 3.1895
30000 3.19117
30000 3.19117
30082 3.19254
30082 3.19254
30082 3.19254
30082 3.19254
30082 3.19254
30086 3.12243
30086 3.12243
30086 3.12213
30086 3.12213
30087 3.11338
30087 3.11338
30087 3.11338
30087 3.11338
30100 3.11374
30200 3.11657
30300 3.11935
30400 3.12209
30500 3.1248
30600 3.12746
30700 3.13007
30714 3.13045
30714 3.13045
30720 3.11991
30720 3.11991
30722 3.1021
30722 3.1021
30722 3.1021
30722 3.1021
30800 3.10444
30900 3.10741
31000 3.11034
31000 3.11034
31100 3.11322
31200 3.11605
31300 3.11884
31400 3.1216
31500 3.1243
31600 3.12697
31700 3.1296
31800 3.13219
31900 3.13473
32000 3.13724
32000 3.13724
32100 3.13971
32200 3.14215
32300 3.14454
32400 3.1469
32500 3.14923
32600 3.15152
32700 3.15377
32762 3.15516
32762 3.15516
32768 3.14452
32768 3.14452
32770 3.1241
32770 3.1241
32770 3.1241
32770 3.1241
32800 3.12489
32900 3.12755
33000 3.13017
33000 3.13017
33100 3.13275
33200 3.13529
33300 3.13779
33400 3.14025
33500 3.14268
33600 3.14507
33700 3.14742
33800 3.14973
33900 3.15202
34000 3.15426
34000 3.15426
34100 3.15648
34200 3.15865
34300 3.1608
34400 3.16291
34500 3.16499
34600 3.16704
34700 3.16906
34800 3.17105
34810 3.17126
34810 3.17126
34816 3.16054
34816 3.16054
34900 3.16232
35000 3.16441
35000 3.16441
35100 3.16647
35200 3.1685
35300 3.17049
35400 3.17246
35500 3.1744
35600 3.1763
35700 3.17818
35800 3.18003
35900 3.18185
36000 3.18364
36000 3.18364
36100 3.18541
36200 3.18715
36300 3.18886
36400 3.19055
36500 3.19221
36600 3.19385
36700 3.19546
36800 3.19705
36858 3.19796
36858 3.19796
36864 3.18713
36864 3.18713
36866 3.16749
36866 3.16749
36866 3.16749
36866 3.16749
36900 3.16817
37000 3.17017
37000 3.17017
37100 3.17215
37200 3.17409
37300 3.176
37400 3.17788
37500 3.17973
37600 3.18156
37700 3.18336
37800 3.18513
37900 3.18687
38000 3.18859
38000 3.18859
38100 3.19028
38200 3.19195
38300 3.19359
38400 3.1952
38500 3.19679
38600 3.19836
38700 3.1999
38800 3.20142
38900 3.20292
38906 3.20301
38906 3.20301
38912 3.19216
38912 3.19216
38914 3.17391
38914 3.17391
38914 3.17391
38914 3.17391
39000 3.17556
39000 3.17556
39100 3.17745
39200 3.17931
39300 3.18114
39400 3.18295
39500 3.18472
39600 3.18647
39700 3.1882
39800 3.18989
39900 3.19157
40000 3.19321
40000 3.19321
40082 3.19455
40082 3.19455
40082 3.19455
40082 3.19455
40082 3.19455
40086 3.1244
40086 3.1244
40086 3.1241
40086 3.1241
40087 3.11534
40087 3.11534
40087 3.11534
40087 3.11534
40100 3.1157
40200 3.11849
40300 3.12125
40400 3.12396
40500 3.12664
40600 3.12927
40700 3.13186
40800 3.13441
40900 3.13693
40954 3.13828
40954 3.13828
40960 3.12771
40960 3.12771
40962 3.1074
40962 3.1074
40962 3.1074
40962 3.1074
41000 3.10851
41000 3.10851
41100 3.11142
41200 3.11428
41300 3.1171
41400 3.11988
41500 3.12261
41600 3.12531
41700 3.12796
41800 3.13057
41900 3.13314
42000 3.13568
42000 3.13568
42100 3.13817
42200 3.14063
42300 3.14305
42400 3.14543
42500 3.14778
42600 3.15009
42700 3.15236
42800 3.1546
42900 3.15681
43000 3.15899
43000 3.15899
43002 3.15904
43002 3.15904
43008 3.14838
43008 3.14838
43100 3.15049
43200 3.15276
43300 3.155
43400 3.1572
43500 3.15937
43600 3.1615
43700 3.16361
43800 3.16568
43900 3.16772
44000 3.16972
44000 3.16972
44100 3.1717
44200 3.17365
44300 3.17557
44400 3.17746
44500 3.17932
44600 3.18115
44700 3.18295
44800 3.18473
44900 3.18648
45000 3.1882
45000 3.1882
45050 3.18906
45050 3.18906
45056 3.17827
45056 3.17827
45058 3.15869
45058 3.15869
45058 3.15869
45058 3.15869
45100 3.15959
45200 3.16172
45300 3.16382
45400 3.16589
45500 3.16792
45600 3.16993
45700 3.1719
45800 3.17385
45900 3.17576
46000 3.17765
46000 3.17765
46100 3.1795
46200 3.18133
46300 3.18313
46400 3.18491
46500 3.18666
46600 3.18838
46700 3.19007
46800 3.19174
46900 3.19338
47000 3.195
47000 3.195
47098 3.19657
47098 3.19657
47100 3.19349
47104 3.18575
47104 3.18575
47106 3.16754
47106 3.16754
47106 3.16754
47106 3.16754
47200 3.16943
47300 3.17141
47400 3.17336
47500 3.17528
47600 3.17718
47700 3.17904
47800 3.18088
47900 3.18269
48000 3.18447
48000 3.18447
48100 3.18622
48200 3.18795
48300 3.18965
48400 3.19132
48500 3.19297
48600 3.1946
48700 3.1962
48800 3.19777
48900 3.19933
49000 3.20085
49000 3.20085
49100 3.20236
49146 3.20305
49146 3.20305
49152 3.1922
49152 3.1922
49154 3.17252
49154 3.17252
49154 3.17252
49154 3.17252
49200 3.17341
49300 3.17534
49400 3.17723
49500 3.17909
49600 3.18093
49700 3.18273
49800 3.18451
49900 3.18627
50000 3.18799
50000 3.18799
50082 3.1894
50082 3.1894
50082 3.1894
50082 3.1894
50082 3.1894
50086 3.11936
50086 3.11936
50086 3.11906
50086 3.11906
50087 3.11032
50087 3.11032
50087 3.11032
50087 3.11032
50100 3.11068
50200 3.11356
50300 3.11639
50400 3.11918
50500 3.12192
50600 3.12463
50700 3.12729
50800 3.12991
50900 3.13249
51000 3.13504
51000 3.13504
51100 3.13754
51194 3.13987
51194 3.13987
51200 3.12929
51200 3.12929
51200 3.12929
51202 3.11142
51202 3.11142
51202 3.11142
51202 3.11142
51300 3.11423
51400 3.11705
51500 3.11983
51600 3.12256
51700 3.12526
51800 3.12791
51900 3.13052
52000 3.13309
52000 3.13309
52100 3.13563
52200 3.13812
52300 3.14058
52400 3.143
52500 3.14539
52600 3.14773
52700 3.15004
52800 3.15232
52900 3.15456
53000 3.15677
53000 3.15677
53100 3.15895
53200 3.16109
53242 3.16198
53242 3.16198
53248 3.15131
53248 3.15131
53250 3.13085
53250 3.13085
53250 3.13085
53250 3.13085
53300 3.13213
53400 3.13468
53500 3.13719
53600 3.13966
53700 3.14209
53800 3.14449
53900 3.14685
54000 3.14918
54000 3.14918
54100 3.15146
54200 3.15372
54300 3.15594
54400 3.15813
54500 3.16028
54600 3.1624
54700 3.16449
54800 3.16655
54900 3.16857
55000 3.17057
55000 3.17057
55100 3.17253
55200 3.17447
55290 3.17619
55290 3.17619
55296 3.16546
55296 3.16546
55300 3.16554
55400 3.16758
55500 3.16959
55600 3.17157
55700 3.17352
55800 3.17544
55900 3.17733
56000 3.17919
56000 3.17919
56100 3.18103
56200 3.18283
56300 3.18461
56400 3.18636
56500 3.18809
56600 3.18979
56700 3.19146
56800 3.19311
56900 3.19473
57000 3.19633
57000 3.19633
57100 3.1979
57200 3.19945
57300 3.20098
57338 3.20156
57338 3.20156
57344 3.19071
57344 3.19071
57346 3.17105
57346 3.17105
57346 3.17105
57346 3.17105
57400 3.17211
57500 3.17405
57600 3.17596
57700 3.17784
57800 3.1797
57900 3.18152
58000 3.18332
58000 3.18332
58100 3.18509
58200 3.18684
58300 3.18855
58400 3.19025
58500 3.19191
58600 3.19355
58700 3.19517
58800 3.19676
58900 3.19833
59000 3.19987
59000 3.19987
59100 3.20139
59200 3.20289
59300 3.20436
59386 3.20562
59386 3.20562
59392 3.19476
59392 3.19476
59394 3.17649
59394 3.17649
59394 3.17649
59394 3.17649
59400 3.1766
59500 3.17848
59600 3.18032
59700 3.18214
59800 3.18393
59900 3.18569
60000 3.18742
60000 3.18742
60082 3.18884
60082 3.18884
60082 3.18884
60082 3.18884
60082 3.18884
60086 3.11881
60086 3.11881
60086 3.11851
60086 3.11851
60087 3.10977
60087 3.10977
60087 3.10977
60087 3.10977
60100 3.11014
60200 3.11302
60300 3.11586
60400 3.11866
60500 3.12141
60600 3.12412
60700 3.12679
60800 3.12942
60900 3.13201
61000 3.13456
61000 3.13456
61100 3.13707
61200 3.13955
61300 3.14198
61400 3.14438
61434 3.1452
61434 3.1452
61440 3.1346
61440 3.1346
61442 3.11425
61442 3.11425
61442 3.11425
61442 3.11425
61500 3.11588
61600 3.11867
61700 3.12143
61800 3.12414
61900 3.12681
62000 3.12944
62000 3.12944
62100 3.13203
62200 3.13458
62300 3.13709
62400 3.13956
62500 3.142
62600 3.1444
62700 3.14676
62800 3.14909
62900 3.15138
63000 3.15363
63000 3.15363
63100 3.15585
63200 3.15804
63300 3.1602
63400 3.16232
63482 3.16405
63482 3.16405
63488 3.15336
63488 3.15336
63500 3.15363
63600 3.15585
63700 3.15804
63800 3.1602
63900 3.16232
