0 3.03099
0 3.03099
0 3.03099
2 3.03099
2 3.03099
100 3.03099
200 3.03099
300 3.03099
400 3.03099
500 3.03099
600 3.03099
700 3.03099
800 3.03099
900 3.03099
1000 3.03099
1000 3.03099
1100 3.03099
1200 3.03099
1300 3.03099
1400 3.03099
1500 3.03099
1600 3.03099
1700 3.03099
1800 3.03099
1900 3.03099
2000 3.03099
2000 3.03099
2048 3.03099
2048 3.03099
2050 3.03099
2050 3.03099
2100 3.03099
2200 3.03099
2300 3.03099
2400 3.03099
2500 3.03099
2600 3.03099
2700 3.03099
2800 3.03099
2900 3.03099
3000 3.03099
3000 3.03099
3100 3.03099
3200 3.03099
3300 3.03099
3400 3.03099
3500 3.03099
3600 3.03099
3700 3.03099
3800 3.03099
3900 3.03099
4000 3.03099
4000 3.03099
4096 3.03099
4096 3.03099
4098 3.03099
4098 3.03099
4100 3.03099
4200 3.03099
4300 3.03099
4400 3.03099
4500 3.03099
4502 3.03099
4502 3.03099
4504 3.03099
4504 3.03099
4504 3.03099
4504 3.03099
4505 3.03099
4505 3.03099
4505 3.03099
4505 3.03099
4506 3.03099
4506 3.03099
4506 3.03099
4506 3.03099
4507 3.03099
4507 3.03099
4600 3.03099
4700 3.03099
4800 3.03099
4900 3.03099
5000 3.03099
5000 3.03099
5100 3.03099
5200 3.03099
5300 3.03099
5400 3.03099
5500 3.03099
5600 3.03099
5700 3.03099
5800 3.03099
5900 3.03099
6000 3.03099
6000 3.03099
6100 3.03099
6144 3.03099
6144 3.03099
6146 3.01366
6146 3.01366
6146 3.01366
6146 3.01366
6200 3.0146
6300 3.01634
6400 3.01807
6500 3.01979
6600 3.0215
6700 3.0232
6800 3.02489
6900 3.02657
7000 3.02824
7000 3.02824
7100 3.02989
7200 3.03154
7300 3.03318
7400 3.03481
7500 3.03642
7600 3.03803
7700 3.03963
7800 3.04122
7900 3.0428
8000 3.04437
8000 3.04437
8100 3.04593
8186 3.04726
8186 3.04726
8192 3.03695
8192 3.03695
8194 3.01823
8194 3.01823
8194 3.01823
8194 3.01823
8200 3.01833
8300 3.02005
8400 3.02175
8500 3.02345
8600 3.02514
8700 3.02681
8800 3.02848
8900 3.03014
9000 3.03178
9000 3.03178
9100 3.03342
9200 3.03505
9300 3.03666
9400 3.03827
9500 3.03986
9600 3.04145
9700 3.04303
9800 3.0446
9900 3.04615
10000 3.0477
10000 3.0477
10082 3.04897
10082 3.04897
10082 3.04897
10082 3.04897
10082 3.04897
10086 2.98201
10086 2.98201
10086 2.98172
10086 2.98172
10087 2.97335
10087 2.97335
10087 2.97335
10087 2.97335
10100 2.9736
10200 2.9756
10234 2.97628
10234 2.97628
10240 2.96623
10240 2.96623
10242 2.94928
10242 2.94928
10242 2.94928
10242 2.94928
10300 2.95052
10400 2.95265
10500 2.95477
10600 2.95688
10700 2.95897
10800 2.96105
10900 2.96312
11000 2.96517
11000 2.96517
11100 2.96722
11200 2.96925
11300 2.97126
11400 2.97327
11500 2.97526
11600 2.97724
11700 2.97921
11800 2.98117
11900 2.98311
12000 2.98505
12000 2.98505
12100 2.98697
12200 2.98888
12282 2.99044
12282 2.99044
12288 2.98034
12288 2.98034
12290 2.96098
12290 2.96098
12290 2.96098
12290 2.96098
12300 2.96118
12400 2.96325
12500 2.9653
12600 2.96734
12700 2.96937
12800 2.97139
12900 2.97339
13000 2.97539
13000 2.97539
13100 2.97737
13200 2.97933
13300 2.98129
13400 2.98324
13500 2.98517
13600 2.98709
13700 2.989
13800 2.99089
13900 2.99278
14000 2.99465
14000 2.99465
14100 2.99652
14200 2.99837
14300 3.00021
14330 3.00077
14330 3.00077
14336 2.99062
14336 2.99062
14400 2.99183
14500 2.99371
14600 2.99558
14700 2.99744
14800 2.99928
14900 3.00112
15000 3.00294
15000 3.00294
15100 3.00475
15200 3.00655
15300 3.00834
15400 3.01012
15500 3.01189
15600 3.01365
15700 3.01539
15800 3.01713
15900 3.01886
16000 3.02057
16000 3.02057
16100 3.02228
16200 3.02397
16300 3.02565
16378 3.02697
16378 3.02697
16384 3.01673
16384 3.01673
16386 2.99813
16386 2.99813
16386 2.99813
16386 2.99813
16400 2.99839
16500 3.00023
16600 3.00206
16700 3.00387
16800 3.00568
16900 3.00748
17000 3.00926
17000 3.00926
17100 3.01103
17200 3.0128
17300 3.01455
17400 3.01629
17500 3.01802
17600 3.01974
17700 3.02145
17800 3.02315
17900 3.02484
18000 3.02652
18000 3.02652
18100 3.02818
18200 3.02984
18300 3.03149
18400 3.03313
18426 3.03356
18426 3.03356
18432 3.02329
18432 3.02329
18434 3.00601
18434 3.00601
18434 3.00601
18434 3.00601
18500 3.0072
18600 3.00898
18700 3.01076
18800 3.01252
18900 3.01427
19000 3.01602
19000 3.01602
19100 3.01775
19200 3.01947
19300 3.02118
19400 3.02288
19500 3.02457
19600 3.02625
19700 3.02792
19800 3.02958
19900 3.03123
20000 3.03287
20000 3.03287
20082 3.03422
20082 3.03422
20082 3.03422
20082 3.03422
20082 3.03422
20086 2.96758
20086 2.96758
20086 2.96729
20086 2.96729
20087 2.95897
20087 2.95897
20087 2.95897
20087 2.95897
20100 2.95923
20200 2.96131
20300 2.96338
20400 2.96543
20474 2.96695
20474 2.96695
20480 2.95693
20480 2.95693
20482 2.93773
20482 2.93773
20482 2.93773
20482 2.93773
20500 2.93812
20600 2.94033
20700 2.94252
20800 2.9447
20900 2.94687
21000 2.94903
21000 2.94903
21100 2.95117
21200 2.95329
21300 2.95541
21400 2.95751
21500 2.9596
21600 2.96168
21700 2.96374
21800 2.96579
21900 2.96783
22000 2.96986
22000 2.96986
22100 2.97187
22200 2.97387
22300 2.97586
22400 2.97784
22500 2.97981
22522 2.98024
22522 2.98024
22528 2.97018
22528 2.97018
22600 2.97163
22700 2.97363
22800 2.97562
22900 2.9776
23000 2.97957
23000 2.97957
23100 2.98152
23200 2.98347
23300 2.9854
23400 2.98732
23500 2.98922
23600 2.99112
23700 2.993
23800 2.99488
23900 2.99674
24000 2.99859
24000 2.99859
24100 3.00043
24200 3.00225
24300 3.00407
24400 3.00588
24500 3.00767
24570 3.00893
24570 3.00893
24576 2.99875
24576 2.99875
24578 2.98027
24578 2.98027
24578 2.98027
24578 2.98027
24600 2.9807
24700 2.98265
24800 2.98458
24900 2.98651
25000 2.98842
25000 2.98842
25100 2.99032
25200 2.99221
25300 2.99409
25400 2.99595
25500 2.99781
25600 2.99965
25700 3.00148
25800 3.00331
25900 3.00512
26000 3.00691
26000 3.00691
26100 3.0087
26200 3.01048
26300 3.01225
26400 3.014
26500 3.01574
26600 3.01748
26618 3.0178
26618 3.0178
26624 3.00759
26624 3.00759
26626 2.9904
26626 2.9904
26626 2.9904
26626 2.9904
26700 2.9918
26800 2.99368
26900 2.99555
27000 2.9974
27000 2.9974
27100 2.99925
27200 3.00108
27300 3.00291
27400 3.00472
27500 3.00652
27600 3.00831
27700 3.01009
27800 3.01186
27900 3.01362
28000 3.01536
28000 3.01536
28100 3.0171
28200 3.01883
28300 3.02054
28400 3.02225
28500 3.02394
28600 3.02562
28666 3.02674
28666 3.02674
28672 3.0165
28672 3.0165
28674 2.99791
28674 2.99791
28674 2.99791
28674 2.99791
28700 2.99838
28800 3.00022
28900 3.00205
29000 3.00387
29000 3.00387
29100 3.00567
29200 3.00747
29300 3.00925
29400 3.01103
29500 3.01279
29600 3.01454
29700 3.01628
29800 3.01801
29900 3.01973
30000 3.02144
30000 3.02144
30082 3.02285
30082 3.02285
30082 3.02285
30082 3.02285
30082 3.02285
30086 2.95646
30086 2.95646
30086 2.95618
30086 2.95618
30087 2.94788
30087 2.94788
30087 2.94788
30087 2.94788
30100 2.94816
30200 2.9503
30300 2.95243
30400 2.95456
30500 2.95666
30600 2.95876
30700 2.96084
30714 2.96114
30714 2.96114
30720 2.95114
30720 2.95114
30722 2.93428
30722 2.93428
30722 2.93428
30722 2.93428
30800 2.93602
30900 2.93825
31000 2.94045
31000 2.94045
31100 2.94265
31200 2.94483
31300 2.94699
31400 2.94915
31500 2.95129
31600 2.95341
31700 2.95553
31800 2.95763
31900 2.95972
32000 2.96179
32000 2.96179
32100 2.96386
32200 2.96591
32300 2.96795
32400 2.96997
32500 2.97198
32600 2.97399
32700 2.97597
32762 2.97721
32762 2.97721
32768 2.96716
32768 2.96716
32770 2.94788
32770 2.94788
32770 2.94788
32770 2.94788
32800 2.94852
32900 2.95067
33000 2.9528
33000 2.9528
33100 2.95492
33200 2.95702
33300 2.95911
33400 2.96119
33500 2.96326
33600 2.96531
33700 2.96736
33800 2.96938
33900 2.9714
34000 2.97341
34000 2.97341
34100 2.9754
34200 2.97738
34300 2.97935
34400 2.9813
34500 2.98325
34600 2.98518
34700 2.9871
34800 2.98901
34810 2.98921
34810 2.98921
34816 2.97911
34816 2.97911
34900 2.98075
35000 2.9827
35000 2.9827
35100 2.98464
35200 2.98656
35300 2.98847
35400 2.99037
35500 2.99226
35600 2.99414
35700 2.996
35800 2.99786
35900 2.9997
36000 3.00153
36000 3.00153
36100 3.00335
36200 3.00516
36300 3.00696
36400 3.00875
36500 3.01053
36600 3.01229
36700 3.01405
36800 3.01579
36858 3.0168
36858 3.0168
36864 3.0066
36864 3.0066
36866 2.98807
36866 2.98807
36866 2.98807
36866 2.98807
36900 2.98872
37000 2.99062
37000 2.99062
37100 2.9925
37200 2.99438
37300 2.99624
37400 2.9981
37500 2.99994
37600 3.00177
37700 3.00359
37800 3.0054
37900 3.00719
38000 3.00898
38000 3.00898
38100 3.01076
38200 3.01252
38300 3.01427
38400 3.01602
38500 3.01775
38600 3.01947
38700 3.02118
38800 3.02288
38900 3.02457
38906 3.02468
38906 3.02468
38912 3.01445
38912 3.01445
38914 2.99722
38914 2.99722
38914 2.99722
38914 2.99722
39000 2.99881
39000 2.99881
39100 3.00064
39200 3.00247
39300 3.00428
39400 3.00609
39500 3.00788
39600 3.00966
39700 3.01143
39800 3.01319
39900 3.01494
40000 3.01668
40000 3.01668
40082 3.01811
40082 3.01811
40082 3.01811
40082 3.01811
40082 3.01811
40086 2.95183
40086 2.95183
40086 2.95154
40086 2.95154
40087 2.94326
40087 2.94326
40087 2.94326
40087 2.94326
40100 2.94354
40200 2.94571
40300 2.94788
40400 2.95002
40500 2.95216
40600 2.95428
40700 2.95639
40800 2.95849
40900 2.96057
40954 2.9617
40954 2.9617
40960 2.9517
40960 2.9517
40962 2.93253
40962 2.93253
40962 2.93253
40962 2.93253
41000 2.93338
41000 2.93338
41100 2.93562
41200 2.93784
41300 2.94005
41400 2.94224
41500 2.94443
41600 2.9466
41700 2.94875
41800 2.95089
41900 2.95302
42000 2.95514
42000 2.95514
42100 2.95724
42200 2.95934
42300 2.96141
42400 2.96348
42500 2.96553
42600 2.96757
42700 2.9696
42800 2.97162
42900 2.97362
43000 2.97561
43000 2.97561
43002 2.97566
43002 2.97566
43008 2.96561
43008 2.96561
43100 2.96749
43200 2.96952
43300 2.97153
43400 2.97354
43500 2.97553
43600 2.97751
43700 2.97947
43800 2.98143
43900 2.98337
44000 2.9853
44000 2.9853
44100 2.98722
44200 2.98913
44300 2.99103
44400 2.99291
44500 2.99479
44600 2.99665
44700 2.9985
44800 3.00034
44900 3.00217
45000 3.00398
45000 3.00398
45050 3.00489
45050 3.00489
45056 2.99474
45056 2.99474
45058 2.97628
45058 2.97628
45058 2.97628
45058 2.97628
45100 2.97711
45200 2.97908
45300 2.98104
45400 2.98298
45500 2.98492
45600 2.98684
45700 2.98875
45800 2.99065
45900 2.99253
46000 2.99441
46000 2.99441
46100 2.99627
46200 2.99813
46300 2.99997
46400 3.0018
46500 3.00362
46600 3.00543
46700 3.00722
46800 3.00901
46900 3.01078
47000 3.01255
47000 3.01255
47098 3.01427
47098 3.01427
47100 3.01137
47104 3.00408
47104 3.00408
47106 2.98691
47106 2.98691
47106 2.98691
47106 2.98691
47200 2.98871
47300 2.9906
47400 2.99249
47500 2.99437
47600 2.99623
47700 2.99809
47800 2.99993
47900 3.00176
48000 3.00358
48000 3.00358
48100 3.00538
48200 3.00718
48300 3.00897
48400 3.01074
48500 3.01251
48600 3.01426
48700 3.016
48800 3.01774
48900 3.01946
49000 3.02117
49000 3.02117
49100 3.02287
49146 3.02366
49146 3.02366
49152 3.01343
49152 3.01343
49154 2.99486
49154 2.99486
49154 2.99486
49154 2.99486
49200 2.99571
49300 2.99757
49400 2.99941
49500 3.00125
49600 3.00307
49700 3.00488
49800 3.00668
49900 3.00847
50000 3.01025
50000 3.01025
50082 3.01171
50082 3.01171
50082 3.01171
50082 3.01171
50082 3.01171
50086 2.94557
50086 2.94557
50086 2.94528
50086 2.94528
50087 2.93702
50087 2.93702
50087 2.93702
50087 2.93702
50100 2.9373
50200 2.93952
50300 2.94171
50400 2.9439
50500 2.94607
50600 2.94823
50700 2.95038
50800 2.95251
50900 2.95463
51000 2.95674
51000 2.95674
51100 2.95883
51194 2.9608
51194 2.9608
51200 2.9508
51200 2.9508
51200 2.9508
51202 2.93395
51202 2.93395
51202 2.93395
51202 2.93395
51300 2.93613
51400 2.93835
51500 2.94056
51600 2.94275
51700 2.94493
51800 2.9471
51900 2.94925
52000 2.95139
52000 2.95139
52100 2.95352
52200 2.95563
52300 2.95773
52400 2.95982
52500 2.9619
52600 2.96396
52700 2.96601
52800 2.96805
52900 2.97007
53000 2.97208
53000 2.97208
53100 2.97408
53200 2.97607
53242 2.97691
53242 2.97691
53248 2.96686
53248 2.96686
53250 2.94759
53250 2.94759
53250 2.94759
53250 2.94759
53300 2.94866
53400 2.9508
53500 2.95293
53600 2.95505
53700 2.95715
53800 2.95924
53900 2.96132
54000 2.96339
54000 2.96339
54100 2.96544
54200 2.96748
54300 2.96951
54400 2.97153
54500 2.97353
54600 2.97552
54700 2.9775
54800 2.97947
54900 2.98143
55000 2.98337
55000 2.98337
55100 2.9853
55200 2.98722
55290 2.98895
55290 2.98895
55296 2.97885
55296 2.97885
55300 2.97893
55400 2.98089
55500 2.98283
55600 2.98477
55700 2.98669
55800 2.9886
55900 2.9905
56000 2.99239
56000 2.99239
56100 2.99426
56200 2.99613
56300 2.99798
56400 2.99983
56500 3.00166
56600 3.00348
56700 3.00529
56800 3.00708
56900 3.00887
57000 3.01065
57000 3.01065
57100 3.01241
57200 3.01417
57300 3.01591
57338 3.01658
57338 3.01658
57344 3.00637
57344 3.00637
57346 2.98785
57346 2.98785
57346 2.98785
57346 2.98785
57400 2.98887
57500 2.99077
57600 2.99266
57700 2.99453
57800 2.9964
57900 2.99825
58000 3.00009
58000 3.00009
58100 3.00192
58200 3.00374
58300 3.00554
58400 3.00734
58500 3.00912
58600 3.0109
58700 3.01266
58800 3.01442
58900 3.01616
59000 3.01789
59000 3.01789
59100 3.01961
59200 3.02132
59300 3.02302
59386 3.02448
59386 3.02448
59392 3.01425
59392 3.01425
59394 2.99702
59394 2.99702
59394 2.99702
59394 2.99702
59400 2.99713
59500 2.99898
59600 3.00081
59700 3.00264
59800 3.00445
59900 3.00626
60000 3.00805
60000 3.00805
60082 3.00952
60082 3.00952
60082 3.00952
60082 3.00952
60082 3.00952
60086 2.94343
60086 2.94343
60086 2.94314
60086 2.94314
60087 2.93489
60087 2.93489
60087 2.93489
60087 2.93489
60100 2.93517
60200 2.9374
60300 2.93961
60400 2.94181
60500 2.94399
60600 2.94616
60700 2.94832
60800 2.95047
60900 2.9526
61000 2.95472
61000 2.95472
61100 2.95683
61200 2.95892
61300 2.961
61400 2.96307
61434 2.96378
61434 2.96378
61440 2.95377
61440 2.95377
61442 2.93459
61442 2.93459
61442 2.93459
61442 2.93459
61500 2.93588
61600 2.9381
61700 2.94031
61800 2.9425
61900 2.94468
62000 2.94685
62000 2.94685
62100 2.949
62200 2.95115
62300 2.95327
62400 2.95539
62500 2.95749
62600 2.95958
62700 2.96166
62800 2.96372
62900 2.96577
63000 2.96781
63000 2.96781
63100 2.96984
63200 2.97185
63300 2.97385
63400 2.97584
63482 2.97747
63482 2.97747
63488 2.96742
63488 2.96742
63500 2.96766
63600 2.96969
63700 2.97171
63800 2.97371
63900 2.9757
