0 3.03099
0 3.03099
0 3.03099
2 3.03099
2 3.03099
100 3.03099
200 3.03099
300 3.03099
400 3.03099
500 3.03099
600 3.03099
700 3.03099
800 3.03099
900 3.03099
1000 3.03099
1000 3.03099
1100 3.03099
1200 3.03099
1300 3.03099
1400 3.03099
1500 3.03099
1600 3.03099
1700 3.03099
1800 3.03099
1900 3.03099
2000 3.03099
2000 3.03099
2048 3.03099
2048 3.03099
2050 3.03099
2050 3.03099
2100 3.03099
2200 3.03099
2300 3.03099
2400 3.03099
2500 3.03099
2600 3.03099
2700 3.03099
2800 3.03099
2900 3.03099
3000 3.03099
3000 3.03099
3100 3.03099
3200 3.03099
3300 3.03099
3400 3.03099
3500 3.03099
3600 3.03099
3700 3.03099
3800 3.03099
3900 3.03099
4000 3.03099
4000 3.03099
4096 3.03099
4096 3.03099
4098 3.03099
4098 3.03099
4100 3.03099
4200 3.03099
4300 3.03099
4400 3.03099
4500 3.03099
4502 3.03099
4502 3.03099
4504 3.03099
4504 3.03099
4504 3.03099
4504 3.03099
4505 3.03099
4505 3.03099
4505 3.03099
4505 3.03099
4506 3.03099
4506 3.03099
4506 3.03099
4506 3.03099
4507 3.03099
4507 3.03099
4600 3.03099
4700 3.03099
4800 3.03099
4900 3.03099
5000 3.03099
5000 3.03099
5100 3.03099
5200 3.03099
5300 3.03099
5400 3.03099
5500 3.03099
5600 3.03099
5700 3.03099
5800 3.03099
5900 3.03099
6000 3.03099
6000 3.03099
6100 3.03099
6144 3.03099
6144 3.03099
6146 3.02578
6146 3.02578
6146 3.02578
6146 3.02578
6200 3.02605
6300 3.02655
6400 3.02705
6500 3.02755
6600 3.02805
6700 3.02855
6800 3.02905
6900 3.02955
7000 3.03004
7000 3.03004
7100 3.03054
7200 3.03103
7300 3.03153
7400 3.03202
7500 3.03251
7600 3.033
7700 3.03349
7800 3.03398
7900 3.03447
8000 3.03495
8000 3.03495
8100 3.03544
8186 3.03586
8186 3.03586
8192 3.03277
8192 3.03277
8194 3.02715
8194 3.02715
8194 3.02715
8194 3.02715
8200 3.02718
8300 3.02768
8400 3.02818
8500 3.02868
8600 3.02918
8700 3.02967
8800 3.03017
8900 3.03066
9000 3.03116
9000 3.03116
9100 3.03165
9200 3.03214
9300 3.03263
9400 3.03312
9500 3.03361
9600 3.0341
9700 3.03459
9800 3.03508
9900 3.03556
10000 3.03605
10000 3.03605
10082 3.03645
10082 3.03645
10082 3.03645
10082 3.03645
10082 3.03645
10089 2.99558
10089 2.99558
10090 2.99549
10090 2.99549
10091 2.99297
10091 2.99297
10091 2.99297
10091 2.99297
10100 2.99302
10200 2.99358
10234 2.99378
10234 2.99378
10240 2.99074
10240 2.99074
10242 2.9856
10242 2.9856
10242 2.9856
10242 2.9856
10300 2.98593
10400 2.98651
10500 2.98709
10600 2.98766
10700 2.98823
10800 2.9888
10900 2.98937
11000 2.98994
11000 2.98994
11100 2.99051
11200 2.99108
11300 2.99165
11400 2.99221
11500 2.99278
11600 2.99334
11700 2.9939
11800 2.99446
11900 2.99502
12000 2.99558
12000 2.99558
12100 2.99614
12200 2.9967
12282 2.99716
12282 2.99716
12288 2.99411
12288 2.99411
12290 2.98827
12290 2.98827
12290 2.98827
12290 2.98827
12300 2.98832
12400 2.98889
12500 2.98946
12600 2.99003
12700 2.9906
12800 2.99117
12900 2.99174
13000 2.9923
13000 2.9923
13100 2.99286
13200 2.99343
13300 2.99399
13400 2.99455
13500 2.99511
13600 2.99567
13700 2.99623
13800 2.99679
13900 2.99734
14000 2.9979
14000 2.9979
14100 2.99845
14200 2.999
14300 2.99956
14330 2.99972
14330 2.99972
14336 2.99668
14336 2.99668
14400 2.99703
14500 2.99759
14600 2.99814
14700 2.9987
14800 2.99925
14900 2.9998
15000 3.00035
15000 3.00035
15100 3.0009
15200 3.00145
15300 3.002
15400 3.00254
15500 3.00309
15600 3.00364
15700 3.00418
15800 3.00472
15900 3.00526
16000 3.0058
16000 3.0058
16100 3.00634
16200 3.00688
16300 3.00742
16378 3.00784
16378 3.00784
16384 3.00478
16384 3.00478
16386 2.99922
16386 2.99922
16386 2.99922
16386 2.99922
16400 2.99929
16500 2.99985
16600 3.0004
16700 3.00095
16800 3.00149
16900 3.00204
17000 3.00259
17000 3.00259
17100 3.00313
17200 3.00368
17300 3.00422
17400 3.00476
17500 3.0053
17600 3.00585
17700 3.00638
17800 3.00692
17900 3.00746
18000 3.008
18000 3.008
18100 3.00853
18200 3.00907
18300 3.0096
18400 3.01013
18426 3.01027
18426 3.01027
18432 3.00722
18432 3.00722
18434 3.00205
18434 3.00205
18434 3.00205
18434 3.00205
18500 3.00241
18600 3.00296
18700 3.0035
18800 3.00404
18900 3.00459
19000 3.00513
19000 3.00513
19100 3.00567
19200 3.00621
19300 3.00675
19400 3.00729
19500 3.00782
19600 3.00836
19700 3.00889
19800 3.00943
19900 3.00996
20000 3.01049
20000 3.01049
20082 3.01093
20082 3.01093
20082 3.01093
20082 3.01093
20082 3.01093
20089 2.97041
20089 2.97041
20090 2.97033
20090 2.97033
20091 2.96782
20091 2.96782
20091 2.96782
20091 2.96782
20100 2.96788
20200 2.96849
20300 2.96909
20400 2.9697
20474 2.97015
20474 2.97015
20480 2.96714
20480 2.96714
20482 2.96134
20482 2.96134
20482 2.96134
20482 2.96134
20500 2.96145
20600 2.96208
20700 2.9627
20800 2.96331
20900 2.96393
21000 2.96455
21000 2.96455
21100 2.96516
21200 2.96578
21300 2.96639
21400 2.967
21500 2.96761
21600 2.96822
21700 2.96883
21800 2.96944
21900 2.97004
22000 2.97065
22000 2.97065
22100 2.97125
22200 2.97186
22300 2.97246
22400 2.97306
22500 2.97366
22522 2.97379
22522 2.97379
22528 2.97078
22528 2.97078
22600 2.97121
22700 2.97181
22800 2.97242
22900 2.97302
23000 2.97362
23000 2.97362
23100 2.97422
23200 2.97481
23300 2.97541
23400 2.976
23500 2.9766
23600 2.97719
23700 2.97778
23800 2.97837
23900 2.97896
24000 2.97955
24000 2.97955
24100 2.98014
24200 2.98073
24300 2.98131
24400 2.9819
24500 2.98248
24570 2.98289
24570 2.98289
24576 2.97986
24576 2.97986
24578 2.97434
24578 2.97434
24578 2.97434
24578 2.97434
24600 2.97448
24700 2.97507
24800 2.97567
24900 2.97626
25000 2.97686
25000 2.97686
25100 2.97745
25200 2.97804
25300 2.97863
25400 2.97922
25500 2.97981
25600 2.9804
25700 2.98098
25800 2.98157
25900 2.98215
26000 2.98273
26000 2.98273
26100 2.98332
26200 2.9839
26300 2.98448
26400 2.98506
26500 2.98563
26600 2.98621
26618 2.98632
26618 2.98632
26624 2.98329
26624 2.98329
26626 2.97816
26626 2.97816
26626 2.97816
26626 2.97816
26700 2.9786
26800 2.97919
26900 2.97977
27000 2.98036
27000 2.98036
27100 2.98095
27200 2.98153
27300 2.98212
27400 2.9827
27500 2.98328
27600 2.98386
27700 2.98444
27800 2.98502
27900 2.9856
28000 2.98618
28000 2.98618
28100 2.98675
28200 2.98733
28300 2.9879
28400 2.98847
28500 2.98904
28600 2.98961
28666 2.98999
28666 2.98999
28672 2.98696
28672 2.98696
28674 2.98142
28674 2.98142
28674 2.98142
28674 2.98142
28700 2.98157
28800 2.98216
28900 2.98274
29000 2.98332
29000 2.98332
29100 2.9839
29200 2.98448
29300 2.98506
29400 2.98564
29500 2.98622
29600 2.98679
29700 2.98737
29800 2.98794
29900 2.98851
30000 2.98908
30000 2.98908
30082 2.98955
30082 2.98955
30082 2.98955
30082 2.98955
30082 2.98955
30089 2.94933
30089 2.94933
30090 2.94924
30090 2.94924
30091 2.94676
30091 2.94676
30091 2.94676
30091 2.94676
30100 2.94681
30200 2.94746
30300 2.94811
30400 2.94875
30500 2.9494
30600 2.95004
30700 2.95068
30714 2.95078
30714 2.95078
30720 2.94779
30720 2.94779
30722 2.94272
30722 2.94272
30722 2.94272
30722 2.94272
30800 2.94323
30900 2.94389
31000 2.94454
31000 2.94454
31100 2.94519
31200 2.94584
31300 2.94649
31400 2.94714
31500 2.94779
31600 2.94844
31700 2.94908
31800 2.94972
31900 2.95037
32000 2.95101
32000 2.95101
32100 2.95165
32200 2.95229
32300 2.95292
32400 2.95356
32500 2.9542
32600 2.95483
32700 2.95546
32762 2.95586
32762 2.95586
32768 2.95286
32768 2.95286
32770 2.9471
32770 2.9471
32770 2.9471
32770 2.9471
32800 2.94729
32900 2.94793
33000 2.94858
33000 2.94858
33100 2.94922
33200 2.94987
33300 2.95051
33400 2.95115
33500 2.95179
33600 2.95243
33700 2.95307
33800 2.9537
33900 2.95434
34000 2.95497
34000 2.95497
34100 2.95561
34200 2.95624
34300 2.95687
34400 2.9575
34500 2.95812
34600 2.95875
34700 2.95938
34800 2.96
34810 2.96007
34810 2.96007
34816 2.95707
34816 2.95707
34900 2.95759
35000 2.95822
35000 2.95822
35100 2.95885
35200 2.95948
35300 2.9601
35400 2.96072
35500 2.96135
35600 2.96197
35700 2.96259
35800 2.96321
35900 2.96382
36000 2.96444
36000 2.96444
36100 2.96506
36200 2.96567
36300 2.96628
36400 2.96689
36500 2.96751
36600 2.96812
36700 2.96872
36800 2.96933
36858 2.96969
36858 2.96969
36864 2.96667
36864 2.96667
36866 2.96118
36866 2.96118
36866 2.96118
36866 2.96118
36900 2.96139
37000 2.96201
37000 2.96201
37100 2.96263
37200 2.96325
37300 2.96387
37400 2.96448
37500 2.9651
37600 2.96571
37700 2.96633
37800 2.96694
37900 2.96755
38000 2.96816
38000 2.96816
38100 2.96877
38200 2.96937
38300 2.96998
38400 2.97059
38500 2.97119
38600 2.97179
38700 2.9724
38800 2.973
38900 2.9736
38906 2.97363
38906 2.97363
38912 2.97062
38912 2.97062
38914 2.96552
38914 2.96552
38914 2.96552
38914 2.96552
39000 2.96604
39000 2.96604
39100 2.96666
39200 2.96727
39300 2.96788
39400 2.96849
39500 2.96909
39600 2.9697
39700 2.97031
39800 2.97091
39900 2.97152
40000 2.97212
40000 2.97212
40082 2.97261
40082 2.97261
40082 2.97261
40082 2.97261
40082 2.97261
40089 2.93262
40089 2.93262
40090 2.93253
40090 2.93253
40091 2.93006
40091 2.93006
40091 2.93006
40091 2.93006
40100 2.93012
40200 2.9308
40300 2.93148
40400 2.93215
40500 2.93283
40600 2.9335
40700 2.93417
40800 2.93485
40900 2.93552
40954 2.93588
40954 2.93588
40960 2.93291
40960 2.93291
40962 2.92718
40962 2.92718
40962 2.92718
40962 2.92718
41000 2.92744
41000 2.92744
41100 2.92812
41200 2.9288
41300 2.92948
41400 2.93016
41500 2.93084
41600 2.93152
41700 2.93219
41800 2.93287
41900 2.93354
42000 2.93421
42000 2.93421
42100 2.93488
42200 2.93555
42300 2.93622
42400 2.93689
42500 2.93756
42600 2.93822
42700 2.93888
42800 2.93955
42900 2.94021
43000 2.94087
43000 2.94087
43002 2.94088
43002 2.94088
43008 2.9379
43008 2.9379
43100 2.93852
43200 2.93918
43300 2.93984
43400 2.9405
43500 2.94116
43600 2.94182
43700 2.94248
43800 2.94313
43900 2.94379
44000 2.94444
44000 2.94444
44100 2.94509
44200 2.94574
44300 2.94639
44400 2.94704
44500 2.94769
44600 2.94833
44700 2.94898
44800 2.94962
44900 2.95027
45000 2.95091
45000 2.95091
45050 2.95123
45050 2.95123
45056 2.94824
45056 2.94824
45058 2.94278
45058 2.94278
45058 2.94278
45058 2.94278
45100 2.94305
45200 2.94371
45300 2.94436
45400 2.94501
45500 2.94566
45600 2.94631
45700 2.94696
45800 2.94761
45900 2.94826
46000 2.9489
46000 2.9489
46100 2.94955
46200 2.95019
46300 2.95083
46400 2.95147
46500 2.95211
46600 2.95275
46700 2.95338
46800 2.95402
46900 2.95465
47000 2.95529
47000 2.95529
47098 2.95591
47098 2.95591
47100 2.95506
47104 2.95291
47104 2.95291
47106 2.94784
47106 2.94784
47106 2.94784
47106 2.94784
47200 2.94845
47300 2.94909
47400 2.94974
47500 2.95038
47600 2.95102
47700 2.95166
47800 2.9523
47900 2.95294
48000 2.95357
48000 2.95357
48100 2.95421
48200 2.95484
48300 2.95548
48400 2.95611
48500 2.95674
48600 2.95737
48700 2.958
48800 2.95863
48900 2.95925
49000 2.95988
49000 2.95988
49100 2.9605
49146 2.96079
49146 2.96079
49152 2.95779
49152 2.95779
49154 2.95231
49154 2.95231
49154 2.95231
49154 2.95231
49200 2.9526
49300 2.95324
49400 2.95387
49500 2.95451
49600 2.95514
49700 2.95578
49800 2.95641
49900 2.95704
50000 2.95767
50000 2.95767
50082 2.95819
50082 2.95819
50082 2.95819
50082 2.95819
50082 2.95819
50089 2.91838
50089 2.91838
50090 2.9183
50090 2.9183
50091 2.91584
50091 2.91584
50091 2.91584
50091 2.91584
50100 2.9159
50200 2.91661
50300 2.91731
50400 2.91801
50500 2.91871
50600 2.91941
50700 2.92011
50800 2.92081
50900 2.9215
51000 2.9222
51000 2.9222
51100 2.92289
51194 2.92354
51194 2.92354
51200 2.92059
51200 2.92059
51200 2.92059
51202 2.91557
51202 2.91557
51202 2.91557
51202 2.91557
51300 2.91626
51400 2.91697
51500 2.91767
51600 2.91837
51700 2.91907
51800 2.91977
51900 2.92046
52000 2.92116
52000 2.92116
52100 2.92186
52200 2.92255
52300 2.92324
52400 2.92393
52500 2.92462
52600 2.92531
52700 2.926
52800 2.92668
52900 2.92737
53000 2.92805
53000 2.92805
53100 2.92873
53200 2.92942
53242 2.9297
53242 2.9297
53248 2.92674
53248 2.92674
53250 2.92102
53250 2.92102
53250 2.92102
53250 2.92102
53300 2.92137
53400 2.92206
53500 2.92276
53600 2.92345
53700 2.92414
53800 2.92483
53900 2.92552
54000 2.9262
54000 2.9262
54100 2.92689
54200 2.92757
54300 2.92826
54400 2.92894
54500 2.92962
54600 2.9303
54700 2.93098
54800 2.93165
54900 2.93233
55000 2.933
55000 2.933
55100 2.93368
55200 2.93435
55290 2.93495
55290 2.93495
55296 2.93198
55296 2.93198
55300 2.93201
55400 2.93268
55500 2.93336
55600 2.93403
55700 2.9347
55800 2.93537
55900 2.93604
56000 2.93671
56000 2.93671
56100 2.93737
56200 2.93804
56300 2.9387
56400 2.93937
56500 2.94003
56600 2.94069
56700 2.94135
56800 2.942
56900 2.94266
57000 2.94332
57000 2.94332
57100 2.94397
57200 2.94462
57300 2.94527
57338 2.94552
57338 2.94552
57344 2.94254
57344 2.94254
57346 2.93709
57346 2.93709
57346 2.93709
57346 2.93709
57400 2.93745
57500 2.93811
57600 2.93878
57700 2.93944
57800 2.9401
57900 2.94076
58000 2.94142
58000 2.94142
58100 2.94208
58200 2.94273
58300 2.94339
58400 2.94404
58500 2.9447
58600 2.94535
58700 2.946
58800 2.94665
58900 2.9473
59000 2.94794
59000 2.94794
59100 2.94859
59200 2.94923
59300 2.94988
59386 2.95043
59386 2.95043
59392 2.94744
59392 2.94744
59394 2.94238
59394 2.94238
59394 2.94238
59394 2.94238
59400 2.94242
59500 2.94308
59600 2.94373
59700 2.94438
59800 2.94504
59900 2.94569
60000 2.94634
60000 2.94634
60082 2.94687
60082 2.94687
60082 2.94687
60082 2.94687
60082 2.94687
60089 2.90722
60089 2.90722
60090 2.90714
60090 2.90714
60091 2.90469
60091 2.90469
60091 2.90469
60091 2.90469
60100 2.90476
60200 2.90548
60300 2.90621
60400 2.90693
60500 2.90765
60600 2.90837
60700 2.90909
60800 2.9098
60900 2.91052
61000 2.91123
61000 2.91123
61100 2.91195
61200 2.91266
61300 2.91337
61400 2.91408
61434 2.91432
61434 2.91432
61440 2.91137
61440 2.91137
61442 2.90569
61442 2.90569
61442 2.90569
61442 2.90569
61500 2.90611
61600 2.90683
61700 2.90755
61800 2.90827
61900 2.90899
62000 2.90971
62000 2.90971
62100 2.91042
62200 2.91114
62300 2.91185
62400 2.91256
62500 2.91327
62600 2.91398
62700 2.91469
62800 2.9154
62900 2.9161
63000 2.91681
63000 2.91681
63100 2.91751
63200 2.91821
63300 2.91891
63400 2.91961
63482 2.92018
63482 2.92018
63488 2.91723
63488 2.91723
63500 2.91731
63600 2.91801
63700 2.91872
63800 2.91941
63900 2.92011
