0 3.03099
0 3.03099
0 3.03099
2 3.03099
2 3.03099
100 3.03099
200 3.03099
300 3.03099
400 3.03099
500 3.03099
600 3.03099
700 3.03099
800 3.03099
900 3.03099
1000 3.03099
1000 3.03099
1100 3.03099
1200 3.03099
1300 3.03099
1400 3.03099
1500 3.03099
1600 3.03099
1700 3.03099
1800 3.03099
1900 3.03099
2000 3.03099
2000 3.03099
2048 3.03099
2048 3.03099
2050 3.03099
2050 3.03099
2100 3.03099
2200 3.03099
2300 3.03099
2400 3.03099
2500 3.03099
2600 3.03099
2700 3.03099
2800 3.03099
2900 3.03099
3000 3.03099
3000 3.03099
3100 3.03099
3200 3.03099
3300 3.03099
3400 3.03099
3500 3.03099
3600 3.03099
3700 3.03099
3800 3.03099
3900 3.03099
4000 3.03099
4000 3.03099
4096 3.03099
4096 3.03099
4098 3.03099
4098 3.03099
4100 3.03099
4200 3.03099
4300 3.03099
4400 3.03099
4500 3.03099
4502 3.03099
4502 3.03099
4504 3.03099
4504 3.03099
4504 3.03099
4504 3.03099
4505 3.03099
4505 3.03099
4505 3.03099
4505 3.03099
4506 3.03099
4506 3.03099
4506 3.03099
4506 3.03099
4507 3.03099
4507 3.03099
4600 3.03099
4700 3.03099
4800 3.03099
4900 3.03099
5000 3.03099
5000 3.03099
5100 3.03099
5200 3.03099
5300 3.03099
5400 3.03099
5500 3.03099
5600 3.03099
5700 3.03099
5800 3.03099
5900 3.03099
6000 3.03099
6000 3.03099
6100 3.03099
6144 3.03099
6144 3.03099
6146 3.01364
6146 3.01364
6146 3.01364
6146 3.01364
6200 3.01411
6300 3.01499
6400 3.01586
6500 3.01673
6600 3.01759
6700 3.01845
6800 3.01931
6900 3.02017
7000 3.02102
7000 3.02102
7100 3.02187
7200 3.02272
7300 3.02357
7400 3.02441
7500 3.02526
7600 3.02609
7700 3.02693
7800 3.02776
7900 3.0286
8000 3.02942
8000 3.02942
8100 3.03025
8186 3.03096
8186 3.03096
8192 3.02066
8192 3.02066
8194 3.00202
8194 3.00202
8194 3.00202
8194 3.00202
8200 3.00208
8300 3.00299
8400 3.00389
8500 3.0048
8600 3.0057
8700 3.0066
8800 3.00749
8900 3.00838
9000 3.00928
9000 3.00928
9100 3.01016
9200 3.01105
9300 3.01193
9400 3.01281
9500 3.01369
9600 3.01456
9700 3.01543
9800 3.0163
9900 3.01717
10000 3.01803
10000 3.01803
10082 3.01874
10082 3.01874
10082 3.01874
10082 3.01874
10082 3.01874
10089 2.88538
10089 2.88538
10090 2.8851
10090 2.8851
10091 2.877
10091 2.877
10091 2.877
10091 2.877
10100 2.87712
10200 2.87841
10234 2.87885
10234 2.87885
10240 2.8691
10240 2.8691
10242 2.85269
10242 2.85269
10242 2.85269
10242 2.85269
10300 2.85348
10400 2.85485
10500 2.8562
10600 2.85756
10700 2.85891
10800 2.86026
10900 2.8616
11000 2.86294
11000 2.86294
11100 2.86428
11200 2.86561
11300 2.86693
11400 2.86826
11500 2.86957
11600 2.87089
11700 2.8722
11800 2.87351
11900 2.87481
12000 2.87611
12000 2.87611
12100 2.8774
12200 2.87869
12282 2.87975
12282 2.87975
12288 2.86999
12288 2.86999
12290 2.85134
12290 2.85134
12290 2.85134
12290 2.85134
12300 2.85147
12400 2.85284
12500 2.8542
12600 2.85557
12700 2.85692
12800 2.85828
12900 2.85963
13000 2.86097
13000 2.86097
13100 2.86231
13200 2.86365
13300 2.86498
13400 2.86631
13500 2.86763
13600 2.86895
13700 2.87027
13800 2.87158
13900 2.87289
14000 2.8742
14000 2.8742
14100 2.8755
14200 2.87679
14300 2.87809
14330 2.87848
14330 2.87848
14336 2.86872
14336 2.86872
14400 2.86957
14500 2.87088
14600 2.87219
14700 2.8735
14800 2.8748
14900 2.8761
15000 2.87739
15000 2.87739
15100 2.87868
15200 2.87997
15300 2.88125
15400 2.88253
15500 2.88381
15600 2.88508
15700 2.88635
15800 2.88761
15900 2.88887
16000 2.89012
16000 2.89012
16100 2.89138
16200 2.89262
16300 2.89387
16378 2.89484
16378 2.89484
16384 2.88503
16384 2.88503
16386 2.86724
16386 2.86724
16386 2.86724
16386 2.86724
16400 2.86742
16500 2.86874
16600 2.87006
16700 2.87137
16800 2.87268
16900 2.87399
17000 2.87529
17000 2.87529
17100 2.87658
17200 2.87788
17300 2.87917
17400 2.88045
17500 2.88173
17600 2.88301
17700 2.88428
17800 2.88555
17900 2.88682
18000 2.88808
18000 2.88808
18100 2.88934
18200 2.89059
18300 2.89184
18400 2.89309
18426 2.89342
18426 2.89342
18432 2.88361
18432 2.88361
18434 2.86712
18434 2.86712
18434 2.86712
18434 2.86712
18500 2.86799
18600 2.86931
18700 2.87063
18800 2.87194
18900 2.87324
19000 2.87455
19000 2.87455
19100 2.87585
19200 2.87714
19300 2.87843
19400 2.87972
19500 2.881
19600 2.88228
19700 2.88356
19800 2.88483
19900 2.8861
20000 2.88736
20000 2.88736
20082 2.88841
20082 2.88841
20082 2.88841
20082 2.88841
20082 2.88841
20089 2.76084
20089 2.76084
20090 2.76057
20090 2.76057
20091 2.75282
20091 2.75282
20091 2.75282
20091 2.75282
20100 2.75297
20200 2.75464
20300 2.75631
20400 2.75797
20474 2.7592
20474 2.7592
20480 2.74987
20480 2.74987
20482 2.73201
20482 2.73201
20482 2.73201
20482 2.73201
20500 2.73231
20600 2.73405
20700 2.73578
20800 2.7375
20900 2.73922
21000 2.74093
21000 2.74093
21100 2.74264
21200 2.74434
21300 2.74604
21400 2.74773
21500 2.74942
21600 2.7511
21700 2.75278
21800 2.75445
21900 2.75612
22000 2.75778
22000 2.75778
22100 2.75943
22200 2.76108
22300 2.76273
22400 2.76437
22500 2.76601
22522 2.76637
22522 2.76637
22528 2.75702
22528 2.75702
22600 2.75821
22700 2.75987
22800 2.76152
22900 2.76316
23000 2.7648
23000 2.7648
23100 2.76644
23200 2.76807
23300 2.76969
23400 2.77131
23500 2.77293
23600 2.77454
23700 2.77614
23800 2.77774
23900 2.77934
24000 2.78093
24000 2.78093
24100 2.78252
24200 2.7841
24300 2.78567
24400 2.78724
24500 2.78881
24570 2.78991
24570 2.78991
24576 2.78047
24576 2.78047
24578 2.76333
24578 2.76333
24578 2.76333
24578 2.76333
24600 2.76369
24700 2.76533
24800 2.76696
24900 2.76859
25000 2.77021
25000 2.77021
25100 2.77183
25200 2.77345
25300 2.77505
25400 2.77666
25500 2.77826
25600 2.77985
25700 2.78144
25800 2.78302
25900 2.7846
26000 2.78618
26000 2.78618
26100 2.78775
26200 2.78931
26300 2.79087
26400 2.79243
26500 2.79398
26600 2.79552
26618 2.79581
26618 2.79581
26624 2.78635
26624 2.78635
26626 2.77042
26626 2.77042
26626 2.77042
26626 2.77042
26700 2.77162
26800 2.77323
26900 2.77484
27000 2.77644
27000 2.77644
27100 2.77804
27200 2.77964
27300 2.78123
27400 2.78281
27500 2.78439
27600 2.78597
27700 2.78754
27800 2.7891
27900 2.79066
28000 2.79222
28000 2.79222
28100 2.79377
28200 2.79531
28300 2.79686
28400 2.79839
28500 2.79993
28600 2.80145
28666 2.80246
28666 2.80246
28672 2.79298
28672 2.79298
28674 2.77577
28674 2.77577
28674 2.77577
28674 2.77577
28700 2.77618
28800 2.77778
28900 2.77938
29000 2.78097
29000 2.78097
29100 2.78255
29200 2.78413
29300 2.78571
29400 2.78728
29500 2.78884
29600 2.79041
29700 2.79196
29800 2.79351
29900 2.79506
30000 2.7966
30000 2.7966
30082 2.79788
30082 2.79788
30082 2.79788
30082 2.79788
30082 2.79788
30089 2.67433
30089 2.67433
30090 2.67407
30090 2.67407
30091 2.66657
30091 2.66657
30091 2.66657
30091 2.66657
30100 2.66674
30200 2.66867
30300 2.6706
30400 2.67253
30500 2.67444
30600 2.67635
30700 2.67826
30714 2.67853
30714 2.67853
30720 2.66949
30720 2.66949
30722 2.65424
30722 2.65424
30722 2.65424
30722 2.65424
30800 2.65578
30900 2.65775
31000 2.65971
31000 2.65971
31100 2.66167
31200 2.66362
31300 2.66556
31400 2.6675
31500 2.66943
31600 2.67136
31700 2.67328
31800 2.67519
31900 2.6771
32000 2.67901
32000 2.67901
32100 2.6809
32200 2.68279
32300 2.68468
32400 2.68656
32500 2.68843
32600 2.6903
32700 2.69216
32762 2.69332
32762 2.69332
32768 2.68423
32768 2.68423
32770 2.6668
32770 2.6668
32770 2.6668
32770 2.6668
32800 2.66737
32900 2.6693
33000 2.67123
33000 2.67123
33100 2.67315
33200 2.67507
33300 2.67698
33400 2.67888
33500 2.68078
33600 2.68267
33700 2.68455
33800 2.68643
33900 2.68831
34000 2.69018
34000 2.69018
34100 2.69204
34200 2.6939
34300 2.69575
34400 2.69759
34500 2.69943
34600 2.70127
34700 2.7031
34800 2.70492
34810 2.70511
34810 2.70511
34816 2.69598
34816 2.69598
34900 2.69753
35000 2.69937
35000 2.69937
35100 2.7012
35200 2.70303
35300 2.70486
35400 2.70667
35500 2.70849
35600 2.71029
35700 2.71209
35800 2.71389
35900 2.71568
36000 2.71747
36000 2.71747
36100 2.71925
36200 2.72102
36300 2.72279
36400 2.72455
36500 2.72631
36600 2.72806
36700 2.72981
36800 2.73155
36858 2.73257
36858 2.73257
36864 2.72333
36864 2.72333
36866 2.70655
36866 2.70655
36866 2.70655
36866 2.70655
36900 2.70717
37000 2.70898
37000 2.70898
37100 2.71078
37200 2.71258
37300 2.71438
37400 2.71617
37500 2.71795
37600 2.71973
37700 2.7215
37800 2.72327
37900 2.72503
38000 2.72679
38000 2.72679
38100 2.72854
38200 2.73028
38300 2.73202
38400 2.73376
38500 2.73549
38600 2.73721
38700 2.73893
38800 2.74064
38900 2.74235
38906 2.74246
38906 2.74246
38912 2.73319
38912 2.73319
38914 2.71757
38914 2.71757
38914 2.71757
38914 2.71757
39000 2.7191
39000 2.7191
39100 2.72088
39200 2.72265
39300 2.72441
39400 2.72617
39500 2.72792
39600 2.72967
39700 2.73141
39800 2.73315
39900 2.73488
40000 2.73661
40000 2.73661
40082 2.73803
40082 2.73803
40082 2.73803
40082 2.73803
40082 2.73803
40089 2.61714
40089 2.61714
40090 2.61689
40090 2.61689
40091 2.60955
40091 2.60955
40091 2.60955
40091 2.60955
40100 2.60974
40200 2.61185
40300 2.61395
40400 2.61604
40500 2.61813
40600 2.62022
40700 2.62229
40800 2.62436
40900 2.62643
40954 2.62755
40954 2.62755
40960 2.61869
40960 2.61869
40962 2.60169
40962 2.60169
40962 2.60169
40962 2.60169
41000 2.60249
41000 2.60249
41100 2.60462
41200 2.60675
41300 2.60887
41400 2.61098
41500 2.61308
41600 2.61518
41700 2.61727
41800 2.61936
41900 2.62144
42000 2.62351
42000 2.62351
42100 2.62558
42200 2.62764
42300 2.62969
42400 2.63174
42500 2.63378
42600 2.63582
42700 2.63785
42800 2.63987
42900 2.64189
43000 2.6439
43000 2.6439
43002 2.64395
43002 2.64395
43008 2.63503
43008 2.63503
43100 2.6369
43200 2.63893
43300 2.64094
43400 2.64296
43500 2.64497
43600 2.64697
43700 2.64896
43800 2.65095
43900 2.65293
44000 2.65491
44000 2.65491
44100 2.65688
44200 2.65885
44300 2.6608
44400 2.66276
44500 2.6647
44600 2.66664
44700 2.66858
44800 2.67051
44900 2.67243
45000 2.67435
45000 2.67435
45050 2.67531
45050 2.67531
45056 2.66629
45056 2.66629
45058 2.64986
45058 2.64986
45058 2.64986
45058 2.64986
45100 2.65069
45200 2.65268
45300 2.65465
45400 2.65663
45500 2.65859
45600 2.66055
45700 2.6625
45800 2.66445
45900 2.66639
46000 2.66833
46000 2.66833
46100 2.67026
46200 2.67218
46300 2.6741
46400 2.67601
46500 2.67792
46600 2.67982
46700 2.68171
46800 2.6836
46900 2.68549
47000 2.68736
47000 2.68736
47098 2.6892
47098 2.6892
47100 2.68662
47104 2.68013
47104 2.68013
47106 2.66481
47106 2.66481
47106 2.66481
47106 2.66481
47200 2.66664
47300 2.66857
47400 2.6705
47500 2.67242
47600 2.67434
47700 2.67625
47800 2.67816
47900 2.68006
48000 2.68195
48000 2.68195
48100 2.68384
48200 2.68572
48300 2.6876
48400 2.68947
48500 2.69133
48600 2.69319
48700 2.69505
48800 2.6969
48900 2.69874
49000 2.70057
49000 2.70057
49100 2.70241
49146 2.70325
49146 2.70325
49152 2.69413
49152 2.69413
49154 2.67753
49154 2.67753
49154 2.67753
49154 2.67753
49200 2.6784
49300 2.6803
49400 2.68219
49500 2.68408
49600 2.68596
49700 2.68784
49800 2.68971
49900 2.69157
50000 2.69343
50000 2.69343
50082 2.69496
50082 2.69496
50082 2.69496
50082 2.69496
50082 2.69496
50089 2.57598
50089 2.57598
50090 2.57574
50090 2.57574
50091 2.56851
50091 2.56851
50091 2.56851
50091 2.56851
50100 2.56871
50200 2.57095
50300 2.57318
50400 2.5754
50500 2.57761
50600 2.57982
50700 2.58202
50800 2.58421
50900 2.5864
51000 2.58858
51000 2.58858
51100 2.59075
51194 2.5928
51194 2.5928
51200 2.58407
51200 2.58407
51200 2.58407
51202 2.56931
51202 2.56931
51202 2.56931
51202 2.56931
51300 2.5715
51400 2.57372
51500 2.57594
51600 2.57815
51700 2.58036
51800 2.58256
51900 2.58475
52000 2.58693
52000 2.58693
52100 2.58911
52200 2.59128
52300 2.59345
52400 2.59561
52500 2.59776
52600 2.59991
52700 2.60204
52800 2.60418
52900 2.6063
53000 2.60842
53000 2.60842
53100 2.61053
53200 2.61264
53242 2.61353
53242 2.61353
53248 2.60473
53248 2.60473
53250 2.58781
53250 2.58781
53250 2.58781
53250 2.58781
53300 2.5889
53400 2.59107
53500 2.59323
53600 2.59539
53700 2.59755
53800 2.59969
53900 2.60183
54000 2.60396
54000 2.60396
54100 2.60609
54200 2.60821
54300 2.61032
54400 2.61243
54500 2.61453
54600 2.61663
54700 2.61871
54800 2.6208
54900 2.62287
55000 2.62494
55000 2.62494
55100 2.627
55200 2.62906
55290 2.63091
55290 2.63091
55296 2.62204
55296 2.62204
55300 2.62213
55400 2.6242
55500 2.62626
55600 2.62832
55700 2.63037
55800 2.63242
55900 2.63446
56000 2.63649
56000 2.63649
56100 2.63852
56200 2.64054
56300 2.64255
56400 2.64456
56500 2.64656
56600 2.64856
56700 2.65055
56800 2.65253
56900 2.65451
57000 2.65648
57000 2.65648
57100 2.65845
57200 2.66041
57300 2.66236
57338 2.66311
57338 2.66311
57344 2.65413
57344 2.65413
57346 2.63778
57346 2.63778
57346 2.63778
57346 2.63778
57400 2.63887
57500 2.64089
57600 2.6429
57700 2.64491
57800 2.64691
57900 2.64891
58000 2.6509
58000 2.6509
58100 2.65288
58200 2.65486
58300 2.65683
58400 2.65879
58500 2.66075
58600 2.6627
58700 2.66465
58800 2.66659
58900 2.66853
59000 2.67046
59000 2.67046
59100 2.67238
59200 2.6743
59300 2.67621
59386 2.67785
59386 2.67785
59392 2.66882
59392 2.66882
59394 2.65357
59394 2.65357
59394 2.65357
59394 2.65357
59400 2.65369
59500 2.65566
59600 2.65763
59700 2.65959
59800 2.66155
59900 2.6635
60000 2.66544
60000 2.66544
60082 2.66705
60082 2.66705
60082 2.66705
60082 2.66705
60082 2.66705
60089 2.54931
60089 2.54931
60090 2.54906
60090 2.54906
60091 2.54192
60091 2.54192
60091 2.54192
60091 2.54192
60100 2.54213
60200 2.54444
60300 2.54675
60400 2.54905
60500 2.55135
60600 2.55363
60700 2.55591
60800 2.55819
60900 2.56045
61000 2.56271
61000 2.56271
61100 2.56496
61200 2.56721
61300 2.56945
61400 2.57168
61434 2.57245
61434 2.57245
61440 2.56379
61440 2.56379
61442 2.54715
61442 2.54715
61442 2.54715
61442 2.54715
61500 2.54847
61600 2.55077
61700 2.55306
61800 2.55534
61900 2.55762
62000 2.55988
62000 2.55988
62100 2.56215
62200 2.5644
62300 2.56665
62400 2.56889
62500 2.57112
62600 2.57335
62700 2.57557
62800 2.57778
62900 2.57999
63000 2.58219
63000 2.58219
63100 2.58438
63200 2.58657
63300 2.58875
63400 2.59092
63482 2.59271
63482 2.59271
63488 2.58397
63488 2.58397
63500 2.58424
63600 2.58642
63700 2.5886
63800 2.59078
63900 2.59294
