0 3.03099
0 3.03099
0 3.03099
2 3.03099
2 3.03099
100 3.03099
200 3.03099
300 3.03099
400 3.03099
500 3.03099
600 3.03099
700 3.03099
800 3.03099
900 3.03099
1000 3.03099
1000 3.03099
1100 3.03099
1200 3.03099
1300 3.03099
1400 3.03099
1500 3.03099
1600 3.03099
1700 3.03099
1800 3.03099
1900 3.03099
2000 3.03099
2000 3.03099
2048 3.03099
2048 3.03099
2050 3.03099
2050 3.03099
2100 3.03099
2200 3.03099
2300 3.03099
2400 3.03099
2500 3.03099
2600 3.03099
2700 3.03099
2800 3.03099
2900 3.03099
3000 3.03099
3000 3.03099
3100 3.03099
3200 3.03099
3300 3.03099
3400 3.03099
3500 3.03099
3600 3.03099
3700 3.03099
3800 3.03099
3900 3.03099
4000 3.03099
4000 3.03099
4096 3.03099
4096 3.03099
4098 3.03099
4098 3.03099
4100 3.03099
4200 3.03099
4300 3.03099
4400 3.03099
4500 3.03099
4502 3.03099
4502 3.03099
4504 3.03099
4504 3.03099
4504 3.03099
4504 3.03099
4505 3.03099
4505 3.03099
4505 3.03099
4505 3.03099
4506 3.03099
4506 3.03099
4506 3.03099
4506 3.03099
4507 3.03099
4507 3.03099
4600 3.03099
4700 3.03099
4800 3.03099
4900 3.03099
5000 3.03099
5000 3.03099
5100 3.03099
5200 3.03099
5300 3.03099
5400 3.03099
5500 3.03099
5600 3.03099
5700 3.03099
5800 3.03099
5900 3.03099
6000 3.03099
6000 3.03099
6100 3.03099
6144 3.03099
6144 3.03099
6146 3.02577
6146 3.02577
6146 3.02577
6146 3.02577
6200 3.02591
6300 3.02616
6400 3.02641
6500 3.02666
6600 3.02691
6700 3.02716
6800 3.02741
6900 3.02766
7000 3.02791
7000 3.02791
7100 3.02816
7200 3.02841
7300 3.02866
7400 3.02891
7500 3.02916
7600 3.02941
7700 3.02965
7800 3.0299
7900 3.03015
8000 3.0304
8000 3.0304
8100 3.03064
8186 3.03086
8186 3.03086
8192 3.02776
8192 3.02776
8194 3.02215
8194 3.02215
8194 3.02215
8194 3.02215
8200 3.02216
8300 3.02242
8400 3.02267
8500 3.02293
8600 3.02318
8700 3.02343
8800 3.02369
8900 3.02394
9000 3.02419
9000 3.02419
9100 3.02445
9200 3.0247
9300 3.02495
9400 3.0252
9500 3.02545
9600 3.02571
9700 3.02596
9800 3.02621
9900 3.02646
10000 3.02671
10000 3.02671
10082 3.02692
10082 3.02692
10082 3.02692
10082 3.02692
10082 3.02692
10089 2.98616
10089 2.98616
10090 2.98607
10090 2.98607
10091 2.98356
10091 2.98356
10091 2.98356
10091 2.98356
10100 2.98358
10200 2.98387
10234 2.98397
10234 2.98397
10240 2.98093
10240 2.98093
10242 2.9758
10242 2.9758
10242 2.9758
10242 2.9758
10300 2.97597
10400 2.97627
10500 2.97657
10600 2.97686
10700 2.97716
10800 2.97746
10900 2.97775
11000 2.97805
11000 2.97805
11100 2.97834
11200 2.97864
11300 2.97893
11400 2.97923
11500 2.97952
11600 2.97982
11700 2.98011
11800 2.9804
11900 2.9807
12000 2.98099
12000 2.98099
12100 2.98128
12200 2.98157
12282 2.98181
12282 2.98181
12288 2.97877
12288 2.97877
12290 2.97295
12290 2.97295
12290 2.97295
12290 2.97295
12300 2.97298
12400 2.97327
12500 2.97357
12600 2.97387
12700 2.97417
12800 2.97447
12900 2.97477
13000 2.97507
13000 2.97507
13100 2.97537
13200 2.97566
13300 2.97596
13400 2.97626
13500 2.97656
13600 2.97685
13700 2.97715
13800 2.97744
13900 2.97774
14000 2.97804
14000 2.97804
14100 2.97833
14200 2.97863
14300 2.97892
14330 2.97901
14330 2.97901
14336 2.97597
14336 2.97597
14400 2.97616
14500 2.97646
14600 2.97676
14700 2.97705
14800 2.97735
14900 2.97764
15000 2.97794
15000 2.97794
15100 2.97823
15200 2.97853
15300 2.97882
15400 2.97912
15500 2.97941
15600 2.97971
15700 2.98
15800 2.98029
15900 2.98059
16000 2.98088
16000 2.98088
16100 2.98117
16200 2.98147
16300 2.98176
16378 2.98199
16378 2.98199
16384 2.97894
16384 2.97894
16386 2.97342
16386 2.97342
16386 2.97342
16386 2.97342
16400 2.97346
16500 2.97376
16600 2.97406
16700 2.97436
16800 2.97466
16900 2.97496
17000 2.97525
17000 2.97525
17100 2.97555
17200 2.97585
17300 2.97615
17400 2.97644
17500 2.97674
17600 2.97704
17700 2.97733
17800 2.97763
17900 2.97792
18000 2.97822
18000 2.97822
18100 2.97851
18200 2.97881
18300 2.9791
18400 2.9794
18426 2.97948
18426 2.97948
18432 2.97644
18432 2.97644
18434 2.97132
18434 2.97132
18434 2.97132
18434 2.97132
18500 2.97152
18600 2.97182
18700 2.97212
18800 2.97242
18900 2.97272
19000 2.97302
19000 2.97302
19100 2.97332
19200 2.97362
19300 2.97392
19400 2.97422
19500 2.97452
19600 2.97481
19700 2.97511
19800 2.97541
19900 2.97571
20000 2.97601
20000 2.97601
20082 2.97625
20082 2.97625
20082 2.97625
20082 2.97625
20082 2.97625
20089 2.93618
20089 2.93618
20090 2.9361
20090 2.9361
20091 2.93362
20091 2.93362
20091 2.93362
20091 2.93362
20100 2.93365
20200 2.93399
20300 2.93432
20400 2.93466
20474 2.93491
20474 2.93491
20480 2.93191
20480 2.93191
20482 2.92618
20482 2.92618
20482 2.92618
20482 2.92618
20500 2.92624
20600 2.92659
20700 2.92693
20800 2.92727
20900 2.92761
21000 2.92795
21000 2.92795
21100 2.92829
21200 2.92864
21300 2.92898
21400 2.92932
21500 2.92966
21600 2.93
21700 2.93034
21800 2.93067
21900 2.93101
22000 2.93135
22000 2.93135
22100 2.93169
22200 2.93203
22300 2.93236
22400 2.9327
22500 2.93304
22522 2.93311
22522 2.93311
22528 2.93012
22528 2.93012
22600 2.93037
22700 2.93071
22800 2.93105
22900 2.93139
23000 2.93172
23000 2.93172
23100 2.93206
23200 2.9324
23300 2.93274
23400 2.93307
23500 2.93341
23600 2.93375
23700 2.93408
23800 2.93442
23900 2.93475
24000 2.93509
24000 2.93509
24100 2.93542
24200 2.93576
24300 2.93609
24400 2.93642
24500 2.93676
24570 2.93699
24570 2.93699
24576 2.934
24576 2.934
24578 2.92856
24578 2.92856
24578 2.92856
24578 2.92856
24600 2.92863
24700 2.92897
24800 2.92931
24900 2.92965
25000 2.92999
25000 2.92999
25100 2.93033
25200 2.93067
25300 2.93101
25400 2.93135
25500 2.93169
25600 2.93202
25700 2.93236
25800 2.9327
25900 2.93304
26000 2.93337
26000 2.93337
26100 2.93371
26200 2.93404
26300 2.93438
26400 2.93472
26500 2.93505
26600 2.93538
26618 2.93545
26618 2.93545
26624 2.93245
26624 2.93245
26626 2.92741
26626 2.92741
26626 2.92741
26626 2.92741
26700 2.92766
26800 2.92801
26900 2.92835
27000 2.92869
27000 2.92869
27100 2.92903
27200 2.92937
27300 2.92971
27400 2.93005
27500 2.93039
27600 2.93073
27700 2.93107
27800 2.9314
27900 2.93174
28000 2.93208
28000 2.93208
28100 2.93242
28200 2.93275
28300 2.93309
28400 2.93343
28500 2.93376
28600 2.9341
28666 2.93432
28666 2.93432
28672 2.93133
28672 2.93133
28674 2.9259
28674 2.9259
28674 2.9259
28674 2.9259
28700 2.92598
28800 2.92633
28900 2.92667
29000 2.92701
29000 2.92701
29100 2.92736
29200 2.9277
29300 2.92804
29400 2.92838
29500 2.92872
29600 2.92906
29700 2.9294
29800 2.92974
29900 2.93008
30000 2.93042
30000 2.93042
30082 2.9307
30082 2.9307
30082 2.9307
30082 2.9307
30082 2.9307
30089 2.89125
30089 2.89125
30090 2.89116
30090 2.89116
30091 2.88872
30091 2.88872
30091 2.88872
30091 2.88872
30100 2.88876
30200 2.88914
30300 2.88951
30400 2.88989
30500 2.89026
30600 2.89064
30700 2.89102
30714 2.89107
30714 2.89107
30720 2.88813
30720 2.88813
30722 2.88316
30722 2.88316
30722 2.88316
30722 2.88316
30800 2.88346
30900 2.88384
31000 2.88422
31000 2.88422
31100 2.8846
31200 2.88498
31300 2.88537
31400 2.88575
31500 2.88613
31600 2.88651
31700 2.88688
31800 2.88726
31900 2.88764
32000 2.88802
32000 2.88802
32100 2.8884
32200 2.88878
32300 2.88915
32400 2.88953
32500 2.88991
32600 2.89028
32700 2.89066
32762 2.89089
32762 2.89089
32768 2.88795
32768 2.88795
32770 2.8823
32770 2.8823
32770 2.8823
32770 2.8823
32800 2.88242
32900 2.8828
33000 2.88318
33000 2.88318
33100 2.88356
33200 2.88395
33300 2.88433
33400 2.88471
33500 2.88509
33600 2.88547
33700 2.88585
33800 2.88623
33900 2.88661
34000 2.88699
34000 2.88699
34100 2.88737
34200 2.88775
34300 2.88813
34400 2.8885
34500 2.88888
34600 2.88926
34700 2.88963
34800 2.89001
34810 2.89005
34810 2.89005
34816 2.88711
34816 2.88711
34900 2.88742
35000 2.8878
35000 2.8878
35100 2.88818
35200 2.88856
35300 2.88894
35400 2.88931
35500 2.88969
35600 2.89007
35700 2.89044
35800 2.89082
35900 2.89119
36000 2.89157
36000 2.89157
36100 2.89194
36200 2.89232
36300 2.89269
36400 2.89306
36500 2.89344
36600 2.89381
36700 2.89418
36800 2.89456
36858 2.89477
36858 2.89477
36864 2.89183
36864 2.89183
36866 2.88646
36866 2.88646
36866 2.88646
36866 2.88646
36900 2.88659
37000 2.88697
37000 2.88697
37100 2.88735
37200 2.88773
37300 2.88811
37400 2.88848
37500 2.88886
37600 2.88924
37700 2.88962
37800 2.88999
37900 2.89037
38000 2.89074
38000 2.89074
38100 2.89112
38200 2.89149
38300 2.89187
38400 2.89224
38500 2.89262
38600 2.89299
38700 2.89336
38800 2.89374
38900 2.89411
38906 2.89413
38906 2.89413
38912 2.89119
38912 2.89119
38914 2.88622
38914 2.88622
38914 2.88622
38914 2.88622
39000 2.88654
39000 2.88654
39100 2.88692
39200 2.8873
39300 2.88768
39400 2.88806
39500 2.88843
39600 2.88881
39700 2.88919
39800 2.88957
39900 2.88994
40000 2.89032
40000 2.89032
40082 2.89063
40082 2.89063
40082 2.89063
40082 2.89063
40082 2.89063
40089 2.85172
40089 2.85172
40090 2.85163
40090 2.85163
40091 2.84923
40091 2.84923
40091 2.84923
40091 2.84923
40100 2.84927
40200 2.84968
40300 2.85009
40400 2.85051
40500 2.85092
40600 2.85133
40700 2.85174
40800 2.85215
40900 2.85256
40954 2.85279
40954 2.85279
40960 2.84989
40960 2.84989
40962 2.84432
40962 2.84432
40962 2.84432
40962 2.84432
41000 2.84447
41000 2.84447
41100 2.84489
41200 2.84531
41300 2.84572
41400 2.84614
41500 2.84656
41600 2.84697
41700 2.84739
41800 2.8478
41900 2.84822
42000 2.84863
42000 2.84863
42100 2.84905
42200 2.84946
42300 2.84987
42400 2.85029
42500 2.8507
42600 2.85111
42700 2.85152
42800 2.85194
42900 2.85235
43000 2.85276
43000 2.85276
43002 2.85277
43002 2.85277
43008 2.84986
43008 2.84986
43100 2.85024
43200 2.85066
43300 2.85107
43400 2.85148
43500 2.85189
43600 2.8523
43700 2.85271
43800 2.85312
43900 2.85353
44000 2.85394
44000 2.85394
44100 2.85435
44200 2.85476
44300 2.85517
44400 2.85558
44500 2.85599
44600 2.85639
44700 2.8568
44800 2.85721
44900 2.85761
45000 2.85802
45000 2.85802
45050 2.85822
45050 2.85822
45056 2.85531
45056 2.85531
45058 2.85002
45058 2.85002
45058 2.85002
45058 2.85002
45100 2.85019
45200 2.85061
45300 2.85102
45400 2.85143
45500 2.85184
45600 2.85225
45700 2.85266
45800 2.85307
45900 2.85348
46000 2.85389
46000 2.85389
46100 2.8543
46200 2.85471
46300 2.85512
46400 2.85553
46500 2.85594
46600 2.85634
46700 2.85675
46800 2.85716
46900 2.85756
47000 2.85797
47000 2.85797
47098 2.85837
47098 2.85837
47100 2.85754
47104 2.85546
47104 2.85546
47106 2.85055
47106 2.85055
47106 2.85055
47106 2.85055
47200 2.85094
47300 2.85135
47400 2.85176
47500 2.85217
47600 2.85258
47700 2.85299
47800 2.8534
47900 2.85381
48000 2.85422
48000 2.85422
48100 2.85463
48200 2.85504
48300 2.85545
48400 2.85586
48500 2.85626
48600 2.85667
48700 2.85708
48800 2.85748
48900 2.85789
49000 2.85829
49000 2.85829
49100 2.8587
49146 2.85889
49146 2.85889
49152 2.85598
49152 2.85598
49154 2.85068
49154 2.85068
49154 2.85068
49154 2.85068
49200 2.85087
49300 2.85128
49400 2.8517
49500 2.85211
49600 2.85252
49700 2.85293
49800 2.85334
49900 2.85375
50000 2.85416
50000 2.85416
50082 2.8545
50082 2.8545
50082 2.8545
50082 2.8545
50082 2.8545
50089 2.81607
50089 2.81607
50090 2.81599
50090 2.81599
50091 2.81362
50091 2.81362
50091 2.81362
50091 2.81362
50100 2.81366
50200 2.8141
50300 2.81455
50400 2.815
50500 2.81544
50600 2.81588
50700 2.81633
50800 2.81677
50900 2.81722
51000 2.81766
51000 2.81766
51100 2.8181
51194 2.81852
51194 2.81852
51200 2.81565
51200 2.81565
51200 2.81565
51202 2.81081
51202 2.81081
51202 2.81081
51202 2.81081
51300 2.81125
51400 2.8117
51500 2.81215
51600 2.8126
51700 2.81304
51800 2.81349
51900 2.81394
52000 2.81438
52000 2.81438
52100 2.81483
52200 2.81527
52300 2.81572
52400 2.81616
52500 2.81661
52600 2.81705
52700 2.81749
52800 2.81794
52900 2.81838
53000 2.81882
53000 2.81882
53100 2.81926
53200 2.8197
53242 2.81989
53242 2.81989
53248 2.81702
53248 2.81702
53250 2.81152
53250 2.81152
53250 2.81152
53250 2.81152
53300 2.81174
53400 2.81219
53500 2.81263
53600 2.81308
53700 2.81353
53800 2.81397
53900 2.81442
54000 2.81487
54000 2.81487
54100 2.81531
54200 2.81575
54300 2.8162
54400 2.81664
54500 2.81709
54600 2.81753
54700 2.81797
54800 2.81841
54900 2.81886
55000 2.8193
55000 2.8193
55100 2.81974
55200 2.82018
55290 2.82058
55290 2.82058
55296 2.81771
55296 2.81771
55300 2.81773
55400 2.81817
55500 2.81861
55600 2.81905
55700 2.81949
55800 2.81993
55900 2.82037
56000 2.82081
56000 2.82081
56100 2.82125
56200 2.82169
56300 2.82213
56400 2.82257
56500 2.82301
56600 2.82345
56700 2.82388
56800 2.82432
56900 2.82476
57000 2.82519
57000 2.82519
57100 2.82563
57200 2.82606
57300 2.8265
57338 2.82666
57338 2.82666
57344 2.82379
57344 2.82379
57346 2.81856
57346 2.81856
57346 2.81856
57346 2.81856
57400 2.81879
57500 2.81923
57600 2.81968
57700 2.82012
57800 2.82056
57900 2.821
58000 2.82144
58000 2.82144
58100 2.82187
58200 2.82231
58300 2.82275
58400 2.82319
58500 2.82363
58600 2.82406
58700 2.8245
58800 2.82494
58900 2.82537
59000 2.82581
59000 2.82581
59100 2.82624
59200 2.82668
59300 2.82711
59386 2.82749
59386 2.82749
59392 2.82461
59392 2.82461
59394 2.81976
59394 2.81976
59394 2.81976
59394 2.81976
59400 2.81978
59500 2.82022
59600 2.82066
59700 2.8211
59800 2.82154
59900 2.82198
60000 2.82242
60000 2.82242
60082 2.82278
60082 2.82278
60082 2.82278
60082 2.82278
60082 2.82278
60089 2.78479
60089 2.78479
60090 2.78471
60090 2.78471
60091 2.78236
60091 2.78236
60091 2.78236
60091 2.78236
60100 2.7824
60200 2.78288
60300 2.78335
60400 2.78383
60500 2.7843
60600 2.78477
60700 2.78525
60800 2.78572
60900 2.78619
61000 2.78666
61000 2.78666
61100 2.78713
61200 2.7876
61300 2.78807
61400 2.78854
61434 2.7887
61434 2.7887
61440 2.78587
61440 2.78587
61442 2.78043
61442 2.78043
61442 2.78043
61442 2.78043
61500 2.7807
61600 2.78118
61700 2.78165
61800 2.78213
61900 2.7826
62000 2.78308
62000 2.78308
62100 2.78355
62200 2.78403
62300 2.7845
62400 2.78497
62500 2.78545
62600 2.78592
62700 2.78639
62800 2.78686
62900 2.78733
63000 2.7878
63000 2.7878
63100 2.78827
63200 2.78874
63300 2.78921
63400 2.78968
63482 2.79006
63482 2.79006
63488 2.78723
63488 2.78723
63500 2.78728
63600 2.78776
63700 2.78823
63800 2.78869
63900 2.78916
