0 3.03099
0 3.03099
0 3.03099
2 3.03099
2 3.03099
100 3.03099
200 3.03099
300 3.03099
400 3.03099
500 3.03099
600 3.03099
700 3.03099
800 3.03099
900 3.03099
1000 3.03099
1000 3.03099
1100 3.03099
1200 3.03099
1300 3.03099
1400 3.03099
1500 3.03099
1600 3.03099
1700 3.03099
1800 3.03099
1900 3.03099
2000 3.03099
2000 3.03099
2048 3.03099
2048 3.03099
2050 3.03099
2050 3.03099
2100 3.03099
2200 3.03099
2300 3.03099
2400 3.03099
2500 3.03099
2600 3.03099
2700 3.03099
2800 3.03099
2900 3.03099
3000 3.03099
3000 3.03099
3100 3.03099
3200 3.03099
3300 3.03099
3400 3.03099
3500 3.03099
3600 3.03099
3700 3.03099
3800 3.03099
3900 3.03099
4000 3.03099
4000 3.03099
4096 3.03099
4096 3.03099
4098 3.03099
4098 3.03099
4100 3.03099
4200 3.03099
4300 3.03099
4400 3.03099
4500 3.03099
4502 3.03099
4502 3.03099
4504 3.03099
4504 3.03099
4504 3.03099
4504 3.03099
4505 3.03099
4505 3.03099
4505 3.03099
4505 3.03099
4506 3.03099
4506 3.03099
4506 3.03099
4506 3.03099
4507 3.03099
4507 3.03099
4600 3.03099
4700 3.03099
4800 3.03099
4900 3.03099
5000 3.03099
5000 3.03099
5100 3.03099
5200 3.03099
5300 3.03099
5400 3.03099
5500 3.03099
5600 3.03099
5700 3.03099
5800 3.03099
5900 3.03099
6000 3.03099
6000 3.03099
6100 3.03099
6144 3.03099
6144 3.03099
6146 3.02579
6146 3.02579
6146 3.02579
6146 3.02579
6200 3.02647
6300 3.02772
6400 3.02897
6500 3.03021
6600 3.03145
6700 3.03268
6800 3.0339
6900 3.03512
7000 3.03633
7000 3.03633
7100 3.03754
7200 3.03874
7300 3.03994
7400 3.04113
7500 3.04232
7600 3.0435
7700 3.04467
7800 3.04584
7900 3.04701
8000 3.04816
8000 3.04816
8100 3.04932
8186 3.05031
8186 3.05031
8192 3.04725
8192 3.04725
8194 3.04161
8194 3.04161
8194 3.04161
8194 3.04161
8200 3.04168
8300 3.04287
8400 3.04404
8500 3.04521
8600 3.04638
8700 3.04754
8800 3.0487
8900 3.04985
9000 3.051
9000 3.051
9100 3.05214
9200 3.05327
9300 3.0544
9400 3.05553
9500 3.05665
9600 3.05776
9700 3.05887
9800 3.05997
9900 3.06107
10000 3.06217
10000 3.06217
10082 3.06307
10082 3.06307
10082 3.06307
10082 3.06307
10082 3.06307
10089 3.02189
10089 3.02189
10090 3.0218
10090 3.0218
10091 3.01927
10091 3.01927
10091 3.01927
10091 3.01927
10100 3.01938
10200 3.02067
10234 3.02111
10234 3.02111
10240 3.01808
10240 3.01808
10242 3.01291
10242 3.01291
10242 3.01291
10242 3.01291
10300 3.01367
10400 3.01498
10500 3.01629
10600 3.01759
10700 3.01888
10800 3.02017
10900 3.02145
11000 3.02273
11000 3.02273
11100 3.024
11200 3.02526
11300 3.02652
11400 3.02777
11500 3.02902
11600 3.03026
11700 3.03149
11800 3.03272
11900 3.03395
12000 3.03517
12000 3.03517
12100 3.03638
12200 3.03759
12282 3.03858
12282 3.03858
12288 3.03553
12288 3.03553
12290 3.02961
12290 3.02961
12290 3.02961
12290 3.02961
12300 3.02973
12400 3.03097
12500 3.0322
12600 3.03343
12700 3.03465
12800 3.03587
12900 3.03708
13000 3.03828
13000 3.03828
13100 3.03948
13200 3.04067
13300 3.04186
13400 3.04304
13500 3.04422
13600 3.04539
13700 3.04656
13800 3.04772
13900 3.04887
14000 3.05002
14000 3.05002
14100 3.05117
14200 3.05231
14300 3.05344
14330 3.05378
14330 3.05378
14336 3.05072
14336 3.05072
14400 3.05145
14500 3.05259
14600 3.05372
14700 3.05485
14800 3.05597
14900 3.05709
15000 3.0582
15000 3.0582
15100 3.05931
15200 3.06041
15300 3.06151
15400 3.0626
15500 3.06369
15600 3.06477
15700 3.06585
15800 3.06692
15900 3.06799
16000 3.06905
16000 3.06905
16100 3.07011
16200 3.07116
16300 3.07221
16378 3.07302
16378 3.07302
16384 3.06993
16384 3.06993
16386 3.06425
16386 3.06425
16386 3.06425
16386 3.06425
16400 3.0644
16500 3.06548
16600 3.06656
16700 3.06763
16800 3.06869
16900 3.06975
17000 3.0708
17000 3.0708
17100 3.07185
17200 3.0729
17300 3.07394
17400 3.07497
17500 3.076
17600 3.07703
17700 3.07805
17800 3.07907
17900 3.08008
18000 3.08109
18000 3.08109
18100 3.08209
18200 3.08309
18300 3.08408
18400 3.08507
18426 3.08533
18426 3.08533
18432 3.08222
18432 3.08222
18434 3.07693
18434 3.07693
18434 3.07693
18434 3.07693
18500 3.07761
18600 3.07863
18700 3.07964
18800 3.08065
18900 3.08165
19000 3.08265
19000 3.08265
19100 3.08365
19200 3.08464
19300 3.08563
19400 3.08661
19500 3.08759
19600 3.08856
19700 3.08953
19800 3.09049
19900 3.09145
20000 3.09241
20000 3.09241
20082 3.09319
20082 3.09319
20082 3.09319
20082 3.09319
20082 3.09319
20089 3.0516
20089 3.0516
20090 3.05151
20090 3.05151
20091 3.04895
20091 3.04895
20091 3.04895
20091 3.04895
20100 3.04905
20200 3.0502
20300 3.05134
20400 3.05248
20474 3.05332
20474 3.05332
20480 3.05026
20480 3.05026
20482 3.04431
20482 3.04431
20482 3.04431
20482 3.04431
20500 3.04452
20600 3.04569
20700 3.04685
20800 3.04801
20900 3.04917
21000 3.05031
21000 3.05031
21100 3.05146
21200 3.0526
21300 3.05373
21400 3.05486
21500 3.05598
21600 3.0571
21700 3.05821
21800 3.05932
21900 3.06042
22000 3.06152
22000 3.06152
22100 3.06261
22200 3.0637
22300 3.06478
22400 3.06586
22500 3.06693
22522 3.06717
22522 3.06717
22528 3.06408
22528 3.06408
22600 3.06486
22700 3.06594
22800 3.06701
22900 3.06808
23000 3.06914
23000 3.06914
23100 3.0702
23200 3.07125
23300 3.0723
23400 3.07334
23500 3.07438
23600 3.07541
23700 3.07644
23800 3.07746
23900 3.07848
24000 3.0795
24000 3.0795
24100 3.08051
24200 3.08151
24300 3.08251
24400 3.08351
24500 3.0845
24570 3.08519
24570 3.08519
24576 3.08209
24576 3.08209
24578 3.07638
24578 3.07638
24578 3.07638
24578 3.07638
24600 3.07661
24700 3.07763
24800 3.07865
24900 3.07966
25000 3.08067
25000 3.08067
25100 3.08168
25200 3.08268
25300 3.08367
25400 3.08466
25500 3.08565
25600 3.08663
25700 3.08761
25800 3.08858
25900 3.08955
26000 3.09051
26000 3.09051
26100 3.09147
26200 3.09243
26300 3.09338
26400 3.09432
26500 3.09527
26600 3.0962
26618 3.09637
26618 3.09637
26624 3.09325
26624 3.09325
26626 3.08795
26626 3.08795
26626 3.08795
26626 3.08795
26700 3.08866
26800 3.08963
26900 3.0906
27000 3.09155
27000 3.09155
27100 3.09251
27200 3.09346
27300 3.0944
27400 3.09535
27500 3.09628
27600 3.09722
27700 3.09814
27800 3.09907
27900 3.09999
28000 3.10091
28000 3.10091
28100 3.10182
28200 3.10272
28300 3.10363
28400 3.10453
28500 3.10542
28600 3.10631
28666 3.1069
28666 3.1069
28672 3.10377
28672 3.10377
28674 3.09802
28674 3.09802
28674 3.09802
28674 3.09802
28700 3.09826
28800 3.09919
28900 3.10011
29000 3.10102
29000 3.10102
29100 3.10193
29200 3.10284
29300 3.10374
29400 3.10464
29500 3.10554
29600 3.10643
29700 3.10731
29800 3.1082
29900 3.10907
30000 3.10995
30000 3.10995
30082 3.11067
30082 3.11067
30082 3.11067
30082 3.11067
30082 3.11067
30089 3.06883
30089 3.06883
30090 3.06874
30090 3.06874
30091 3.06616
30091 3.06616
30091 3.06616
30091 3.06616
30100 3.06626
30200 3.06733
30300 3.0684
30400 3.06946
30500 3.07051
30600 3.07156
30700 3.07261
30714 3.07276
30714 3.07276
30720 3.06967
30720 3.06967
30722 3.0644
30722 3.0644
30722 3.0644
30722 3.0644
30800 3.06524
30900 3.06632
31000 3.06739
31000 3.06739
31100 3.06846
31200 3.06952
31300 3.07057
31400 3.07162
31500 3.07267
31600 3.07371
31700 3.07475
31800 3.07578
31900 3.0768
32000 3.07783
32000 3.07783
32100 3.07884
32200 3.07986
32300 3.08086
32400 3.08187
32500 3.08287
32600 3.08386
32700 3.08485
32762 3.08547
32762 3.08547
32768 3.08236
32768 3.08236
32770 3.07635
32770 3.07635
32770 3.07635
32770 3.07635
32800 3.07665
32900 3.07767
33000 3.07869
33000 3.07869
33100 3.0797
33200 3.08071
33300 3.08172
33400 3.08272
33500 3.08371
33600 3.0847
33700 3.08569
33800 3.08667
33900 3.08765
34000 3.08862
34000 3.08862
34100 3.08959
34200 3.09055
34300 3.09151
34400 3.09247
34500 3.09342
34600 3.09436
34700 3.0953
34800 3.09624
34810 3.09634
34810 3.09634
34816 3.09322
34816 3.09322
34900 3.09401
35000 3.09495
35000 3.09495
35100 3.09589
35200 3.09683
35300 3.09776
35400 3.09868
35500 3.09961
35600 3.10052
35700 3.10144
35800 3.10235
35900 3.10325
36000 3.10415
36000 3.10415
36100 3.10505
36200 3.10594
36300 3.10683
36400 3.10772
36500 3.1086
36600 3.10947
36700 3.11035
36800 3.11121
36858 3.11172
36858 3.11172
36864 3.10858
36864 3.10858
36866 3.10282
36866 3.10282
36866 3.10282
36866 3.10282
36900 3.10313
37000 3.10403
37000 3.10403
37100 3.10493
37200 3.10582
37300 3.10671
37400 3.1076
37500 3.10848
37600 3.10935
37700 3.11023
37800 3.1111
37900 3.11196
38000 3.11282
38000 3.11282
38100 3.11368
38200 3.11453
38300 3.11538
38400 3.11623
38500 3.11707
38600 3.11791
38700 3.11874
38800 3.11957
38900 3.1204
38906 3.12045
38906 3.12045
38912 3.1173
38912 3.1173
38914 3.11195
38914 3.11195
38914 3.11195
38914 3.11195
39000 3.11269
39000 3.11269
39100 3.11354
39200 3.1144
39300 3.11525
39400 3.11609
39500 3.11694
39600 3.11777
39700 3.11861
39800 3.11944
39900 3.12027
40000 3.12109
40000 3.12109
40082 3.12177
40082 3.12177
40082 3.12177
40082 3.12177
40082 3.12177
40089 3.07978
40089 3.07978
40090 3.07969
40090 3.07969
40091 3.0771
40091 3.0771
40091 3.0771
40091 3.0771
40100 3.07719
40200 3.07821
40300 3.07923
40400 3.08024
40500 3.08125
40600 3.08225
40700 3.08324
40800 3.08424
40900 3.08522
40954 3.08576
40954 3.08576
40960 3.08265
40960 3.08265
40962 3.07664
40962 3.07664
40962 3.07664
40962 3.07664
41000 3.07702
41000 3.07702
41100 3.07805
41200 3.07906
41300 3.08007
41400 3.08108
41500 3.08208
41600 3.08308
41700 3.08408
41800 3.08506
41900 3.08605
42000 3.08703
42000 3.08703
42100 3.088
42200 3.08897
42300 3.08994
42400 3.0909
42500 3.09186
42600 3.09281
42700 3.09376
42800 3.09471
42900 3.09565
43000 3.09658
43000 3.09658
43002 3.09661
43002 3.09661
43008 3.09348
43008 3.09348
43100 3.09435
43200 3.09529
43300 3.09623
43400 3.09716
43500 3.09809
43600 3.09902
43700 3.09994
43800 3.10085
43900 3.10177
44000 3.10267
44000 3.10267
44100 3.10358
44200 3.10448
44300 3.10537
44400 3.10626
44500 3.10715
44600 3.10803
44700 3.10891
44800 3.10979
44900 3.11066
45000 3.11153
45000 3.11153
45050 3.11196
45050 3.11196
45056 3.10882
45056 3.10882
45058 3.10307
45058 3.10307
45058 3.10307
45058 3.10307
45100 3.10344
45200 3.10434
45300 3.10524
45400 3.10613
45500 3.10702
45600 3.1079
45700 3.10878
45800 3.10966
45900 3.11053
46000 3.1114
46000 3.1114
46100 3.11226
46200 3.11312
46300 3.11398
46400 3.11483
46500 3.11568
46600 3.11652
46700 3.11736
46800 3.1182
46900 3.11903
47000 3.11986
47000 3.11986
47098 3.12067
47098 3.12067
47100 3.11977
47104 3.11752
47104 3.11752
47106 3.11217
47106 3.11217
47106 3.11217
47106 3.11217
47200 3.11297
47300 3.11383
47400 3.11468
47500 3.11553
47600 3.11638
47700 3.11722
47800 3.11805
47900 3.11889
48000 3.11972
48000 3.11972
48100 3.12054
48200 3.12136
48300 3.12218
48400 3.123
48500 3.12381
48600 3.12461
48700 3.12542
48800 3.12622
48900 3.12701
49000 3.1278
49000 3.1278
49100 3.12859
49146 3.12896
49146 3.12896
49152 3.12579
49152 3.12579
49154 3.12001
49154 3.12001
49154 3.12001
49154 3.12001
49200 3.12038
49300 3.12121
49400 3.12203
49500 3.12284
49600 3.12365
49700 3.12446
49800 3.12526
49900 3.12606
50000 3.12686
50000 3.12686
50082 3.12752
50082 3.12752
50082 3.12752
50082 3.12752
50082 3.12752
50089 3.08545
50089 3.08545
50090 3.08536
50090 3.08536
50091 3.08276
50091 3.08276
50091 3.08276
50091 3.08276
50100 3.08285
50200 3.08385
50300 3.08484
50400 3.08582
50500 3.0868
50600 3.08778
50700 3.08875
50800 3.08972
50900 3.09068
51000 3.09164
51000 3.09164
51100 3.0926
51194 3.09349
51194 3.09349
51200 3.09037
51200 3.09037
51200 3.09037
51202 3.08507
51202 3.08507
51202 3.08507
51202 3.08507
51300 3.08604
51400 3.08702
51500 3.08799
51600 3.08896
51700 3.08993
51800 3.09089
51900 3.09185
52000 3.0928
52000 3.0928
52100 3.09375
52200 3.09469
52300 3.09563
52400 3.09657
52500 3.0975
52600 3.09843
52700 3.09935
52800 3.10027
52900 3.10119
53000 3.1021
53000 3.1021
53100 3.103
53200 3.1039
53242 3.10429
53242 3.10429
53248 3.10115
53248 3.10115
53250 3.0951
53250 3.0951
53250 3.0951
53250 3.0951
53300 3.09557
53400 3.09651
53500 3.09744
53600 3.09836
53700 3.09929
53800 3.10021
53900 3.10112
54000 3.10203
54000 3.10203
54100 3.10294
54200 3.10384
54300 3.10474
54400 3.10563
54500 3.10652
54600 3.10741
54700 3.10829
54800 3.10917
54900 3.11004
55000 3.11091
55000 3.11091
55100 3.11178
55200 3.11264
55290 3.11342
55290 3.11342
55296 3.11027
55296 3.11027
55300 3.11031
55400 3.11118
55500 3.11204
55600 3.1129
55700 3.11376
55800 3.11461
55900 3.11546
56000 3.11631
56000 3.11631
56100 3.11715
56200 3.11798
56300 3.11882
56400 3.11965
56500 3.12047
56600 3.1213
56700 3.12211
56800 3.12293
56900 3.12374
57000 3.12455
57000 3.12455
57100 3.12535
57200 3.12615
57300 3.12695
57338 3.12725
57338 3.12725
57344 3.12409
57344 3.12409
57346 3.1183
57346 3.1183
57346 3.1183
57346 3.1183
57400 3.11875
57500 3.11958
57600 3.12041
57700 3.12123
57800 3.12205
57900 3.12286
58000 3.12368
58000 3.12368
58100 3.12448
58200 3.12529
58300 3.12609
58400 3.12688
58500 3.12768
58600 3.12847
58700 3.12925
58800 3.13003
58900 3.13081
59000 3.13159
59000 3.13159
59100 3.13236
59200 3.13312
59300 3.13389
59386 3.13455
59386 3.13455
59392 3.13137
59392 3.13137
59394 3.126
59394 3.126
59394 3.126
59394 3.126
59400 3.12605
59500 3.12684
59600 3.12764
59700 3.12842
59800 3.12921
59900 3.12999
60000 3.13077
60000 3.13077
60082 3.13141
60082 3.13141
60082 3.13141
60082 3.13141
60082 3.13141
60089 3.08929
60089 3.08929
60090 3.0892
60090 3.0892
60091 3.0866
60091 3.0866
60091 3.0866
60091 3.0866
60100 3.08669
60200 3.08767
60300 3.08864
60400 3.08961
60500 3.09057
60600 3.09153
60700 3.09249
60800 3.09344
60900 3.09438
61000 3.09532
61000 3.09532
61100 3.09626
61200 3.09719
61300 3.09812
61400 3.09905
61434 3.09936
61434 3.09936
61440 3.09624
61440 3.09624
61442 3.0902
61442 3.0902
61442 3.0902
61442 3.0902
61500 3.09075
61600 3.09171
61700 3.09266
61800 3.09361
61900 3.09456
62000 3.0955
62000 3.0955
62100 3.09644
62200 3.09737
62300 3.0983
62400 3.09922
62500 3.10014
62600 3.10105
62700 3.10196
62800 3.10287
62900 3.10377
63000 3.10467
63000 3.10467
63100 3.10557
63200 3.10646
63300 3.10734
63400 3.10823
63482 3.10895
63482 3.10895
63488 3.10581
63488 3.10581
63500 3.10592
63600 3.10681
63700 3.10769
63800 3.10857
63900 3.10945
