0 3.03099
0 3.03099
0 3.03099
2 3.03099
2 3.03099
100 3.03099
200 3.03099
300 3.03099
400 3.03099
500 3.03099
600 3.03099
700 3.03099
800 3.03099
900 3.03099
1000 3.03099
1000 3.03099
1100 3.03099
1200 3.03099
1300 3.03099
1400 3.03099
1500 3.03099
1600 3.03099
1700 3.03099
1800 3.03099
1900 3.03099
2000 3.03099
2000 3.03099
2048 3.03099
2048 3.03099
2050 3.03099
2050 3.03099
2100 3.03099
2200 3.03099
2300 3.03099
2400 3.03099
2500 3.03099
2600 3.03099
2700 3.03099
2800 3.03099
2900 3.03099
3000 3.03099
3000 3.03099
3100 3.03099
3200 3.03099
3300 3.03099
3400 3.03099
3500 3.03099
3600 3.03099
3700 3.03099
3800 3.03099
3900 3.03099
4000 3.03099
4000 3.03099
4096 3.03099
4096 3.03099
4098 3.03099
4098 3.03099
4100 3.03099
4200 3.03099
4300 3.03099
4400 3.03099
4500 3.03099
4502 3.03099
4502 3.03099
4504 3.03099
4504 3.03099
4504 3.03099
4504 3.03099
4505 3.03099
4505 3.03099
4505 3.03099
4505 3.03099
4506 3.03099
4506 3.03099
4506 3.03099
4506 3.03099
4507 3.03099
4507 3.03099
4600 3.03099
4700 3.03099
4800 3.03099
4900 3.03099
5000 3.03099
5000 3.03099
5100 3.03099
5200 3.03099
5300 3.03099
5400 3.03099
5500 3.03099
5600 3.03099
5700 3.03099
5800 3.03099
5900 3.03099
6000 3.03099
6000 3.03099
6100 3.03099
6144 3.03099
6144 3.03099
6146 3.01371
6146 3.01371
6146 3.01371
6146 3.01371
6200 3.01607
6300 3.02038
6400 3.02462
6500 3.0288
6600 3.03292
6700 3.03698
6800 3.04097
6900 3.04491
7000 3.04878
7000 3.04878
7100 3.05259
7200 3.05635
7300 3.06005
7400 3.06369
7500 3.06728
7600 3.07082
7700 3.0743
7800 3.07772
7900 3.0811
8000 3.08442
8000 3.08442
8100 3.08769
8186 3.09048
8186 3.09048
8192 3.08011
8192 3.08011
8194 3.06117
8194 3.06117
8194 3.06117
8194 3.06117
8200 3.06138
8300 3.065
8400 3.06857
8500 3.07208
8600 3.07555
8700 3.07895
8800 3.08231
8900 3.08562
9000 3.08887
9000 3.08887
9100 3.09208
9200 3.09523
9300 3.09834
9400 3.1014
9500 3.10442
9600 3.10739
9700 3.11031
9800 3.11319
9900 3.11603
10000 3.11882
10000 3.11882
10082 3.1211
10082 3.1211
10082 3.1211
10082 3.1211
10082 3.1211
10089 2.98341
10089 2.98341
10090 2.98313
10090 2.98313
10091 2.97479
10091 2.97479
10091 2.97479
10091 2.97479
10100 2.97523
10200 2.98016
10234 2.98184
10234 2.98184
10240 2.97194
10240 2.97194
10242 2.95502
10242 2.95502
10242 2.95502
10242 2.95502
10300 2.95806
10400 2.96326
10500 2.96837
10600 2.97341
10700 2.97837
10800 2.98325
10900 2.98806
11000 2.9928
11000 2.9928
11100 2.99746
11200 3.00206
11300 3.00658
11400 3.01104
11500 3.01542
11600 3.01974
11700 3.024
11800 3.02819
11900 3.03232
12000 3.03638
12000 3.03638
12100 3.04039
12200 3.04433
12282 3.04753
12282 3.04753
12288 3.03735
12288 3.03735
12290 3.01766
12290 3.01766
12290 3.01766
12290 3.01766
12300 3.01808
12400 3.02236
12500 3.02658
12600 3.03073
12700 3.03482
12800 3.03885
12900 3.04281
13000 3.04672
13000 3.04672
13100 3.05056
13200 3.05435
13300 3.05808
13400 3.06175
13500 3.06537
13600 3.06893
13700 3.07244
13800 3.0759
13900 3.0793
14000 3.08265
14000 3.08265
14100 3.08595
14200 3.0892
14300 3.0924
14330 3.09337
14330 3.09337
14336 3.08298
14336 3.08298
14400 3.0851
14500 3.08836
14600 3.09157
14700 3.09474
14800 3.09786
14900 3.10092
15000 3.10395
15000 3.10395
15100 3.10692
15200 3.10986
15300 3.11274
15400 3.11559
15500 3.11839
15600 3.12114
15700 3.12386
15800 3.12653
15900 3.12917
16000 3.13176
16000 3.13176
16100 3.13431
16200 3.13683
16300 3.13931
16378 3.14122
16378 3.14122
16384 3.13064
16384 3.13064
16386 3.11136
16386 3.11136
16386 3.11136
16386 3.11136
16400 3.11176
16500 3.11462
16600 3.11743
16700 3.12021
16800 3.12294
16900 3.12562
17000 3.12827
17000 3.12827
17100 3.13088
17200 3.13345
17300 3.13597
17400 3.13846
17500 3.14092
17600 3.14333
17700 3.14571
17800 3.14805
17900 3.15036
18000 3.15263
18000 3.15263
18100 3.15487
18200 3.15707
18300 3.15924
18400 3.16138
18426 3.16194
18426 3.16194
18432 3.15126
18432 3.15126
18434 3.13326
18434 3.13326
18434 3.13326
18434 3.13326
18500 3.13494
18600 3.13744
18700 3.13991
18800 3.14234
18900 3.14473
19000 3.14709
19000 3.14709
19100 3.14941
19200 3.1517
19300 3.15395
19400 3.15617
19500 3.15835
19600 3.1605
19700 3.16262
19800 3.16471
19900 3.16676
20000 3.16878
20000 3.16878
20082 3.17043
20082 3.17043
20082 3.17043
20082 3.17043
20082 3.17043
20089 3.03051
20089 3.03051
20090 3.03022
20090 3.03022
20091 3.02174
20091 3.02174
20091 3.02174
20091 3.02174
20100 3.02212
20200 3.02634
20300 3.03049
20400 3.03459
20474 3.03759
20474 3.03759
20480 3.02745
20480 3.02745
20482 3.00783
20482 3.00783
20482 3.00783
20482 3.00783
20500 3.00862
20600 3.01305
20700 3.01741
20800 3.0217
20900 3.02592
21000 3.03008
21000 3.03008
21100 3.03418
21200 3.03822
21300 3.04219
21400 3.04611
21500 3.04996
21600 3.05376
21700 3.0575
21800 3.06118
21900 3.06481
22000 3.06838
22000 3.06838
22100 3.0719
22200 3.07536
22300 3.07877
22400 3.08213
22500 3.08544
22522 3.08617
22522 3.08617
22528 3.07582
22528 3.07582
22600 3.07828
22700 3.08164
22800 3.08496
22900 3.08822
23000 3.09144
23000 3.09144
23100 3.09461
23200 3.09773
23300 3.1008
23400 3.10382
23500 3.1068
23600 3.10973
23700 3.11262
23800 3.11547
23900 3.11827
24000 3.12103
24000 3.12103
24100 3.12374
24200 3.12642
24300 3.12906
24400 3.13165
24500 3.13421
24570 3.13598
24570 3.13598
24576 3.12542
24576 3.12542
24578 3.10618
24578 3.10618
24578 3.10618
24578 3.10618
24600 3.10682
24700 3.10976
24800 3.11265
24900 3.11549
25000 3.11829
25000 3.11829
25100 3.12105
25200 3.12377
25300 3.12644
25400 3.12908
25500 3.13167
25600 3.13423
25700 3.13675
25800 3.13922
25900 3.14167
26000 3.14407
26000 3.14407
26100 3.14644
26200 3.14877
26300 3.15106
26400 3.15333
26500 3.15555
26600 3.15775
26618 3.15815
26618 3.15815
26624 3.14749
26624 3.14749
26626 3.12951
26626 3.12951
26626 3.12951
26626 3.12951
26700 3.13143
26800 3.13399
26900 3.13651
27000 3.13899
27000 3.13899
27100 3.14143
27200 3.14384
27300 3.14621
27400 3.14855
27500 3.15085
27600 3.15311
27700 3.15534
27800 3.15754
27900 3.1597
28000 3.16183
28000 3.16183
28100 3.16393
28200 3.16599
28300 3.16803
28400 3.17003
28500 3.172
28600 3.17395
28666 3.17522
28666 3.17522
28672 3.16449
28672 3.16449
28674 3.14499
28674 3.14499
28674 3.14499
28674 3.14499
28700 3.1456
28800 3.14795
28900 3.15026
29000 3.15253
29000 3.15253
29100 3.15477
29200 3.15697
29300 3.15915
29400 3.16128
29500 3.16339
29600 3.16546
29700 3.16751
29800 3.16952
29900 3.1715
30000 3.17345
30000 3.17345
30082 3.17504
30082 3.17504
30082 3.17504
30082 3.17504
30082 3.17504
30089 3.03491
30089 3.03491
30090 3.03462
30090 3.03462
30091 3.02613
30091 3.02613
30091 3.02613
30091 3.02613
30100 3.0265
30200 3.03065
30300 3.03474
30400 3.03877
30500 3.04274
30600 3.04664
30700 3.05049
30714 3.05104
30714 3.05104
30720 3.04084
30720 3.04084
30722 3.0235
30722 3.0235
30722 3.0235
30722 3.0235
30800 3.02678
30900 3.03093
31000 3.03502
31000 3.03502
31100 3.03904
31200 3.043
31300 3.04691
31400 3.05075
31500 3.05453
31600 3.05826
31700 3.06193
31800 3.06555
31900 3.06911
32000 3.07261
32000 3.07261
32100 3.07606
32200 3.07946
32300 3.08281
32400 3.08611
32500 3.08936
32600 3.09256
32700 3.09571
32762 3.09765
32762 3.09765
32768 3.08725
32768 3.08725
32770 3.06722
32770 3.06722
32770 3.06722
32770 3.06722
32800 3.06828
32900 3.0718
33000 3.07526
33000 3.07526
33100 3.07867
33200 3.08203
33300 3.08534
33400 3.0886
33500 3.09181
33600 3.09497
33700 3.09809
33800 3.10115
33900 3.10417
34000 3.10715
34000 3.10715
34100 3.11007
34200 3.11296
34300 3.1158
34400 3.11859
34500 3.12135
34600 3.12406
34700 3.12673
34800 3.12936
34810 3.12963
34810 3.12963
34816 3.1191
34816 3.1191
34900 3.12141
35000 3.12412
35000 3.12412
35100 3.12679
35200 3.12942
35300 3.13201
35400 3.13456
35500 3.13707
35600 3.13954
35700 3.14198
35800 3.14438
35900 3.14674
36000 3.14907
36000 3.14907
36100 3.15136
36200 3.15362
36300 3.15584
36400 3.15803
36500 3.16018
36600 3.16231
36700 3.1644
36800 3.16646
36858 3.16764
36858 3.16764
36864 3.15694
36864 3.15694
36866 3.1375
36866 3.1375
36866 3.1375
36866 3.1375
36900 3.13834
37000 3.14079
37000 3.14079
37100 3.14321
37200 3.14559
37300 3.14793
37400 3.15024
37500 3.15251
37600 3.15475
37700 3.15696
37800 3.15913
37900 3.16127
38000 3.16338
38000 3.16338
38100 3.16545
38200 3.16749
38300 3.1695
38400 3.17148
38500 3.17344
38600 3.17536
38700 3.17725
38800 3.17911
38900 3.18095
38906 3.18106
38906 3.18106
38912 3.17031
38912 3.17031
38914 3.15219
38914 3.15219
38914 3.15219
38914 3.15219
39000 3.15412
39000 3.15412
39100 3.15634
39200 3.15852
39300 3.16067
39400 3.16278
39500 3.16486
39600 3.16692
39700 3.16894
39800 3.17093
39900 3.17289
40000 3.17481
40000 3.17481
40082 3.17639
40082 3.17639
40082 3.17639
40082 3.17639
40082 3.17639
40089 3.0362
40089 3.0362
40090 3.03591
40090 3.03591
40091 3.02741
40091 3.02741
40091 3.02741
40091 3.02741
40100 3.02778
40200 3.03192
40300 3.03599
40400 3.04
40500 3.04394
40600 3.04783
40700 3.05166
40800 3.05543
40900 3.05914
40954 3.06114
40954 3.06114
40960 3.0509
40960 3.0509
40962 3.03112
40962 3.03112
40962 3.03112
40962 3.03112
41000 3.03267
41000 3.03267
41100 3.03673
41200 3.04073
41300 3.04466
41400 3.04854
41500 3.05236
41600 3.05612
41700 3.05982
41800 3.06347
41900 3.06706
42000 3.0706
42000 3.0706
42100 3.07408
42200 3.07751
42300 3.08089
42400 3.08422
42500 3.08749
42600 3.09072
42700 3.0939
42800 3.09703
42900 3.10011
43000 3.10314
43000 3.10314
43002 3.10321
43002 3.10321
43008 3.09279
43008 3.09279
43100 3.09569
43200 3.09879
43300 3.10184
43400 3.10485
43500 3.10782
43600 3.11073
43700 3.11361
43800 3.11644
43900 3.11922
44000 3.12197
44000 3.12197
44100 3.12467
44200 3.12733
44300 3.12996
44400 3.13254
44500 3.13508
44600 3.13758
44700 3.14005
44800 3.14248
44900 3.14487
45000 3.14722
45000 3.14722
45050 3.1484
45050 3.1484
45056 3.13778
45056 3.13778
45058 3.11846
45058 3.11846
45058 3.11846
45058 3.11846
45100 3.11962
45200 3.12236
45300 3.12505
45400 3.12771
45500 3.13033
45600 3.1329
45700 3.13544
45800 3.13794
45900 3.1404
46000 3.14282
46000 3.14282
46100 3.14521
46200 3.14756
46300 3.14987
46400 3.15215
46500 3.1544
46600 3.15661
46700 3.15878
46800 3.16093
46900 3.16304
47000 3.16512
47000 3.16512
47098 3.16713
47098 3.16713
47100 3.16409
47104 3.15644
47104 3.15644
47106 3.1384
47106 3.1384
47106 3.1384
47106 3.1384
47200 3.14071
47300 3.14313
47400 3.14551
47500 3.14785
47600 3.15016
47700 3.15244
47800 3.15468
47900 3.15689
48000 3.15906
48000 3.15906
48100 3.1612
48200 3.16331
48300 3.16538
48400 3.16742
48500 3.16944
48600 3.17142
48700 3.17337
48800 3.17529
48900 3.17719
49000 3.17905
49000 3.17905
49100 3.18089
49146 3.18173
49146 3.18173
49152 3.17097
49152 3.17097
49154 3.15143
49154 3.15143
49154 3.15143
49154 3.15143
49200 3.15247
49300 3.15471
49400 3.15692
49500 3.15909
49600 3.16123
49700 3.16333
49800 3.16541
49900 3.16745
50000 3.16946
50000 3.16946
50082 3.1711
50082 3.1711
50082 3.1711
50082 3.1711
50082 3.1711
50089 3.03115
50089 3.03115
50090 3.03086
50090 3.03086
50091 3.02238
50091 3.02238
50091 3.02238
50091 3.02238
50100 3.02276
50200 3.02697
50300 3.03112
50400 3.0352
50500 3.03922
50600 3.04318
50700 3.04708
50800 3.05092
50900 3.0547
51000 3.05843
51000 3.05843
51100 3.06209
51194 3.06551
51194 3.06551
51200 3.05524
51200 3.05524
51200 3.05524
51202 3.03782
51202 3.03782
51202 3.03782
51202 3.03782
51300 3.04172
51400 3.04564
51500 3.04951
51600 3.05331
51700 3.05706
51800 3.06074
51900 3.06438
52000 3.06795
52000 3.06795
52100 3.07148
52200 3.07495
52300 3.07837
52400 3.08173
52500 3.08504
52600 3.08831
52700 3.09152
52800 3.09469
52900 3.09781
53000 3.10088
53000 3.10088
53100 3.1039
53200 3.10688
53242 3.10813
53242 3.10813
53248 3.09768
53248 3.09768
53250 3.07758
53250 3.07758
53250 3.07758
53250 3.07758
53300 3.07927
53400 3.08262
53500 3.08592
53600 3.08917
53700 3.09237
53800 3.09553
53900 3.09863
54000 3.10169
54000 3.10169
54100 3.1047
54200 3.10766
54300 3.11058
54400 3.11346
54500 3.11629
54600 3.11908
54700 3.12183
54800 3.12453
54900 3.1272
55000 3.12982
55000 3.12982
55100 3.1324
55200 3.13495
55290 3.13722
55290 3.13722
55296 3.12665
55296 3.12665
55300 3.12675
55400 3.12938
55500 3.13197
55600 3.13453
55700 3.13704
55800 3.13951
55900 3.14195
56000 3.14435
56000 3.14435
56100 3.14671
56200 3.14904
56300 3.15133
56400 3.15359
56500 3.15581
56600 3.158
56700 3.16015
56800 3.16228
56900 3.16437
57000 3.16643
57000 3.16643
57100 3.16846
57200 3.17045
57300 3.17242
57338 3.17317
57338 3.17317
57344 3.16244
57344 3.16244
57346 3.14296
57346 3.14296
57346 3.14296
57346 3.14296
57400 3.14425
57500 3.14661
57600 3.14894
57700 3.15124
57800 3.15349
57900 3.15572
58000 3.15791
58000 3.15791
58100 3.16007
58200 3.16219
58300 3.16428
58400 3.16634
58500 3.16837
58600 3.17037
58700 3.17234
58800 3.17428
58900 3.17618
59000 3.17806
59000 3.17806
59100 3.17992
59200 3.18174
59300 3.18353
59386 3.18506
59386 3.18506
59392 3.17429
59392 3.17429
59394 3.15615
59394 3.15615
59394 3.15615
59394 3.15615
59400 3.15628
59500 3.15846
59600 3.16061
59700 3.16273
59800 3.16481
59900 3.16686
60000 3.16888
60000 3.16888
60082 3.17053
60082 3.17053
60082 3.17053
60082 3.17053
60082 3.17053
60089 3.03061
60089 3.03061
60090 3.03032
60090 3.03032
60091 3.02184
60091 3.02184
60091 3.02184
60091 3.02184
60100 3.02222
60200 3.02643
60300 3.03059
60400 3.03468
60500 3.03871
60600 3.04268
60700 3.04658
60800 3.05043
60900 3.05422
61000 3.05795
61000 3.05795
61100 3.06163
61200 3.06525
61300 3.06881
61400 3.07232
61434 3.07352
61434 3.07352
61440 3.06322
61440 3.06322
61442 3.04336
61442 3.04336
61442 3.04336
61442 3.04336
61500 3.04562
61600 3.04948
61700 3.05328
61800 3.05703
61900 3.06072
62000 3.06435
62000 3.06435
62100 3.06793
62200 3.07145
62300 3.07492
62400 3.07834
62500 3.08171
62600 3.08502
62700 3.08829
62800 3.0915
62900 3.09467
63000 3.09778
63000 3.09778
63100 3.10085
63200 3.10388
63300 3.10685
63400 3.10979
63482 3.11217
63482 3.11217
63488 3.10171
63488 3.10171
63500 3.10207
63600 3.10508
63700 3.10804
63800 3.11095
63900 3.11382
