0 3.03099
0 3.03099
0 3.03099
2 3.03099
2 3.03099
100 3.03099
200 3.03099
300 3.03099
400 3.03099
500 3.03099
600 3.03099
700 3.03099
800 3.03099
900 3.03099
1000 3.03099
1000 3.03099
1100 3.03099
1200 3.03099
1300 3.03099
1400 3.03099
1500 3.03099
1600 3.03099
1700 3.03099
1800 3.03099
1900 3.03099
2000 3.03099
2000 3.03099
2048 3.03099
2048 3.03099
2050 3.03099
2050 3.03099
2100 3.03099
2200 3.03099
2300 3.03099
2400 3.03099
2500 3.03099
2600 3.03099
2700 3.03099
2800 3.03099
2900 3.03099
3000 3.03099
3000 3.03099
3100 3.03099
3200 3.03099
3300 3.03099
3400 3.03099
3500 3.03099
3600 3.03099
3700 3.03099
3800 3.03099
3900 3.03099
4000 3.03099
4000 3.03099
4096 3.03099
4096 3.03099
4098 3.03099
4098 3.03099
4100 3.03099
4200 3.03099
4300 3.03099
4400 3.03099
4500 3.03099
4502 3.03099
4502 3.03099
4504 3.03099
4504 3.03099
4504 3.03099
4504 3.03099
4505 3.03099
4505 3.03099
4505 3.03099
4505 3.03099
4506 3.03099
4506 3.03099
4506 3.03099
4506 3.03099
4507 3.03099
4507 3.03099
4600 3.03099
4700 3.03099
4800 3.03099
4900 3.03099
5000 3.03099
5000 3.03099
5100 3.03099
5200 3.03099
5300 3.03099
5400 3.03099
5500 3.03099
5600 3.03099
5700 3.03099
5800 3.03099
5900 3.03099
6000 3.03099
6000 3.03099
6100 3.03099
6144 3.03099
6144 3.03099
6146 3.01366
6146 3.01366
6146 3.01366
6146 3.01366
6200 3.0146
6300 3.01634
6400 3.01807
6500 3.01979
6600 3.0215
6700 3.0232
6800 3.02489
6900 3.02657
7000 3.02824
7000 3.02824
7100 3.02989
7200 3.03154
7300 3.03318
7400 3.03481
7500 3.03642
7600 3.03803
7700 3.03963
7800 3.04122
7900 3.0428
8000 3.04437
8000 3.04437
8100 3.04593
8186 3.04726
8186 3.04726
8192 3.03695
8192 3.03695
8194 3.01823
8194 3.01823
8194 3.01823
8194 3.01823
8200 3.01833
8300 3.02005
8400 3.02175
8500 3.02345
8600 3.02514
8700 3.02681
8800 3.02848
8900 3.03014
9000 3.03178
9000 3.03178
9100 3.03342
9200 3.03505
9300 3.03666
9400 3.03827
9500 3.03986
9600 3.04145
9700 3.04303
9800 3.0446
9900 3.04615
10000 3.0477
10000 3.0477
10082 3.04897
10082 3.04897
10082 3.04897
10082 3.04897
10082 3.04897
10089 2.91434
10089 2.91434
10090 2.91406
10090 2.91406
10091 2.90589
10091 2.90589
10091 2.90589
10091 2.90589
10100 2.90611
10200 2.90851
10234 2.90933
10234 2.90933
10240 2.89953
10240 2.89953
10242 2.88298
10242 2.88298
10242 2.88298
10242 2.88298
10300 2.88445
10400 2.88699
10500 2.88951
10600 2.89201
10700 2.8945
10800 2.89697
10900 2.89943
11000 2.90188
11000 2.90188
11100 2.90431
11200 2.90672
11300 2.90912
11400 2.9115
11500 2.91387
11600 2.91623
11700 2.91857
11800 2.9209
11900 2.92321
12000 2.92551
12000 2.92551
12100 2.92779
12200 2.93007
12282 2.93193
12282 2.93193
12288 2.92204
12288 2.92204
12290 2.90307
12290 2.90307
12290 2.90307
12290 2.90307
12300 2.9033
12400 2.90572
12500 2.90813
12600 2.91052
12700 2.9129
12800 2.91526
12900 2.91761
13000 2.91994
13000 2.91994
13100 2.92226
13200 2.92456
13300 2.92685
13400 2.92913
13500 2.93139
13600 2.93364
13700 2.93588
13800 2.9381
13900 2.9403
14000 2.9425
14000 2.9425
14100 2.94468
14200 2.94685
14300 2.949
14330 2.94965
14330 2.94965
14336 2.9397
14336 2.9397
14400 2.94111
14500 2.9433
14600 2.94548
14700 2.94764
14800 2.94979
14900 2.95193
15000 2.95405
15000 2.95405
15100 2.95616
15200 2.95826
15300 2.96034
15400 2.96241
15500 2.96447
15600 2.96652
15700 2.96856
15800 2.97058
15900 2.97259
16000 2.97458
16000 2.97458
16100 2.97657
16200 2.97854
16300 2.9805
16378 2.98203
16378 2.98203
16384 2.97196
16384 2.97196
16386 2.95365
16386 2.95365
16386 2.95365
16386 2.95365
16400 2.95394
16500 2.95605
16600 2.95815
16700 2.96024
16800 2.96231
16900 2.96437
17000 2.96642
17000 2.96642
17100 2.96845
17200 2.97048
17300 2.97249
17400 2.97448
17500 2.97647
17600 2.97844
17700 2.98041
17800 2.98235
17900 2.98429
18000 2.98622
18000 2.98622
18100 2.98813
18200 2.99004
18300 2.99193
18400 2.99381
18426 2.9943
18426 2.9943
18432 2.98418
18432 2.98418
18434 2.96713
18434 2.96713
18434 2.96713
18434 2.96713
18500 2.96847
18600 2.97049
18700 2.9725
18800 2.9745
18900 2.97648
19000 2.97846
19000 2.97846
19100 2.98042
19200 2.98237
19300 2.98431
19400 2.98623
19500 2.98815
19600 2.99005
19700 2.99194
19800 2.99382
19900 2.99569
20000 2.99754
20000 2.99754
20082 2.99907
20082 2.99907
20082 2.99907
20082 2.99907
20082 2.99907
20089 2.86667
20089 2.86667
20090 2.86639
20090 2.86639
20091 2.85835
20091 2.85835
20091 2.85835
20091 2.85835
20100 2.8586
20200 2.86129
20300 2.86397
20400 2.86663
20474 2.8686
20474 2.8686
20480 2.85895
20480 2.85895
20482 2.8404
20482 2.8404
20482 2.8404
20482 2.8404
20500 2.84089
20600 2.84369
20700 2.84648
20800 2.84925
20900 2.852
21000 2.85473
21000 2.85473
21100 2.85745
21200 2.86015
21300 2.86283
21400 2.8655
21500 2.86815
21600 2.87078
21700 2.8734
21800 2.876
21900 2.87859
22000 2.88116
22000 2.88116
22100 2.88372
22200 2.88626
22300 2.88878
22400 2.89129
22500 2.89378
22522 2.89434
22522 2.89434
22528 2.8846
22528 2.8846
22600 2.88642
22700 2.88895
22800 2.89145
22900 2.89395
23000 2.89642
23000 2.89642
23100 2.89889
23200 2.90133
23300 2.90377
23400 2.90618
23500 2.90859
23600 2.91097
23700 2.91335
23800 2.91571
23900 2.91805
24000 2.92038
24000 2.92038
24100 2.9227
24200 2.925
24300 2.92729
24400 2.92956
24500 2.93182
24570 2.9334
24570 2.9334
24576 2.92351
24576 2.92351
24578 2.90551
24578 2.90551
24578 2.90551
24578 2.90551
24600 2.90604
24700 2.90844
24800 2.91083
24900 2.9132
25000 2.91556
25000 2.91556
25100 2.91791
25200 2.92024
25300 2.92256
25400 2.92486
25500 2.92715
25600 2.92942
25700 2.93168
25800 2.93393
25900 2.93616
26000 2.93838
26000 2.93838
26100 2.94059
26200 2.94278
26300 2.94496
26400 2.94713
26500 2.94928
26600 2.95142
26618 2.95181
26618 2.95181
26624 2.94185
26624 2.94185
26626 2.92505
26626 2.92505
26626 2.92505
26626 2.92505
26700 2.92674
26800 2.92902
26900 2.93128
27000 2.93353
27000 2.93353
27100 2.93577
27200 2.93799
27300 2.9402
27400 2.94239
27500 2.94457
27600 2.94674
27700 2.9489
27800 2.95104
27900 2.95317
28000 2.95528
28000 2.95528
28100 2.95739
28200 2.95948
28300 2.96155
28400 2.96362
28500 2.96567
28600 2.96771
28666 2.96906
28666 2.96906
28672 2.95903
28672 2.95903
28674 2.94081
28674 2.94081
28674 2.94081
28674 2.94081
28700 2.94137
28800 2.94356
28900 2.94573
29000 2.9479
29000 2.9479
29100 2.95004
29200 2.95218
29300 2.9543
29400 2.95641
29500 2.95851
29600 2.96059
29700 2.96266
29800 2.96472
29900 2.96676
30000 2.9688
30000 2.9688
30082 2.97047
30082 2.97047
30082 2.97047
30082 2.97047
30082 2.97047
30089 2.83934
30089 2.83934
30090 2.83907
30090 2.83907
30091 2.83111
30091 2.83111
30091 2.83111
30091 2.83111
30100 2.83137
30200 2.83423
30300 2.83707
30400 2.83989
30500 2.8427
30600 2.84549
30700 2.84826
30714 2.84866
30714 2.84866
30720 2.83909
30720 2.83909
30722 2.82288
30722 2.82288
30722 2.82288
30722 2.82288
30800 2.82516
30900 2.82805
31000 2.83093
31000 2.83093
31100 2.83379
31200 2.83664
31300 2.83947
31400 2.84228
31500 2.84507
31600 2.84784
31700 2.8506
31800 2.85334
31900 2.85607
32000 2.85878
32000 2.85878
32100 2.86147
32200 2.86415
32300 2.8668
32400 2.86945
32500 2.87207
32600 2.87469
32700 2.87728
32762 2.87889
32762 2.87889
32768 2.86921
32768 2.86921
32770 2.85059
32770 2.85059
32770 2.85059
32770 2.85059
32800 2.8514
32900 2.85414
33000 2.85686
33000 2.85686
33100 2.85956
33200 2.86225
33300 2.86492
33400 2.86757
33500 2.87021
33600 2.87284
33700 2.87544
33800 2.87803
33900 2.88061
34000 2.88316
34000 2.88316
34100 2.88571
34200 2.88824
34300 2.89075
34400 2.89324
34500 2.89573
34600 2.89819
34700 2.90064
34800 2.90308
34810 2.90333
34810 2.90333
34816 2.89356
34816 2.89356
34900 2.89564
35000 2.89811
35000 2.89811
35100 2.90056
35200 2.903
35300 2.90542
35400 2.90783
35500 2.91022
35600 2.9126
35700 2.91496
35800 2.91731
35900 2.91964
36000 2.92196
36000 2.92196
36100 2.92427
36200 2.92656
36300 2.92884
36400 2.93111
36500 2.93336
36600 2.93559
36700 2.93782
36800 2.94003
36858 2.94131
36858 2.94131
36864 2.93139
36864 2.93139
36866 2.91334
36866 2.91334
36866 2.91334
36866 2.91334
36900 2.91414
37000 2.91649
37000 2.91649
37100 2.91883
37200 2.92115
37300 2.92347
37400 2.92576
37500 2.92805
37600 2.93032
37700 2.93257
37800 2.93481
37900 2.93704
38000 2.93925
38000 2.93925
38100 2.94146
38200 2.94364
38300 2.94582
38400 2.94798
38500 2.95013
38600 2.95226
38700 2.95438
38800 2.95649
38900 2.95859
38906 2.95872
38906 2.95872
38912 2.94873
38912 2.94873
38914 2.93189
38914 2.93189
38914 2.93189
38914 2.93189
39000 2.93382
39000 2.93382
39100 2.93605
39200 2.93827
39300 2.94048
39400 2.94267
39500 2.94485
39600 2.94702
39700 2.94917
39800 2.95131
39900 2.95344
40000 2.95556
40000 2.95556
40082 2.95729
40082 2.95729
40082 2.95729
40082 2.95729
40082 2.95729
40089 2.82675
40089 2.82675
40090 2.82648
40090 2.82648
40091 2.81856
40091 2.81856
40091 2.81856
40091 2.81856
40100 2.81882
40200 2.82176
40300 2.82468
40400 2.82758
40500 2.83046
40600 2.83333
40700 2.83617
40800 2.839
40900 2.84182
40954 2.84334
40954 2.84334
40960 2.83379
40960 2.83379
40962 2.8154
40962 2.8154
40962 2.8154
40962 2.8154
41000 2.81652
41000 2.81652
41100 2.81947
41200 2.8224
41300 2.82531
41400 2.82821
41500 2.83109
41600 2.83395
41700 2.83679
41800 2.83962
41900 2.84243
42000 2.84522
42000 2.84522
42100 2.84799
42200 2.85075
42300 2.85349
42400 2.85622
42500 2.85893
42600 2.86162
42700 2.86429
42800 2.86695
42900 2.86959
43000 2.87222
43000 2.87222
43002 2.87228
43002 2.87228
43008 2.86262
43008 2.86262
43100 2.86508
43200 2.86773
43300 2.87037
43400 2.87299
43500 2.87559
43600 2.87818
43700 2.88076
43800 2.88331
43900 2.88586
44000 2.88838
44000 2.88838
44100 2.89089
44200 2.89339
44300 2.89587
44400 2.89834
44500 2.90079
44600 2.90322
44700 2.90564
44800 2.90805
44900 2.91044
45000 2.91282
45000 2.91282
45050 2.91401
45050 2.91401
45056 2.90419
45056 2.90419
45058 2.88631
45058 2.88631
45058 2.88631
45058 2.88631
45100 2.88737
45200 2.88989
45300 2.89239
45400 2.89487
45500 2.89735
45600 2.8998
45700 2.90224
45800 2.90467
45900 2.90708
46000 2.90948
46000 2.90948
46100 2.91186
46200 2.91423
46300 2.91658
46400 2.91892
46500 2.92125
46600 2.92356
46700 2.92586
46800 2.92814
46900 2.93041
47000 2.93266
47000 2.93266
47098 2.93487
47098 2.93487
47100 2.93205
47104 2.92497
47104 2.92497
47106 2.90826
47106 2.90826
47106 2.90826
47106 2.90826
47200 2.91051
47300 2.91289
47400 2.91525
47500 2.9176
47600 2.91993
47700 2.92225
47800 2.92455
47900 2.92684
48000 2.92912
48000 2.92912
48100 2.93138
48200 2.93363
48300 2.93587
48400 2.93809
48500 2.9403
48600 2.94249
48700 2.94467
48800 2.94684
48900 2.94899
49000 2.95113
49000 2.95113
49100 2.95326
49146 2.95425
49146 2.95425
49152 2.94428
49152 2.94428
49154 2.92614
49154 2.92614
49154 2.92614
49154 2.92614
49200 2.92719
49300 2.92946
49400 2.93172
49500 2.93397
49600 2.9362
49700 2.93842
49800 2.94063
49900 2.94282
50000 2.945
50000 2.945
50082 2.94679
50082 2.94679
50082 2.94679
50082 2.94679
50082 2.94679
50089 2.81672
50089 2.81672
50090 2.81645
50090 2.81645
50091 2.80856
50091 2.80856
50091 2.80856
50091 2.80856
50100 2.80883
50200 2.81182
50300 2.8148
50400 2.81776
50500 2.82071
50600 2.82363
50700 2.82654
50800 2.82943
50900 2.8323
51000 2.83515
51000 2.83515
51100 2.83799
51194 2.84065
51194 2.84065
51200 2.83111
51200 2.83111
51200 2.83111
51202 2.81495
51202 2.81495
51202 2.81495
51202 2.81495
51300 2.81785
51400 2.82079
51500 2.82371
51600 2.82662
51700 2.82951
51800 2.83238
51900 2.83523
52000 2.83807
52000 2.83807
52100 2.84089
52200 2.84369
52300 2.84647
52400 2.84924
52500 2.85199
52600 2.85472
52700 2.85744
52800 2.86014
52900 2.86282
53000 2.86549
53000 2.86549
53100 2.86814
53200 2.87078
53242 2.87189
53242 2.87189
53248 2.86223
53248 2.86223
53250 2.84365
53250 2.84365
53250 2.84365
53250 2.84365
53300 2.84504
53400 2.84782
53500 2.85057
53600 2.85332
53700 2.85604
53800 2.85875
53900 2.86144
54000 2.86412
54000 2.86412
54100 2.86678
54200 2.86942
54300 2.87205
54400 2.87466
54500 2.87725
54600 2.87983
54700 2.8824
54800 2.88494
54900 2.88748
55000 2.88999
55000 2.88999
55100 2.89249
55200 2.89498
55290 2.89722
55290 2.89722
55296 2.88746
55296 2.88746
55300 2.88756
55400 2.89008
55500 2.89258
55600 2.89507
55700 2.89754
55800 2.89999
55900 2.90243
56000 2.90486
56000 2.90486
56100 2.90727
56200 2.90966
56300 2.91205
56400 2.91441
56500 2.91677
56600 2.9191
56700 2.92143
56800 2.92374
56900 2.92603
57000 2.92831
57000 2.92831
57100 2.93058
57200 2.93283
57300 2.93507
57338 2.93593
57338 2.93593
57344 2.92603
57344 2.92603
57346 2.90801
57346 2.90801
57346 2.90801
57346 2.90801
57400 2.9093
57500 2.91168
57600 2.91405
57700 2.91641
57800 2.91875
57900 2.92107
58000 2.92339
58000 2.92339
58100 2.92568
58200 2.92797
58300 2.93024
58400 2.93249
58500 2.93474
58600 2.93696
58700 2.93918
58800 2.94138
58900 2.94357
59000 2.94574
59000 2.94574
59100 2.9479
59200 2.95005
59300 2.95219
59386 2.95402
59386 2.95402
59392 2.94405
59392 2.94405
59394 2.92723
59394 2.92723
59394 2.92723
59394 2.92723
59400 2.92737
59500 2.92964
59600 2.9319
59700 2.93415
59800 2.93638
59900 2.9386
60000 2.9408
60000 2.9408
60082 2.94262
60082 2.94262
60082 2.94262
60082 2.94262
60082 2.94262
60089 2.81273
60089 2.81273
60090 2.81246
60090 2.81246
60091 2.80458
60091 2.80458
60091 2.80458
60091 2.80458
60100 2.80485
60200 2.80787
60300 2.81088
60400 2.81386
60500 2.81683
60600 2.81977
60700 2.8227
60800 2.82562
60900 2.82851
61000 2.83139
61000 2.83139
61100 2.83425
61200 2.83709
61300 2.83991
61400 2.84272
61434 2.84368
61434 2.84368
61440 2.83413
61440 2.83413
61442 2.81574
61442 2.81574
61442 2.81574
61442 2.81574
61500 2.81745
61600 2.82039
61700 2.82332
61800 2.82623
61900 2.82912
62000 2.83199
62000 2.83199
62100 2.83485
62200 2.83768
62300 2.8405
62400 2.84331
62500 2.84609
62600 2.84886
62700 2.85162
62800 2.85435
62900 2.85707
63000 2.85977
63000 2.85977
63100 2.86246
63200 2.86513
63300 2.86778
63400 2.87042
63482 2.87258
63482 2.87258
63488 2.86292
63488 2.86292
63500 2.86324
63600 2.8659
63700 2.86855
63800 2.87119
63900 2.8738
